 1 0.1784164131000873 
 2 0.08537694304543723 
 3 0.13640228216271713 
 4 0.10916317654592612 
 5 0.11507401666231443 
 6 0.07766834621994387 
 7 0.13772745324212818 
 8 0.08146979940095223 
 9 0.0490417058780357 
10 0.04671642231911647 
11 0.16046763531274963 
12 0.05474594847026487 
13 0.08556556888288724 
14 0.1177496197794932 
15 0.1169718464332806 
16 0.2598504586176425 
17 0.15013716244334332 
18 0.19523370838919343 
19 0.18519872150941508 
20 0.21708209008732282 
21 0.08573906323502133 
22 0.15544331606867326 
23 0.06356984201733866 
24 0.08143353362138013 
25 0.2644651740709178 
26 0.26820675771133695 
27 0.05523843258093534 
28 0.1356773228630603 
29 0.09997418180761974 
30 0.1991429008715391 
31 0.14778629782682937 
32 0.148907800475241 
33 0.1154970356937092 
34 0.1734646870411815 
35 0.2587781745148403 
36 0.2294484328446653 
37 0.18766566775611992 
38 0.038735518861601044 
39 0.16747421633848766 
40 0.2869362430631779 
41 0.12238752032020261 
42 0.09317278757335754 
43 0.0894441171546909 
44 0.19930842065279616 
45 0.20497513335111117 
46 0.2225403799057451 
47 0.23187679421425963 
48 0.14350838301263938 
49 0.12820005853585514 
50 0.0775694560143317 
51 0.08307374561000086 
52 0.09959728904230153 
53 0.1483371437643975 
54 0.17286790493514936 
55 0.10272967048347725 
56 0.10816041907973864 
57 0.1325717387759291 
58 0.12547501051178864 
59 0.1415021079680777 
60 0.07414774733009197 
61 0.13615789411887394 
62 0.08906744057017128 
63 0.1758930463521481 
64 0.2457282631369027 
65 0.14816773998137966 
66 0.31657407789998737 
67 0.08330335140005052 
68 0.056961643850175964 
69 0.1709144648645351 
70 0.2864889447756081 
71 0.14854496453843855 
72 0.19102586779124817 
73 0.15883363879093673 
74 0.14124617711356047 
75 0.39296067232833326 
76 0.23891357601177352 
77 0.21234663137492651 
78 0.07948744869569173 
79 0.10573460117225171 
80 0.07991250605951575 
81 0.10109976961022518 
82 0.07356989880297105 
83 0.13075528937668673 
84 0.08739779110632656 
85 0.11177021364907702 
86 0.07930642797124407 
87 0.1232909344817152 
88 0.1083124492067268 
89 0.07719217826144739 
90 0.09790731063292374 
91 0.5062848200462242 
92 0.4854840295123225 
93 0.28949821539564424 
94 0.2062618381564756 
95 0.13448429556650243 
96 0.28017213785216555 
97 0.1710924697253745 
98 0.050172421559016814 
99 0.08932988705233022 
100 0.08815795915847367 
101 0.08406980175060479 
102 0.09212463595216157 
103 0.15282160298637196 
104 0.08271768617913347 
105 0.1443323805329936 
106 0.059801636902231545 
107 0.07514726502496606 
108 0.055952573685008604 
109 0.2639709363282586 
110 0.21068485704575154 
111 0.056195345765523784 
112 0.10008832784185798 
113 0.12776650370030576 
114 0.21179948859460598 
115 0.11640939913485139 
116 0.15795033866334907 
117 0.21275060580762667 
118 0.14575766136088236 
119 0.13111883528391644 
120 0.10805866050202949 
121 0.07638245738964032 
122 0.06413728147372023 
123 0.18852078882109732 
124 0.27743794406595373 
125 0.13101658666465948 
126 0.18563682566389558 
127 0.12045353352672479 
128 0.09248398387988424 
129 0.0842292992026882 
130 0.07903236184415047 
131 0.12362932031987581 
132 0.2572893381037464 
133 0.13767482111353418 
134 0.08082901059437511 
135 0.1828511758173294 
136 0.1438511706923015 
137 0.18780907224403068 
138 0.07854683209650946 
139 0.2013937750190889 
140 0.2798280934532579 
141 0.18717253854937665 
142 0.28987198452806395 
143 0.16109676320224453 
144 0.3722741234905446 
145 0.07439527213717755 
146 0.22612039923175797 
147 0.24986781416029208 
148 0.1046868504478014 
149 0.11071122017176951 
150 0.14813760874639822 
151 0.12318190292235216 
152 0.1271408083788747 
153 0.2705162840988792 
154 0.22550317305104495 
155 0.08223579680900048 
156 0.16377108304172366 
157 0.11397857352786706 
158 0.10405834032917673 
159 0.11612535692238345 
160 0.22751120593073407 
161 0.07127478113297357 
162 0.09467879995166775 
163 0.04528845494762736 
164 0.04189136534441971 
165 0.109579712207878 
166 0.08811211841806667 
167 0.2902184917207731 
168 0.04998290547375554 
169 0.21002105830625653 
170 0.2048728257450059 
171 0.12106162829068878 
172 0.10592683739591852 
173 0.3447531723982558 
174 0.14481059716290862 
175 0.19003098476776134 
176 0.11077736437367917 
177 0.15834880399565754 
178 0.10893305218166369 
179 0.10150753748741534 
180 0.04663458388211231 
181 0.16765741925610725 
182 0.10182338225741344 
183 0.10891650974889422 
184 0.10490235159664257 
185 0.14510496717577787 
186 0.15715302149537394 
187 0.07720705785741484 
188 0.10673122455198882 
189 0.0916936254610291 
190 0.30437596664748323 
191 0.12562198160881294 
192 0.05219392745298695 
193 0.14430825382488985 
194 0.09214033046489788 
195 0.34085750191247527 
196 0.2877713754833371 
197 0.07646728855519372 
198 0.08926434934327547 
199 0.06297937056875184 
200 0.09014739728936741 
