0.001 0.00010879 4 50689.29 2225.66 2831.14 3640.18 4815.83 37176.49 3837553.99 0.00000458 -0.00003267 -0.00010879 -0.00002721 0.00000453 0.00004652 0.00005050 0.00004687 0.00004196 0.00003629 0.00003012 0.00002389 0.00001802 0.00001276 0.00000813 0.00000409 0.00000064 -0.00000226 -0.00000441 0.00000074 0.00001030 0.00000003 -0.00001035 -0.00000144 0.00000189 0.00000323 -0.00002901 -0.00001189 -0.00217433 0.06604 
0.030 0.00123079 5 1506673.09 51716.61 91330.75 115999.35 144498.07 1103128.30 114607978.13 -0.00034074 -0.00116174 -0.00068002 -0.00044382 -0.00027745 -0.00029264 -0.00028141 -0.00026335 -0.00023679 -0.00020409 -0.00016786 -0.00013121 -0.00009689 -0.00006688 -0.00004238 -0.00002380 -0.00001085 -0.00000279 0.00000406 0.00000463 0.00000690 -0.00000192 -0.00000942 -0.00000224 0.00000063 -0.00001408 -0.00048679 -0.00023568 -0.03258159 1.98122 
0.060 0.00237722 5 2997001.07 101176.88 183341.76 239807.64 289450.20 2183224.58 227689273.22 -0.00069362 -0.00230558 -0.00125967 -0.00086776 -0.00056728 -0.00069428 -0.00068263 -0.00064766 -0.00059081 -0.00051644 -0.00043073 -0.00034151 -0.00025613 -0.00018006 -0.00011657 -0.00006699 -0.00003103 -0.00000714 0.00001423 0.00001082 0.00000398 -0.00000351 -0.00000785 -0.00000281 -0.00000068 -0.00003644 -0.00095402 -0.00046658 -0.06416902 3.96244 
0.090 0.00349249 5 4538778.87 130216.18 333811.58 387199.11 440725.14 3246826.84 342809770.41 -0.00100237 -0.00341772 -0.00182915 -0.00129338 -0.00087438 -0.00119027 -0.00118635 -0.00114011 -0.00105735 -0.00094388 -0.00080752 -0.00065870 -0.00050909 -0.00037030 -0.00025025 -0.00015300 -0.00007957 -0.00002827 0.00002323 0.00002120 0.00000214 -0.00000497 -0.00000578 -0.00000314 -0.00000195 -0.00006812 -0.00141854 -0.00070117 -0.09723364 5.94365 
0.120 0.00459738 5 6103182.56 171537.35 487370.62 557178.06 600417.59 4286678.93 457790532.53 -0.00130427 -0.00452070 -0.00239402 -0.00172587 -0.00118923 -0.00171993 -0.00172713 -0.00167200 -0.00156531 -0.00141423 -0.00122883 -0.00102262 -0.00081023 -0.00060620 -0.00042368 -0.00027106 -0.00015215 -0.00006611 0.00002762 0.00003380 0.00000149 -0.00000614 -0.00000342 -0.00000330 -0.00000313 -0.00010429 -0.00188523 -0.00093915 -0.13111578 7.92487 
0.150 0.00567661 5 7672527.12 226473.46 641923.32 748523.45 767387.77 5288219.13 571166009.32 -0.00160061 -0.00559845 -0.00294885 -0.00216034 -0.00150810 -0.00230375 -0.00232428 -0.00226179 -0.00213238 -0.00194421 -0.00170924 -0.00144369 -0.00116564 -0.00089284 -0.00064137 -0.00042490 -0.00025167 -0.00012277 0.00002665 0.00004875 0.00000217 -0.00000695 -0.00000072 -0.00000326 -0.00000420 -0.00014614 -0.00234971 -0.00117912 -0.16565726 9.90609 
0.180 0.00673738 5 9207504.78 289400.43 792157.37 947145.48 932321.10 6246480.40 680923819.02 -0.00190411 -0.00665687 -0.00349720 -0.00259536 -0.00182250 -0.00296181 -0.00299445 -0.00292356 -0.00277089 -0.00254517 -0.00225974 -0.00193271 -0.00158526 -0.00123892 -0.00091299 -0.00062454 -0.00038735 -0.00020606 0.00001643 0.00006613 0.00000516 -0.00000708 0.00000205 -0.00000306 -0.00000510 -0.00019506 -0.00281213 -0.00142188 -0.20082747 11.88731 
0.210 0.00779319 5 10739690.31 345299.01 1001028.71 1156735.50 1084273.19 7152353.90 787602801.76 -0.00221155 -0.00770126 -0.00405555 -0.00302112 -0.00214413 -0.00370422 -0.00375650 -0.00368293 -0.00351220 -0.00325339 -0.00292049 -0.00253272 -0.00211346 -0.00168798 -0.00127985 -0.00090945 -0.00059423 -0.00034466 -0.00001641 0.00008590 0.00001193 -0.00000623 0.00000481 -0.00000257 -0.00000572 -0.00025563 -0.00327753 -0.00167223 -0.23756070 13.86853 
0.240 0.00873777 5 12135534.44 377763.66 1364637.74 1597286.89 1120240.02 7675606.14 869868081.49 -0.00249600 -0.00850374 -0.00484808 -0.00339446 -0.00243699 -0.00445420 -0.00452903 -0.00445591 -0.00427074 -0.00398281 -0.00360665 -0.00316227 -0.00267448 -0.00217135 -0.00168046 -0.00122640 -0.00083062 -0.00050857 -0.00006236 0.00010491 0.00002045 -0.00000487 0.00000728 -0.00000178 -0.00000584 -0.00031961 -0.00374531 -0.00192550 -0.27706851 15.84975 
0.270 0.00999412 5 13365752.65 690047.40 1707388.71 1656149.11 1083558.93 8228608.51 929184848.02 -0.00198546 -0.00956230 -0.00652787 -0.00364123 -0.00261071 -0.00539471 -0.00551137 -0.00544989 -0.00525713 -0.00494263 -0.00452149 -0.00401446 -0.00344766 -0.00285137 -0.00225726 -0.00169535 -0.00119283 -0.00077017 -0.00014804 0.00012820 0.00003522 -0.00000282 0.00000860 -0.00000087 -0.00000541 -0.00040701 -0.00425424 -0.00221050 -0.32973594 17.83096 
0.300 0.01125798 5 14135981.03 799754.60 2025172.57 1778710.52 1059912.20 8472431.14 964989542.02 -0.00130263 -0.01070650 -0.00858031 -0.00383191 -0.00273376 -0.00615004 -0.00630168 -0.00625541 -0.00606576 -0.00574133 -0.00529653 -0.00475155 -0.00413243 -0.00347016 -0.00279830 -0.00215074 -0.00155951 -0.00104987 -0.00025786 0.00014203 0.00005050 -0.00000008 0.00000943 -0.00000003 -0.00000467 -0.00048448 -0.00479283 -0.00250413 -0.38534728 19.81218 
0.330 0.01679948 5 5447660.02 -877741.50 -1301034.72 -745435.52 761152.91 7610718.85 630648079.12 0.00305015 -0.01592020 -0.01525479 -0.00318503 -0.00122029 -0.00169162 -0.00169695 -0.00169241 -0.00168051 -0.00165982 -0.00162821 -0.00158296 -0.00152089 -0.00143863 -0.00133306 -0.00120194 -0.00104490 -0.00086598 -0.00042636 -0.00001124 0.00003527 0.00000820 0.00000454 -0.00000194 -0.00000383 -0.00018435 -0.00536103 -0.00261105 -0.41361309 21.79340 
0.360 0.02088750 5 4304660.21 -972665.57 -1805628.09 -1180746.19 838367.05 7425333.01 581480397.24 0.00524952 -0.01972319 -0.01881410 -0.00376315 -0.00106959 -0.00078695 -0.00073645 -0.00070618 -0.00068533 -0.00067244 -0.00066531 -0.00066110 -0.00065651 -0.00064783 -0.00063111 -0.00060224 -0.00055660 -0.00048811 -0.00026485 -0.00001979 0.00001668 0.00000512 0.00000469 -0.00000152 -0.00000346 -0.00008564 -0.00623038 -0.00296615 -0.47686773 23.77462 
0.390 0.02211374 5 -12690292.54 -1104346.12 -1359113.84 -1081485.90 -1151630.48 -7993716.19 -873411046.32 -0.00459373 0.02211374 0.01885393 0.00302021 0.00198154 0.00727845 0.00749668 0.00750059 0.00735996 0.00707998 0.00666987 0.00614192 0.00551397 0.00481064 0.00406282 0.00330644 0.00257904 0.00191393 0.00071548 -0.00011059 -0.00009236 -0.00001277 -0.00001046 -0.00000125 0.00000105 0.00064522 0.00676444 0.00351376 0.55700206 25.75584 
0.420 0.02876323 5 -12377586.85 -999867.34 -1820203.97 -349584.37 -622975.28 -8584955.90 -862014910.92 -0.00691918 0.02876323 0.02345896 0.00447511 0.00192939 0.00718802 0.00745940 0.00751921 0.00744353 0.00723422 0.00689556 0.00643413 0.00586203 0.00519930 0.00447419 0.00372157 0.00297920 0.00228180 0.00095254 -0.00007008 -0.00011113 -0.00002011 -0.00000870 -0.00000019 0.00000111 0.00068478 0.00834337 0.00427495 0.67786189 27.73706 
0.450 0.02789993 5 -12031889.11 -206229.94 -1948809.01 -1065712.73 -835173.04 -7975964.40 -865039179.70 -0.01039471 0.02789993 0.02546590 0.00974641 0.00212465 0.00651415 0.00688286 0.00703801 0.00706957 0.00697742 0.00676208 0.00642473 0.00596902 0.00540525 0.00475477 0.00405024 0.00332989 0.00263057 0.00121072 -0.00000812 -0.00012753 -0.00002897 -0.00000747 0.00000094 0.00000126 0.00069424 0.00957344 0.00485660 0.83705553 29.71827 
