0.001 0.00013392 5 -14327.73 5408.09 -36999.47 -37975.99 -7740.33 62979.96 1748465.21 -0.00001662 -0.00006640 -0.00011935 -0.00001835 0.00001899 0.00007399 0.00007731 0.00007176 0.00006414 0.00005526 0.00004560 0.00003589 0.00002679 0.00001872 0.00001180 0.00000601 0.00000132 -0.00000239 -0.00000517 0.00000033 0.00001031 0.00000006 -0.00001037 -0.00000144 0.00000190 0.00000455 -0.00002952 -0.00001142 -0.00157318 0.19627 
0.030 0.00196104 5 -202392.99 -49804.26 -697549.71 -891894.32 -208017.53 1644872.84 58476148.29 -0.00081575 -0.00189081 -0.00088710 -0.00020532 0.00005417 0.00049937 0.00051149 0.00049213 0.00045127 0.00039326 0.00032409 0.00025157 0.00018372 0.00012471 0.00007642 0.00003923 0.00001241 -0.00000555 -0.00001922 -0.00000827 0.00000719 -0.00000066 -0.00000994 -0.00000230 0.00000082 0.00002715 -0.00047427 -0.00020790 -0.01597748 5.88801 
0.060 0.00332755 5 97014.26 -87847.15 -941253.85 -1421662.66 -323087.64 2870865.57 120553972.97 -0.00135286 -0.00325392 -0.00146717 -0.00038172 -0.00000014 0.00052427 0.00052977 0.00049703 0.00043500 0.00034981 0.00025057 0.00014917 0.00005794 -0.00001237 -0.00005651 -0.00007751 -0.00008222 -0.00007698 -0.00004626 -0.00000504 0.00000832 -0.00000111 -0.00000895 -0.00000295 -0.00000032 0.00001751 -0.00084058 -0.00038474 -0.03326331 11.77603 
0.090 0.00465493 5 -958979.51 -1179503.82 -2012271.76 -1301002.80 -281833.36 3815632.23 176605680.33 -0.00220212 -0.00457896 -0.00211599 -0.00088792 -0.00002927 0.00196331 0.00205080 0.00203173 0.00193881 0.00178051 0.00156986 0.00132429 0.00106336 0.00080634 0.00057032 0.00036955 0.00021076 0.00009374 -0.00003712 -0.00004850 -0.00000368 -0.00000013 -0.00000876 -0.00000341 -0.00000067 0.00013071 -0.00130199 -0.00054090 -0.04322443 17.66404 
0.120 0.00602488 5 -1182622.44 -1376999.21 -2856040.10 -1582877.30 -232896.77 4866190.94 229606855.20 -0.00295103 -0.00594719 -0.00274875 -0.00121887 -0.00003179 0.00272190 0.00285266 0.00284624 0.00274410 0.00255485 0.00229248 0.00197574 0.00162797 0.00127449 0.00093874 0.00064055 0.00039528 0.00020768 -0.00002162 -0.00007213 -0.00001261 -0.00000014 -0.00000785 -0.00000396 -0.00000167 0.00019348 -0.00171315 -0.00070030 -0.05462572 23.55205 
0.150 0.00731471 5 -1490510.95 -1768075.85 -3557916.03 -1829078.42 -161073.02 5825632.37 282303086.14 -0.00367283 -0.00723367 -0.00335512 -0.00156022 -0.00007465 0.00361353 0.00379818 0.00381130 0.00370608 0.00349153 0.00318201 0.00279677 0.00236024 0.00190140 0.00145013 0.00103360 0.00067540 0.00039079 0.00001667 -0.00010196 -0.00002588 -0.00000036 -0.00000626 -0.00000425 -0.00000265 0.00027328 -0.00212124 -0.00084921 -0.06492828 29.44007 
0.180 0.00853961 5 -1888782.60 -2274193.20 -4142708.82 -2066813.71 -103544.58 6698477.70 330357294.47 -0.00437233 -0.00845281 -0.00392883 -0.00189515 -0.00014129 0.00460635 0.00485660 0.00489834 0.00479815 0.00456551 0.00421534 0.00376761 0.00324758 0.00268557 0.00211517 0.00157036 0.00108258 0.00067574 0.00009943 -0.00013369 -0.00004405 -0.00000131 -0.00000450 -0.00000432 -0.00000347 0.00037040 -0.00251804 -0.00098363 -0.07318599 35.32808 
0.210 0.00971332 5 -2391007.45 -2877678.31 -4631339.25 -2268325.05 -99810.62 7486145.79 371917190.25 -0.00503541 -0.00961309 -0.00447582 -0.00222776 -0.00022766 0.00569884 0.00603071 0.00611363 0.00602984 0.00578921 0.00540729 0.00490497 0.00430862 0.00364983 0.00296400 0.00228906 0.00166234 0.00111561 0.00026046 -0.00016841 -0.00007241 -0.00000400 -0.00000205 -0.00000398 -0.00000416 0.00048850 -0.00290350 -0.00110159 -0.07907646 41.21609 
0.240 0.01086047 5 -3004048.34 -3556030.03 -5019551.91 -2464616.94 -166701.45 8202851.99 405538279.18 -0.00563420 -0.01073388 -0.00500956 -0.00254735 -0.00032831 0.00688105 0.00730806 0.00744234 0.00738432 0.00714424 0.00673832 0.00618841 0.00552215 0.00477263 0.00397700 0.00317546 0.00240892 0.00171566 0.00053276 -0.00018952 -0.00011299 -0.00001043 0.00000102 -0.00000309 -0.00000471 0.00062761 -0.00327446 -0.00120159 -0.08246109 47.10410 
0.270 0.01216052 5 -4068523.12 -4187706.44 -5567105.94 -2768592.60 -472667.97 8927549.84 412230301.98 -0.00597965 -0.01192178 -0.00575448 -0.00282628 -0.00035547 0.00835285 0.00889561 0.00909331 0.00906930 0.00883415 0.00840479 0.00780413 0.00706129 0.00621117 0.00529299 0.00434923 0.00342363 0.00255916 0.00096051 -0.00019123 -0.00017785 -0.00002424 0.00000544 -0.00000112 -0.00000503 0.00080837 -0.00362450 -0.00126966 -0.08185455 52.99212 
0.300 0.01353340 5 -5004996.46 -4810558.37 -6020063.11 -3016973.26 -840240.24 9682838.53 423019590.73 -0.00610878 -0.01316733 -0.00656965 -0.00311647 -0.00041911 0.00972269 0.01038131 0.01064663 0.01066448 0.01044559 0.01000725 0.00937303 0.00857292 0.00764309 0.00662429 0.00556081 0.00449846 0.00348291 0.00148288 -0.00015018 -0.00025420 -0.00004625 0.00001079 0.00000182 -0.00000521 0.00099066 -0.00398342 -0.00134107 -0.08383099 58.88013 
0.330 0.01410579 5 -5933809.93 -5638642.93 -5921122.68 -3148999.13 -1182732.69 9957687.50 416914484.58 -0.00572837 -0.01367364 -0.00707485 -0.00318212 -0.00064442 0.01068280 0.01145351 0.01178812 0.01185534 0.01166597 0.01123747 0.01059369 0.00976508 0.00878842 0.00770526 0.00656094 0.00540242 0.00427686 0.00196018 -0.00008770 -0.00031850 -0.00006969 0.00001450 0.00000463 -0.00000506 0.00113644 -0.00415481 -0.00134398 -0.08428870 64.76814 
0.360 0.01736068 2 -12006590.57 -634305.97 -3382840.69 -3339330.91 -1457990.83 -3192122.17 -661500987.37 -0.01500897 -0.00792708 -0.00157622 0.00950537 0.01725548 0.02137427 0.02124841 0.02091356 0.02038897 0.01968070 0.01879914 0.01775513 0.01654962 0.01516563 0.01360860 0.01194484 0.01025679 0.00861573 0.00508140 0.00105721 -0.00028353 -0.00017350 0.00000806 0.00001739 0.00000265 0.00211427 0.00532879 0.00362116 0.93733563 70.65616 
0.390 0.02830106 2 -12874695.80 1079105.39 -4286685.42 -2759794.47 -1209277.66 -5698043.64 -854393958.85 -0.02832033 -0.00345148 0.00698670 0.02221342 0.02798046 0.02579496 0.02514973 0.02440830 0.02349994 0.02242508 0.02118519 0.01976946 0.01813830 0.01629867 0.01430940 0.01226147 0.01025638 0.00837377 0.00454786 0.00051995 -0.00055938 -0.00022279 0.00001404 0.00002118 0.00000229 0.00226589 0.01242027 0.00702603 1.71438101 76.54417 
