0.001 0.00011826 5 15005.68 -1218.71 -19332.50 -15208.63 -461.62 51227.14 2989441.38 -0.00000623 -0.00005075 -0.00011525 -0.00002453 0.00001121 0.00006343 0.00006734 0.00006281 0.00005641 0.00004882 0.00004046 0.00003199 0.00002400 0.00001686 0.00001069 0.00000546 0.00000114 -0.00000232 -0.00000495 0.00000038 0.00001018 -0.00000004 -0.00001041 -0.00000149 0.00000185 0.00000408 -0.00003018 -0.00001198 -0.00192387 0.12047 
0.030 0.00213145 5 -886207.38 244135.36 511353.98 318185.56 -45431.53 -1914450.74 -135580407.44 0.00082906 0.00213145 0.00090219 0.00052134 0.00022453 -0.00000605 -0.00000155 0.00000574 0.00001981 0.00003771 0.00005523 0.00006742 0.00007212 0.00006901 0.00006026 0.00004828 0.00003533 0.00002299 0.00000392 -0.00000179 0.00000773 -0.00000135 -0.00001136 -0.00000278 0.00000057 0.00000542 0.00067517 0.00031938 0.03540935 3.61399 
0.060 0.00401498 5 -1778747.45 465831.52 855701.23 577175.28 -70418.78 -3607036.69 -258849479.28 0.00155775 0.00401498 0.00176362 0.00098386 0.00043163 0.00004696 0.00005599 0.00007331 0.00010348 0.00014320 0.00018645 0.00022560 0.00025154 0.00025731 0.00024216 0.00020967 0.00016765 0.00012394 0.00004315 -0.00000701 0.00000194 -0.00000229 -0.00001131 -0.00000325 -0.00000031 0.00002148 0.00128887 0.00061560 0.06954555 7.22798 
0.090 0.00573655 5 -2633255.39 706346.27 1034151.15 804572.52 -70192.12 -5108133.22 -370526862.30 0.00225733 0.00573655 0.00252597 0.00139362 0.00064151 0.00000824 0.00000448 0.00001579 0.00004523 0.00009110 0.00014909 0.00021468 0.00027971 0.00033243 0.00036039 0.00035666 0.00032304 0.00026906 0.00012856 0.00000300 -0.00000503 -0.00000466 -0.00001102 -0.00000325 -0.00000078 0.00002870 0.00185064 0.00088278 0.09968236 10.84197 
0.120 0.00721369 5 -3815801.75 756852.58 906029.59 996246.36 -62757.15 -6412173.13 -476325815.80 0.00280988 0.00721369 0.00316766 0.00172587 0.00088188 0.00034470 0.00034514 0.00035211 0.00037168 0.00040270 0.00044313 0.00049027 0.00054037 0.00058713 0.00062007 0.00062527 0.00059150 0.00052060 0.00028524 0.00002652 -0.00001588 -0.00000891 -0.00001082 -0.00000291 -0.00000091 0.00006858 0.00234568 0.00113603 0.13076214 14.45596 
0.150 0.00839617 5 -5170031.09 561919.49 685564.05 1114948.95 -62634.28 -7469829.30 -568489197.93 0.00320278 0.00839617 0.00364780 0.00197333 0.00109301 0.00110962 0.00115128 0.00117544 0.00119783 0.00121723 0.00123163 0.00123837 0.00123420 0.00121526 0.00117709 0.00111480 0.00102432 0.00090313 0.00052489 0.00006788 -0.00003263 -0.00001595 -0.00001027 -0.00000220 -0.00000090 0.00015615 0.00273965 0.00136723 0.16176960 18.06995 
0.180 0.00891526 5 -5872506.28 537193.71 739060.75 1071990.78 -190408.27 -8030343.24 -626688419.24 0.00317833 0.00891526 0.00381342 0.00213798 0.00119108 0.00170185 0.00178903 0.00184274 0.00188669 0.00191966 0.00193960 0.00194382 0.00192903 0.00189144 0.00182703 0.00173193 0.00160282 0.00143840 0.00090863 0.00017285 -0.00005483 -0.00003021 -0.00000884 -0.00000059 -0.00000071 0.00025010 0.00289879 0.00149174 0.18215229 21.68394 
0.210 0.00858786 5 -6897738.69 113049.07 551434.80 911244.80 -487199.45 -7986267.91 -659104428.58 0.00264982 0.00858786 0.00376019 0.00203563 0.00146656 0.00322035 0.00338026 0.00346809 0.00352277 0.00354396 0.00353083 0.00348235 0.00339703 0.00327292 0.00310774 0.00289965 0.00264773 0.00235357 0.00149240 0.00030898 -0.00009553 -0.00005289 -0.00000541 0.00000206 -0.00000059 0.00043945 0.00288485 0.00158580 0.20922216 25.29793 
0.240 0.00894039 5 8178632.83 -1118439.83 -1000271.04 1610583.12 813024.89 7873735.69 790316222.24 -0.00183115 -0.00868658 -0.00516772 -0.00364135 -0.00128608 -0.00186792 -0.00194013 -0.00195465 -0.00192809 -0.00186018 -0.00175057 -0.00159867 -0.00140472 -0.00117250 -0.00091204 -0.00063877 -0.00036659 -0.00010950 0.00031338 0.00028529 -0.00003254 -0.00004109 0.00001188 0.00000230 -0.00000569 -0.00013177 -0.00338731 -0.00165789 -0.23097196 28.91192 
0.270 0.00945775 5 7314822.76 101846.05 116701.89 -796563.21 -84848.40 7977686.42 644432927.77 -0.00430252 -0.00935558 -0.00418199 -0.00222841 -0.00144047 -0.00232632 -0.00241456 -0.00245465 -0.00246660 -0.00244939 -0.00240141 -0.00232069 -0.00220489 -0.00205148 -0.00185862 -0.00162798 -0.00136755 -0.00109320 -0.00049416 0.00001537 0.00005163 0.00000658 -0.00000235 -0.00000462 -0.00000414 -0.00025657 -0.00326728 -0.00166792 -0.20000396 32.52591 
0.300 0.01069051 5 7937810.06 17919.53 171001.70 -913445.24 -190317.68 8852651.75 707789891.55 -0.00446631 -0.01047443 -0.00488082 -0.00243925 -0.00157047 -0.00270710 -0.00281820 -0.00287213 -0.00289555 -0.00288713 -0.00284484 -0.00276615 -0.00264816 -0.00248772 -0.00228217 -0.00203155 -0.00174158 -0.00142809 -0.00070041 -0.00001096 0.00006940 0.00001303 -0.00000210 -0.00000525 -0.00000463 -0.00031323 -0.00363015 -0.00186812 -0.22810798 36.13990 
0.330 0.01197479 5 8485354.66 -48243.68 129799.41 -1016870.23 -255253.95 9675923.12 767382983.25 -0.00439279 -0.01161113 -0.00571554 -0.00267277 -0.00168455 -0.00304605 -0.00317740 -0.00324279 -0.00327524 -0.00327345 -0.00323545 -0.00315877 -0.00304050 -0.00287757 -0.00266718 -0.00240784 -0.00210208 -0.00176287 -0.00092617 -0.00005008 0.00008926 0.00002121 -0.00000186 -0.00000593 -0.00000505 -0.00036640 -0.00399262 -0.00206629 -0.25837556 39.75389 
0.360 0.01326523 5 8937022.45 -199930.35 139149.00 -1102711.62 -240268.94 10340784.36 821357096.28 -0.00422447 -0.01277766 -0.00661082 -0.00289466 -0.00179849 -0.00332174 -0.00346765 -0.00354167 -0.00358237 -0.00358846 -0.00355796 -0.00348836 -0.00337669 -0.00321970 -0.00301421 -0.00275754 -0.00244945 -0.00209856 -0.00117801 -0.00011325 0.00010834 0.00003167 -0.00000182 -0.00000672 -0.00000537 -0.00041568 -0.00435433 -0.00226203 -0.28900231 43.36788 
0.390 0.01419898 5 8673521.10 -855659.46 279610.79 -1008402.79 -159978.23 10417950.79 841955132.65 -0.00353176 -0.01359383 -0.00789864 -0.00331340 -0.00190919 -0.00304344 -0.00315989 -0.00321916 -0.00325576 -0.00326845 -0.00325524 -0.00321357 -0.00314030 -0.00303187 -0.00288451 -0.00269450 -0.00245866 -0.00217702 -0.00134008 -0.00020341 0.00011392 0.00004198 -0.00000192 -0.00000740 -0.00000547 -0.00040179 -0.00473700 -0.00243403 -0.32369737 46.98187 
0.420 0.01532062 5 7918465.10 -1244842.28 71381.05 -931960.73 -259656.49 10283543.55 820179909.83 -0.00248398 -0.01461677 -0.00951215 -0.00366561 -0.00189171 -0.00254305 -0.00262001 -0.00265960 -0.00268913 -0.00270730 -0.00271199 -0.00270049 -0.00266944 -0.00261492 -0.00253266 -0.00241823 -0.00226727 -0.00207611 -0.00141163 -0.00030413 0.00010841 0.00005156 -0.00000161 -0.00000780 -0.00000541 -0.00035893 -0.00509944 -0.00258117 -0.35587849 50.59586 
0.450 0.01601406 5 7446758.24 -1549691.84 270748.34 -1030604.87 -319439.66 10075746.27 798375236.58 -0.00126835 -0.01525081 -0.01053746 -0.00359507 -0.00223669 -0.00288696 -0.00293910 -0.00296020 -0.00297397 -0.00297905 -0.00297324 -0.00295367 -0.00291684 -0.00285859 -0.00277444 -0.00265968 -0.00250961 -0.00231985 -0.00163762 -0.00040936 0.00011906 0.00006668 -0.00000139 -0.00000863 -0.00000540 -0.00040147 -0.00531488 -0.00270476 -0.38860582 54.20985 
0.480 0.01683738 5 6991807.46 -1713343.08 357584.69 -1122885.94 -417038.64 9887490.44 772662259.40 -0.00003355 -0.01602014 -0.01157377 -0.00352898 -0.00255562 -0.00319818 -0.00322804 -0.00323531 -0.00323822 -0.00323523 -0.00322382 -0.00320074 -0.00316199 -0.00310306 -0.00301902 -0.00290473 -0.00275505 -0.00256514 -0.00186303 -0.00052137 0.00012524 0.00008210 -0.00000027 -0.00000930 -0.00000544 -0.00044346 -0.00553422 -0.00282989 -0.42074056 57.82384 
0.510 0.01751230 5 6553909.03 -1787712.61 279195.75 -1133232.40 -438402.20 9634060.48 746165621.91 0.00126831 -0.01664466 -0.01261969 -0.00362572 -0.00287031 -0.00343793 -0.00345002 -0.00344925 -0.00344692 -0.00344129 -0.00342965 -0.00340849 -0.00337347 -0.00331950 -0.00324095 -0.00313201 -0.00298693 -0.00280034 -0.00208675 -0.00064439 0.00012428 0.00009840 0.00000081 -0.00001011 -0.00000545 -0.00048175 -0.00577116 -0.00296130 -0.45597305 61.43783 
0.540 0.01768289 5 6285549.76 -1873339.65 158985.57 -987243.80 -316468.12 9303615.76 730219200.48 0.00250719 -0.01678444 -0.01340843 -0.00384230 -0.00330722 -0.00374941 -0.00374310 -0.00373302 -0.00372250 -0.00370974 -0.00369193 -0.00366541 -0.00362574 -0.00356767 -0.00348544 -0.00337301 -0.00322443 -0.00303410 -0.00230086 -0.00076303 0.00012255 0.00011456 0.00000086 -0.00001115 -0.00000533 -0.00052427 -0.00598970 -0.00308634 -0.49313105 65.05183 
0.570 0.01767012 5 6205265.12 -1997201.01 131653.31 -781252.09 -133674.68 8985739.58 725675917.04 0.00359493 -0.01675438 -0.01398113 -0.00398047 -0.00384180 -0.00425913 -0.00423648 -0.00421516 -0.00419225 -0.00416597 -0.00413354 -0.00409139 -0.00403510 -0.00395950 -0.00385888 -0.00372726 -0.00355874 -0.00334783 -0.00255632 -0.00088376 0.00012588 0.00013165 -0.00000016 -0.00001249 -0.00000511 -0.00058621 -0.00618358 -0.00321012 -0.52971977 68.66582 
0.600 0.01739601 5 6242801.01 -2123925.01 140164.01 -524009.38 118246.60 8632324.79 726815197.57 0.00473770 -0.01646736 -0.01445329 -0.00423379 -0.00445788 -0.00491217 -0.00487864 -0.00484781 -0.00481253 -0.00477113 -0.00472093 -0.00465847 -0.00457948 -0.00447891 -0.00435121 -0.00419051 -0.00399112 -0.00374783 -0.00286671 -0.00101960 0.00013176 0.00015325 -0.00000171 -0.00001435 -0.00000493 -0.00066577 -0.00638387 -0.00334628 -0.57140722 72.27981 
0.630 0.01691370 5 6364861.33 -2320449.14 184106.59 -186726.78 406334.13 8281596.53 735972644.74 0.00583296 -0.01597423 -0.01478979 -0.00461257 -0.00512463 -0.00559632 -0.00555249 -0.00551116 -0.00546246 -0.00540480 -0.00533567 -0.00525176 -0.00514896 -0.00502240 -0.00486665 -0.00467594 -0.00444460 -0.00416763 -0.00319249 -0.00116464 0.00013073 0.00017288 -0.00000284 -0.00001604 -0.00000482 -0.00074963 -0.00659113 -0.00348799 -0.61523754 75.89380 
0.660 0.01728751 4 2242919.31 285396.29 -4317789.43 -2082715.53 2315200.03 6042827.96 444922954.65 0.00853043 -0.01489296 -0.01728751 -0.00485991 -0.00392344 -0.00317665 -0.00302138 -0.00290225 -0.00279923 -0.00271097 -0.00263539 -0.00256979 -0.00251083 -0.00245461 -0.00239681 -0.00233278 -0.00225798 -0.00216855 -0.00182711 -0.00086609 0.00005555 0.00013331 -0.00000761 -0.00001209 -0.00000188 -0.00039689 -0.00630462 -0.00316629 -0.59173113 79.50779 
0.690 0.01793552 4 1965171.57 48970.25 -4314104.30 -2032105.05 2402869.86 5859540.80 437754310.32 0.00945411 -0.01492763 -0.01793552 -0.00551617 -0.00426347 -0.00302351 -0.00282756 -0.00267974 -0.00255307 -0.00244622 -0.00235707 -0.00228291 -0.00222037 -0.00216547 -0.00211392 -0.00206087 -0.00200142 -0.00193151 -0.00166101 -0.00083551 0.00004024 0.00012909 -0.00000687 -0.00001149 -0.00000173 -0.00035968 -0.00659092 -0.00328074 -0.62403931 83.12178 
0.720 0.01810709 4 1659846.38 -40169.08 -4664951.93 -1668145.68 2380866.02 5652247.05 426541441.46 0.01044024 -0.01435971 -0.01810709 -0.00680404 -0.00465655 -0.00271383 -0.00248425 -0.00231339 -0.00216890 -0.00204942 -0.00195283 -0.00187636 -0.00181659 -0.00176958 -0.00173107 -0.00169612 -0.00165934 -0.00161639 -0.00143722 -0.00078383 0.00002305 0.00012207 -0.00000603 -0.00001062 -0.00000152 -0.00030613 -0.00688502 -0.00339016 -0.66089496 86.73577 
0.750 0.01700545 4 1588284.13 -11888.88 -5079196.94 -1161070.80 2364846.03 5475594.72 424205552.90 0.01104237 -0.01265586 -0.01700545 -0.00841557 -0.00514466 -0.00256553 -0.00233324 -0.00216073 -0.00201590 -0.00189736 -0.00180296 -0.00172991 -0.00167476 -0.00163369 -0.00160271 -0.00157677 -0.00154989 -0.00151734 -0.00136981 -0.00077315 0.00001597 0.00012058 -0.00000578 -0.00001013 -0.00000109 -0.00028750 -0.00697618 -0.00342300 -0.68768881 90.34976 
0.780 0.01706061 4 1162304.67 -58492.70 -5490476.77 -801795.06 2263611.37 5249457.84 403660743.31 0.01209479 -0.01191796 -0.01706061 -0.00994399 -0.00553526 -0.00200572 -0.00173048 -0.00152899 -0.00136248 -0.00122962 -0.00112824 -0.00105555 -0.00100812 -0.00098233 -0.00097462 -0.00097986 -0.00099103 -0.00100258 -0.00099901 -0.00066406 -0.00000046 0.00010683 -0.00000474 -0.00000865 -0.00000079 -0.00019693 -0.00727578 -0.00351533 -0.72335178 93.96375 
0.810 0.01696380 4 877519.77 -213896.32 -5651370.96 -478743.45 2120774.48 5100756.01 392439241.56 0.01297696 -0.01108681 -0.01696380 -0.01135979 -0.00591372 -0.00152337 -0.00121222 -0.00098738 -0.00080415 -0.00066118 -0.00055624 -0.00048645 -0.00044835 -0.00043853 -0.00045408 -0.00048971 -0.00053681 -0.00058844 -0.00070802 -0.00058053 -0.00001470 0.00009609 -0.00000360 -0.00000757 -0.00000076 -0.00012203 -0.00752738 -0.00359349 -0.75509033 97.57774 
0.840 0.01789793 4 103313.04 -613781.51 -5694892.73 -328130.35 1875787.04 4864330.60 360429970.77 0.01429996 -0.01110079 -0.01789793 -0.01276095 -0.00624814 -0.00046871 -0.00006247 0.00022520 0.00045517 0.00062868 0.00074791 0.00081574 0.00083562 0.00081064 0.00074484 0.00064299 0.00051154 0.00036175 -0.00005896 -0.00040229 -0.00005195 0.00006948 -0.00000111 -0.00000495 -0.00000075 0.00004740 -0.00798269 -0.00371692 -0.79372256 101.19173 
0.870 0.01794815 4 -413522.08 -1042176.70 -5584959.16 -211004.95 1690438.91 4734179.82 344773220.29 0.01510359 -0.01052532 -0.01794815 -0.01398253 -0.00664281 0.00030514 0.00078468 0.00112005 0.00138510 0.00158098 0.00170979 0.00177438 0.00177841 0.00172628 0.00162176 0.00146793 0.00127432 0.00104981 0.00039779 -0.00028288 -0.00008196 0.00005021 0.00000137 -0.00000286 -0.00000068 0.00017048 -0.00824966 -0.00377668 -0.81887322 104.80572 
0.900 0.01829057 5 1264097.15 -4907756.22 11500440.13 -7913137.68 -1812546.45 4397097.37 178020868.97 -0.00644133 -0.01778935 -0.00844576 0.00683646 0.00300246 0.00582538 0.00593588 0.00603699 0.00611145 0.00615828 0.00617884 0.00617481 0.00613868 0.00602644 0.00574483 0.00520644 0.00440656 0.00346521 0.00110387 -0.00109149 -0.00053280 -0.00006394 0.00001355 0.00000507 -0.00000307 0.00063351 -0.00138733 -0.00031381 0.15801545 108.41971 
0.930 0.01928157 5 1130304.33 -5288285.02 11896214.79 -8554567.40 -1734266.59 4811208.55 197052204.36 -0.00651812 -0.01877987 -0.00942665 0.00711407 0.00291622 0.00667198 0.00683947 0.00698004 0.00708990 0.00716730 0.00721340 0.00722958 0.00720603 0.00709164 0.00678462 0.00619084 0.00532002 0.00429912 0.00167015 -0.00096874 -0.00055333 -0.00007784 0.00001441 0.00000663 -0.00000255 0.00077386 -0.00163104 -0.00035350 0.15922257 112.03370 
0.960 0.02019649 5 1056973.97 -5603889.07 12238384.76 -9100005.87 -1695440.08 5217924.22 216149777.24 -0.00674215 -0.01968990 -0.01029434 0.00732353 0.00297381 0.00767213 0.00788310 0.00805320 0.00818948 0.00828935 0.00835372 0.00838347 0.00836598 0.00824152 0.00789875 0.00723852 0.00628861 0.00517505 0.00225701 -0.00082928 -0.00056807 -0.00009260 0.00001593 0.00000841 -0.00000219 0.00092673 -0.00183026 -0.00036569 0.16675211 115.64769 
0.990 0.02094837 5 1022653.73 -5858381.78 12531867.70 -9533917.60 -1684391.16 5567476.57 232817232.93 -0.00704976 -0.02043670 -0.01094164 0.00752804 0.00306016 0.00865585 0.00889959 0.00909221 0.00924927 0.00936720 0.00944663 0.00948789 0.00947486 0.00933835 0.00895711 0.00823081 0.00720369 0.00599038 0.00279061 -0.00069229 -0.00056165 -0.00009894 0.00001679 0.00000935 -0.00000194 0.00107297 -0.00197239 -0.00035462 0.17830441 119.26168 
1.020 0.02291947 5 1725555.88 -5730519.61 12602452.36 -9466669.24 -1975524.30 6295816.68 280814059.51 -0.00837857 -0.02234725 -0.01158612 0.00829111 0.00367046 0.00935517 0.00955518 0.00971934 0.00985314 0.00995255 0.01001809 0.01004932 0.01002245 0.00985098 0.00939656 0.00857115 0.00743087 0.00606001 0.00255222 -0.00104463 -0.00067127 -0.00009715 0.00002087 0.00000976 -0.00000223 0.00110162 -0.00204620 -0.00037400 0.20559774 122.87567 
1.050 0.02346479 5 1571966.46 -6408239.65 13452500.34 -10362842.63 -1837453.33 6728001.72 305719768.02 -0.00873030 -0.02292989 -0.01270155 0.00880518 0.00311796 0.01246222 0.01275770 0.01298459 0.01317589 0.01332733 0.01343893 0.01350805 0.01349380 0.01328001 0.01270311 0.01170578 0.01028046 0.00853191 0.00397909 -0.00075784 -0.00067058 -0.00012966 0.00002393 0.00001386 -0.00000134 0.00154293 -0.00236583 -0.00028940 0.23063151 126.48966 
1.080 0.02352325 5 1191249.72 -6855825.84 13856585.06 -10818467.55 -1694088.18 6703046.23 301450939.07 -0.00858088 -0.02297942 -0.01309919 0.00892639 0.00278697 0.01385580 0.01421793 0.01449002 0.01472366 0.01491254 0.01505579 0.01514918 0.01514358 0.01491150 0.01428420 0.01321398 0.01166616 0.00978438 0.00480223 -0.00046911 -0.00063936 -0.00015130 0.00002493 0.00001644 -0.00000060 0.00176492 -0.00248414 -0.00022694 0.24122765 130.10365 
1.110 0.02380175 5 934970.13 -7256950.65 14198097.45 -11154805.70 -1626949.71 6775578.73 304595328.54 -0.00881798 -0.02324951 -0.01350002 0.00894683 0.00276336 0.01595897 0.01636847 0.01667127 0.01693449 0.01714924 0.01731325 0.01741901 0.01740257 0.01711807 0.01639395 0.01518443 0.01343429 0.01135197 0.00576302 -0.00016803 -0.00060687 -0.00017627 0.00002631 0.00001939 0.00000016 0.00205890 -0.00258347 -0.00011734 0.26711212 133.71764 
1.140 0.02399734 5 661922.73 -7650072.82 14517903.93 -11460015.10 -1576629.71 6830736.43 306024883.24 -0.00905710 -0.02343508 -0.01389971 0.00891396 0.00274882 0.01823680 0.01868671 0.01901427 0.01930339 0.01954116 0.01972287 0.01983586 0.01979845 0.01944541 0.01860970 0.01721982 0.01524472 0.01294643 0.00673188 0.00012983 -0.00057964 -0.00020411 0.00002792 0.00002260 0.00000086 0.00236675 -0.00268211 -0.00000004 0.29386652 137.33163 
1.170 0.02410919 5 374748.43 -8008987.08 14758757.00 -11694189.89 -1537715.54 6856883.95 305510607.98 -0.00938321 -0.02353881 -0.01416075 0.00883635 0.00279031 0.02065415 0.02113756 0.02148386 0.02179587 0.02205460 0.02225104 0.02236561 0.02229687 0.02186142 0.02090116 0.01929858 0.01708684 0.01454869 0.00767053 0.00038830 -0.00056827 -0.00023324 0.00002984 0.00002587 0.00000153 0.00268180 -0.00274609 0.00013733 0.32494248 140.94562 
1.200 0.02403176 5 89123.51 -8309749.50 14910931.47 -11865624.00 -1508371.59 6861937.13 303170558.71 -0.00973742 -0.02346186 -0.01418432 0.00880998 0.00276259 0.02281798 0.02332650 0.02368300 0.02401254 0.02428819 0.02449442 0.02460441 0.02449826 0.02398049 0.02290001 0.02110379 0.01868834 0.01593652 0.00846154 0.00057529 -0.00057477 -0.00026073 0.00003177 0.00002883 0.00000209 0.00295587 -0.00276316 0.00027492 0.35504612 144.55961 
