0.001 0.00011827 5 56680.60 -1699.32 -2519.43 1513.45 5740.68 53645.22 5041884.60 -0.00000165 -0.00005074 -0.00011759 -0.00003236 0.00000258 0.00004844 0.00005252 0.00004886 0.00004381 0.00003792 0.00003148 0.00002496 0.00001880 0.00001328 0.00000844 0.00000424 0.00000067 -0.00000230 -0.00000452 0.00000064 0.00001020 -0.00000004 -0.00001038 -0.00000148 0.00000185 0.00000332 -0.00003503 -0.00001466 -0.00249515 0.07652 
0.030 0.00173601 5 1588139.76 -64707.43 -97021.38 25157.17 159779.04 1564932.35 144778206.95 -0.00051825 -0.00166579 -0.00091773 -0.00056789 -0.00030790 -0.00020593 -0.00019314 -0.00017879 -0.00015859 -0.00013465 -0.00010894 -0.00008379 -0.00006087 -0.00004130 -0.00002567 -0.00001411 -0.00000634 -0.00000180 0.00000173 0.00000227 0.00000447 -0.00000265 -0.00000866 -0.00000294 -0.00000053 -0.00000941 -0.00064052 -0.00030526 -0.04000315 2.29563 
0.060 0.00325090 5 3005891.81 -123476.66 -209323.94 62433.63 305574.54 2970684.25 274991610.00 -0.00102123 -0.00317638 -0.00166468 -0.00107065 -0.00059495 -0.00045848 -0.00044153 -0.00041420 -0.00037327 -0.00032119 -0.00026184 -0.00020053 -0.00014326 -0.00009466 -0.00005618 -0.00002774 -0.00000841 0.00000331 0.00001096 0.00000493 -0.00000062 -0.00000416 -0.00000563 -0.00000352 -0.00000253 -0.00002230 -0.00120867 -0.00057844 -0.07513398 4.59126 
0.090 0.00464363 5 4300227.23 -167653.68 -285508.95 86427.40 425647.96 4241314.50 392134134.01 -0.00148746 -0.00456683 -0.00233748 -0.00151918 -0.00085854 -0.00072038 -0.00070361 -0.00066802 -0.00061208 -0.00053858 -0.00045210 -0.00035894 -0.00026657 -0.00018281 -0.00011389 -0.00006118 -0.00002373 0.00000049 0.00001969 0.00001002 -0.00000439 -0.00000510 -0.00000218 -0.00000357 -0.00000401 -0.00003804 -0.00172590 -0.00082927 -0.10731894 6.88689 
0.120 0.00591795 5 5502869.19 -194095.74 -328093.49 108606.37 531972.32 5384479.73 498256799.00 -0.00192176 -0.00583916 -0.00294621 -0.00192322 -0.00110539 -0.00101164 -0.00099991 -0.00096021 -0.00089327 -0.00080153 -0.00069005 -0.00056609 -0.00043874 -0.00031784 -0.00021231 -0.00012756 -0.00006400 -0.00001984 0.00002339 0.00001764 -0.00000596 -0.00000532 0.00000131 -0.00000327 -0.00000505 -0.00005831 -0.00219995 -0.00106226 -0.13736856 9.18252 
0.150 0.00704024 5 6631758.13 -187883.83 -308702.38 121443.44 622116.98 6384783.92 592358271.51 -0.00228217 -0.00695628 -0.00347686 -0.00227624 -0.00132995 -0.00142592 -0.00142402 -0.00138306 -0.00130709 -0.00119786 -0.00105969 -0.00089869 -0.00072512 -0.00055150 -0.00039001 -0.00025134 -0.00014239 -0.00006296 0.00002502 0.00003080 -0.00000488 -0.00000506 0.00000457 -0.00000262 -0.00000561 -0.00008989 -0.00261782 -0.00127492 -0.16557482 11.47815 
0.180 0.00794515 5 7692554.37 -160304.35 -187396.51 150345.58 705982.13 7183927.52 672665649.01 -0.00254907 -0.00784059 -0.00390157 -0.00256355 -0.00153643 -0.00194000 -0.00195625 -0.00191854 -0.00183629 -0.00171098 -0.00154651 -0.00134818 -0.00112603 -0.00089521 -0.00067191 -0.00047055 -0.00030249 -0.00017125 -0.00000196 0.00004544 0.00000043 -0.00000403 0.00000722 -0.00000171 -0.00000565 -0.00013452 -0.00296185 -0.00145991 -0.19136435 13.77378 
0.210 0.00826307 5 8015349.83 -199666.59 -281570.75 191863.06 806600.09 7498124.03 706217045.96 -0.00266337 -0.00810365 -0.00394625 -0.00269836 -0.00159643 -0.00216766 -0.00220485 -0.00218289 -0.00211512 -0.00200197 -0.00184553 -0.00164850 -0.00141781 -0.00116676 -0.00091262 -0.00067292 -0.00046343 -0.00029429 -0.00005121 0.00005091 0.00000657 -0.00000254 0.00000860 -0.00000100 -0.00000531 -0.00016487 -0.00306459 -0.00152419 -0.20045857 16.06942 
0.240 0.00937039 5 7446155.46 -295955.67 -817079.91 -333698.93 891968.46 8000921.51 711330915.74 -0.00216472 -0.00902413 -0.00554563 -0.00284749 -0.00152135 -0.00232787 -0.00240315 -0.00242834 -0.00242343 -0.00238714 -0.00231761 -0.00221266 -0.00207001 -0.00188787 -0.00166718 -0.00141445 -0.00114331 -0.00087325 -0.00034498 0.00004006 0.00003794 0.00000569 0.00000703 -0.00000133 -0.00000481 -0.00023629 -0.00342839 -0.00173267 -0.23936567 18.36505 
0.270 0.01042752 5 -12067151.54 -653264.74 -1180517.68 -926581.82 -746636.94 -8560150.36 -878894627.82 0.00247798 0.01042752 0.00624923 0.00326623 0.00235581 0.00445068 0.00451260 0.00441939 0.00421245 0.00390216 0.00350439 0.00304069 0.00253745 0.00202422 0.00153004 0.00108048 0.00069718 0.00039418 0.00000259 -0.00010742 -0.00001499 0.00000273 -0.00001299 -0.00000428 -0.00000091 0.00030483 0.00414437 0.00210472 0.29665343 20.66068 
0.300 0.01119633 5 3627911.89 -1039106.88 -1944689.93 -1910359.48 1052032.19 7470035.98 557709056.65 0.00091482 -0.01057888 -0.01047270 -0.00269366 -0.00089004 -0.00013426 -0.00008393 -0.00006913 -0.00007830 -0.00010993 -0.00016159 -0.00023026 -0.00031160 -0.00039751 -0.00047419 -0.00052535 -0.00053720 -0.00050523 -0.00030852 -0.00004235 0.00001642 0.00000843 0.00000631 -0.00000135 -0.00000429 -0.00004709 -0.00391698 -0.00186121 -0.28663852 22.95631 
0.330 0.01251961 5 2321744.36 -1349255.39 -2523233.08 -2123761.02 862086.07 7455907.78 513286076.83 0.00162844 -0.01182573 -0.01180779 -0.00271958 -0.00071715 0.00080083 0.00090888 0.00094544 0.00093606 0.00088236 0.00078704 0.00065345 0.00048700 0.00029949 0.00010999 -0.00006009 -0.00019101 -0.00026874 -0.00025002 -0.00007495 0.00000293 0.00000826 0.00000599 -0.00000150 -0.00000425 0.00004053 -0.00414655 -0.00192227 -0.29651225 25.25194 
0.360 0.01500583 4 -11850575.72 -866809.17 -1348104.68 -1069570.59 -1497893.68 -7068197.59 -816904200.13 -0.00406294 0.01449632 0.01487509 0.00464632 0.00206115 0.00556935 0.00572324 0.00568293 0.00550492 0.00519748 0.00477423 0.00425355 0.00365931 0.00302094 0.00237175 0.00174668 0.00117941 0.00069919 0.00002445 -0.00018977 -0.00003736 0.00000639 -0.00001053 -0.00000289 0.00000028 0.00041773 0.00572637 0.00290629 0.49385009 27.54757 
0.390 0.01771968 4 -12294503.18 -934906.45 -1550398.35 -1123557.86 -1558039.59 -7127600.94 -835533005.54 -0.00587367 0.01734095 0.01759324 0.00630482 0.00209783 0.00571962 0.00592666 0.00592412 0.00577895 0.00549856 0.00509543 0.00458644 0.00399391 0.00334599 0.00267546 0.00201838 0.00141035 0.00088284 0.00009793 -0.00020153 -0.00004747 0.00000510 -0.00001122 -0.00000267 0.00000082 0.00045201 0.00672754 0.00339383 0.58621109 29.84320 
0.420 0.01955434 5 -12490661.31 -404072.92 -1543481.45 -1817428.06 -1063238.60 -7662440.30 -881829021.97 -0.00685181 0.01955434 0.01917157 0.00892666 0.00230358 0.00531972 0.00558071 0.00563736 0.00556345 0.00536245 0.00504180 0.00461214 0.00408993 0.00349861 0.00286754 0.00223144 0.00162637 0.00108611 0.00022649 -0.00017914 -0.00005596 0.00000097 -0.00001142 -0.00000261 0.00000078 0.00045800 0.00781891 0.00390862 0.67945530 32.13883 
0.450 0.01991975 4 -10263236.17 -15561.28 -228441.28 -1599724.21 -1502230.05 -6917279.35 -796244065.74 -0.00878162 0.01795721 0.01976605 0.01145233 0.00199123 0.00389409 0.00420981 0.00435517 0.00440675 0.00436406 0.00422706 0.00399616 0.00367415 0.00326938 0.00279872 0.00228775 0.00176870 0.00127742 0.00040002 -0.00013091 -0.00006529 -0.00000532 -0.00001009 -0.00000199 0.00000062 0.00040228 0.00804477 0.00398490 0.72896564 34.43446 
0.480 0.01983222 4 -9577871.42 -58360.70 -521148.73 -1036041.98 -1519338.68 -6442981.34 -735843604.49 -0.01028801 0.01610509 0.01964982 0.01303214 0.00185547 0.00381601 0.00421127 0.00442474 0.00454601 0.00457411 0.00450804 0.00434683 0.00409071 0.00374347 0.00331604 0.00282885 0.00230890 0.00178923 0.00074784 -0.00005721 -0.00008721 -0.00001629 -0.00000805 -0.00000046 0.00000089 0.00045675 0.00800721 0.00399623 0.76319052 36.73009 
0.510 0.02025884 4 -8826794.63 -240959.78 -430998.40 -425989.15 -1241572.71 -6487274.59 -685118410.86 -0.01107347 0.01640765 0.02002598 0.01393836 0.00170478 0.00340022 0.00382117 0.00406569 0.00422665 0.00430283 0.00429281 0.00419501 0.00400832 0.00373337 0.00337550 0.00294839 0.00247303 0.00197973 0.00091803 -0.00000059 -0.00009407 -0.00002297 -0.00000691 0.00000030 0.00000087 0.00045275 0.00817675 0.00407358 0.78471070 39.02572 
0.540 0.02088148 4 2821954.39 -2185976.16 -2413611.79 -417490.48 1800638.68 6038394.15 550091554.08 0.00972844 -0.01650217 -0.02088148 -0.01125890 -0.00151668 0.00199166 0.00208709 0.00212127 0.00211251 0.00206211 0.00197222 0.00184565 0.00168583 0.00149682 0.00128319 0.00105029 0.00080486 0.00056019 0.00011916 -0.00009067 -0.00003709 0.00000199 0.00000689 0.00000156 -0.00000130 0.00018453 -0.00771980 -0.00352083 -0.66067802 41.32135 
0.570 0.02324224 4 2112195.55 -2403487.80 -2528761.15 -763998.57 1853465.88 5954977.20 524457763.66 0.01105442 -0.01895942 -0.02324224 -0.01199164 -0.00149844 0.00277265 0.00292519 0.00299239 0.00300376 0.00296059 0.00286509 0.00272016 0.00252932 0.00229664 0.00202670 0.00172546 0.00140097 0.00106885 0.00039539 -0.00006714 -0.00005970 -0.00000505 0.00000719 0.00000237 -0.00000101 0.00028670 -0.00841457 -0.00379225 -0.70855351 43.61698 
0.600 0.02429337 4 1600625.99 -2603843.03 -2675845.05 -854014.34 1845742.61 5888585.81 508549688.22 0.01191777 -0.01971518 -0.02429337 -0.01297580 -0.00148264 0.00349853 0.00368382 0.00376620 0.00378271 0.00373462 0.00362414 0.00345420 0.00322845 0.00295105 0.00262690 0.00226286 0.00186875 0.00146375 0.00061110 -0.00005148 -0.00008415 -0.00001227 0.00000800 0.00000278 -0.00000141 0.00037153 -0.00880977 -0.00393245 -0.73934173 45.91262 
0.630 0.02540980 4 1170989.08 -2662185.08 -2725299.77 -1094078.82 1796153.27 5856399.47 487925390.61 0.01284561 -0.02066404 -0.02540980 -0.01386143 -0.00142756 0.00405957 0.00426183 0.00435013 0.00436534 0.00430867 0.00418229 0.00398912 0.00373278 0.00341753 0.00304882 0.00263565 0.00218977 0.00173194 0.00075106 -0.00004848 -0.00010299 -0.00001693 0.00000843 0.00000291 -0.00000178 0.00043220 -0.00919406 -0.00408036 -0.77084326 48.20825 
0.660 0.02683600 4 829538.42 -2723082.25 -2836453.30 -1145987.99 1770758.76 5764303.20 471889239.93 0.01387011 -0.02189012 -0.02683600 -0.01483483 -0.00129216 0.00461447 0.00482727 0.00491847 0.00493069 0.00486508 0.00472378 0.00450966 0.00422630 0.00387790 0.00347014 0.00301319 0.00252040 0.00201401 0.00091113 -0.00003830 -0.00012439 -0.00002293 0.00000886 0.00000332 -0.00000190 0.00049300 -0.00965024 -0.00426191 -0.80773140 50.50388 
0.690 0.02841104 4 454348.22 -2804214.05 -2946080.75 -1193789.60 1744087.24 5654345.39 454449037.92 0.01504845 -0.02325838 -0.02841104 -0.01585137 -0.00122173 0.00514328 0.00537160 0.00546908 0.00548109 0.00540880 0.00525431 0.00502048 0.00471089 0.00432975 0.00388301 0.00338242 0.00284362 0.00229034 0.00106766 -0.00002949 -0.00014089 -0.00002685 0.00000912 0.00000363 -0.00000189 0.00055255 -0.01016217 -0.00447026 -0.85045013 52.79951 
