0.001 0.00011293 4 52687.35 -2997.26 757.60 4670.45 5607.08 44649.48 4521040.65 0.00000154 -0.00004083 -0.00011293 -0.00003043 0.00000308 0.00004845 0.00005258 0.00004895 0.00004391 0.00003803 0.00003157 0.00002504 0.00001886 0.00001332 0.00000847 0.00000425 0.00000067 -0.00000231 -0.00000454 0.00000062 0.00001018 -0.00000006 -0.00001040 -0.00000149 0.00000185 0.00000333 -0.00003217 -0.00001331 -0.00235003 0.09801 
0.030 0.00143984 5 -1373197.11 13669.30 94097.10 -14876.47 -131029.64 -1335057.40 -122507860.08 0.00049484 0.00143984 0.00061286 0.00045195 0.00027951 0.00030151 0.00030167 0.00028527 0.00025959 0.00022722 0.00019035 0.00015165 0.00011424 0.00008055 0.00005197 0.00002902 0.00001163 -0.00000080 -0.00001151 -0.00000433 0.00000854 -0.00000094 -0.00001118 -0.00000280 0.00000050 0.00001651 0.00051945 0.00025227 0.03171874 2.94040 
0.060 0.00268967 5 -2647789.97 24562.23 92837.12 -31653.89 -229872.47 -2503662.95 -231383357.51 0.00091264 0.00268967 0.00121569 0.00084959 0.00052462 0.00053809 0.00053243 0.00050135 0.00045331 0.00039190 0.00032206 0.00025032 0.00018361 0.00012542 0.00007753 0.00004039 0.00001334 -0.00000505 -0.00001915 -0.00000759 0.00000824 -0.00000083 -0.00001113 -0.00000330 -0.00000032 0.00002753 0.00098511 0.00047642 0.06044612 5.88081 
0.090 0.00382556 5 -3822048.19 41255.14 83072.55 -57075.19 -323114.12 -3566186.57 -331407445.57 0.00128026 0.00382556 0.00176003 0.00121019 0.00075070 0.00080453 0.00079822 0.00075698 0.00069124 0.00060549 0.00050601 0.00040094 0.00029906 0.00020858 0.00013303 0.00007358 0.00002975 -0.00000038 -0.00002579 -0.00001269 0.00000775 -0.00000044 -0.00001101 -0.00000350 -0.00000074 0.00004272 0.00140792 0.00068270 0.08718877 8.82121 
0.120 0.00489971 5 -4885143.62 77875.47 76508.21 -75947.32 -406925.52 -4556654.46 -424057307.83 0.00163303 0.00489971 0.00226516 0.00153903 0.00095846 0.00109379 0.00109329 0.00104884 0.00097325 0.00087011 0.00074614 0.00061036 0.00047306 0.00034461 0.00023391 0.00014329 0.00007350 0.00002331 -0.00002704 -0.00001993 0.00000641 0.00000001 -0.00001093 -0.00000355 -0.00000092 0.00006302 0.00180223 0.00087832 0.11253353 11.76161 
0.150 0.00589275 5 8192078.25 -347142.53 1536478.85 696813.62 698683.57 5607244.74 617641235.86 -0.00142588 -0.00581492 -0.00304273 -0.00221608 -0.00176943 -0.00298040 -0.00302766 -0.00298108 -0.00286176 -0.00267308 -0.00242265 -0.00212258 -0.00178991 -0.00144458 -0.00110655 -0.00079470 -0.00052629 -0.00031189 -0.00002492 0.00007228 0.00001605 -0.00000622 -0.00000331 -0.00000322 -0.00000302 -0.00021209 -0.00247614 -0.00127342 -0.18428281 14.70201 
0.180 0.00704547 5 9660680.27 -418199.24 1766195.83 825899.08 835702.51 6651082.10 731339312.31 -0.00174113 -0.00696467 -0.00363132 -0.00265314 -0.00210911 -0.00369508 -0.00376037 -0.00371287 -0.00358040 -0.00336592 -0.00307673 -0.00272480 -0.00232800 -0.00190915 -0.00149224 -0.00110000 -0.00075356 -0.00046894 -0.00006809 0.00009089 0.00002309 -0.00000585 -0.00000123 -0.00000328 -0.00000394 -0.00027315 -0.00296602 -0.00153550 -0.22235976 17.64242 
0.210 0.00815386 5 11336302.22 -374163.90 2162565.02 1236244.38 871011.59 7440645.13 835984620.28 -0.00206292 -0.00797316 -0.00438511 -0.00309820 -0.00247272 -0.00457300 -0.00465916 -0.00460584 -0.00444906 -0.00419293 -0.00384642 -0.00342370 -0.00294508 -0.00243645 -0.00192613 -0.00144168 -0.00100866 -0.00064629 -0.00011810 0.00011144 0.00003189 -0.00000492 0.00000100 -0.00000313 -0.00000469 -0.00034497 -0.00349101 -0.00181976 -0.26580414 20.58282 
0.240 0.00947835 5 10843157.94 -821363.93 1894965.89 850665.55 889000.94 8029889.48 858787267.69 -0.00178980 -0.00908678 -0.00595682 -0.00334098 -0.00249902 -0.00445250 -0.00454093 -0.00451195 -0.00439929 -0.00420258 -0.00392316 -0.00356536 -0.00314003 -0.00266616 -0.00216924 -0.00167819 -0.00122256 -0.00082609 -0.00020640 0.00010990 0.00004141 -0.00000167 0.00000214 -0.00000287 -0.00000483 -0.00036029 -0.00394411 -0.00204030 -0.30280828 23.52322 
0.270 0.01076433 5 11420312.46 -957494.76 2179853.93 994078.35 899608.75 8304266.19 899350741.24 -0.00120363 -0.01024209 -0.00807369 -0.00362925 -0.00266678 -0.00494822 -0.00504692 -0.00501972 -0.00490406 -0.00469938 -0.00440630 -0.00402800 -0.00357395 -0.00306217 -0.00251826 -0.00197336 -0.00146042 -0.00100698 -0.00027479 0.00012070 0.00005138 0.00000040 0.00000333 -0.00000242 -0.00000486 -0.00040924 -0.00454211 -0.00234663 -0.35966530 26.46363 
0.300 0.01166626 4 3141983.91 -545486.86 -3347460.92 -1529459.19 1892069.59 6672321.28 526683212.30 0.00175842 -0.01026435 -0.01166626 -0.00383235 -0.00114014 0.00017602 0.00027028 0.00031795 0.00033719 0.00032931 0.00029628 0.00024062 0.00016546 0.00007492 -0.00002278 -0.00011057 -0.00017120 -0.00019578 -0.00014437 -0.00002977 0.00000592 0.00000466 0.00000254 -0.00000147 -0.00000323 0.00000832 -0.00438011 -0.00204887 -0.33508404 29.40403 
0.330 0.01446995 4 1475157.02 -632285.46 -4005306.00 -2269374.56 1899632.58 6482490.46 451359565.66 0.00355310 -0.01226279 -0.01446995 -0.00418186 -0.00091525 0.00122042 0.00138460 0.00146475 0.00149449 0.00147511 0.00140862 0.00129762 0.00114548 0.00095769 0.00074660 0.00053274 0.00033824 0.00018115 -0.00000653 -0.00004871 -0.00001025 0.00000334 0.00000197 -0.00000072 -0.00000236 0.00011810 -0.00490352 -0.00223592 -0.37562055 32.34443 
0.360 0.01720073 4 -292020.19 -1012952.20 -4445009.99 -2953501.05 2035126.74 6084316.32 376365325.64 0.00536476 -0.01468958 -0.01720073 -0.00468238 -0.00074426 0.00247613 0.00272627 0.00284823 0.00289337 0.00286283 0.00275861 0.00258327 0.00234099 0.00204103 0.00170103 0.00134592 0.00100249 0.00069599 0.00021013 -0.00005784 -0.00003235 -0.00000033 0.00000110 0.00000016 -0.00000136 0.00025508 -0.00549734 -0.00244152 -0.41648604 35.28483 
0.390 0.01985343 4 -2104161.48 -1687675.87 -4776199.65 -3551164.17 2216148.03 5694730.17 312777372.43 0.00709325 -0.01710245 -0.01985343 -0.00532907 -0.00062558 0.00388830 0.00423260 0.00439673 0.00445180 0.00439917 0.00424207 0.00398427 0.00363416 0.00320789 0.00272898 0.00222669 0.00173204 0.00127520 0.00047358 -0.00005703 -0.00005674 -0.00000549 0.00000032 0.00000108 -0.00000038 0.00040711 -0.00613341 -0.00265893 -0.45879604 38.22524 
0.420 0.02226504 4 -3894940.74 -2578638.50 -5105513.73 -3992844.51 2364040.01 5418015.99 264490305.95 0.00848986 -0.01952640 -0.02226504 -0.00584372 -0.00053548 0.00529529 0.00572943 0.00592633 0.00597796 0.00588739 0.00566213 0.00531130 0.00484967 0.00429904 0.00368718 0.00304662 0.00241164 0.00181642 0.00072147 -0.00005743 -0.00008172 -0.00001081 0.00000002 0.00000196 0.00000044 0.00055245 -0.00673942 -0.00286581 -0.49520638 41.16564 
0.450 0.02467264 4 -5598147.55 -3485671.04 -5472778.34 -4378914.19 2446279.36 5292936.66 226338094.07 0.00947640 -0.02243701 -0.02467264 -0.00586581 -0.00043070 0.00662372 0.00715088 0.00738319 0.00743523 0.00731338 0.00702891 0.00659647 0.00603616 0.00537421 0.00464193 0.00387486 0.00311022 0.00238554 0.00100460 -0.00004361 -0.00010725 -0.00001758 0.00000026 0.00000288 0.00000100 0.00069606 -0.00731617 -0.00305989 -0.52058745 44.10604 
0.480 0.02715482 4 -6936928.74 -4114941.21 -5823503.35 -4833118.25 2407779.63 5426854.44 199293222.13 0.01020215 -0.02582493 -0.02715482 -0.00583445 -0.00032267 0.00784755 0.00846408 0.00873648 0.00880042 0.00866384 0.00834031 0.00784809 0.00721100 0.00645856 0.00562499 0.00474852 0.00386916 0.00302691 0.00136402 -0.00000447 -0.00014178 -0.00002872 0.00000137 0.00000416 0.00000135 0.00084054 -0.00797085 -0.00329003 -0.54613453 47.04644 
0.510 0.02976190 5 -9631579.01 -4097605.86 -7121998.35 -5252195.11 1205124.20 5635096.12 69136136.01 0.01095458 -0.02857119 -0.02870237 -0.00576452 0.00018418 0.00988001 0.01057492 0.01086258 0.01090831 0.01072176 0.01031871 0.00972095 0.00895632 0.00805832 0.00706504 0.00601877 0.00496396 0.00394466 0.00186552 0.00003157 -0.00020221 -0.00004563 0.00000374 0.00000588 0.00000155 0.00105589 -0.00822077 -0.00329279 -0.53288348 49.98685 
0.540 0.03403460 5 -10204346.73 -3999371.05 -7373399.97 -5929014.75 964793.39 6132645.65 51588549.88 0.01111756 -0.03273259 -0.03103452 -0.00497984 0.00037216 0.01056726 0.01132440 0.01164942 0.01171970 0.01154508 0.01114169 0.01053176 0.00974357 0.00881099 0.00777250 0.00667137 0.00555356 0.00446475 0.00219236 0.00009350 -0.00023193 -0.00005883 0.00000493 0.00000736 0.00000194 0.00115499 -0.00878494 -0.00350461 -0.54233719 52.92725 
