0.001 0.00011512 4 -2128.33 -24083.40 -19384.16 -9858.20 1594.14 49603.29 3238361.28 0.00000100 -0.00004700 -0.00011512 -0.00002728 0.00000993 0.00007076 0.00007481 0.00006983 0.00006271 0.00005422 0.00004488 0.00003541 0.00002649 0.00001854 0.00001171 0.00000597 0.00000130 -0.00000240 -0.00000520 0.00000021 0.00001009 -0.00000009 -0.00001044 -0.00000153 0.00000181 0.00000444 -0.00002986 -0.00001164 -0.00196846 0.11225 
0.030 0.00203552 5 -1470737.36 -321092.98 468306.81 376728.62 -119133.15 -1875546.66 -136690176.95 0.00068236 0.00203552 0.00088085 0.00048568 0.00022242 0.00028745 0.00029658 0.00028784 0.00027063 0.00024598 0.00021485 0.00017867 0.00014065 0.00010417 0.00007157 0.00004414 0.00002244 0.00000628 -0.00001010 -0.00000554 0.00000819 -0.00000086 -0.00001113 -0.00000265 0.00000069 0.00001828 0.00064020 0.00030982 0.03598346 3.36736 
0.060 0.00406735 5 -2421841.03 -134826.91 749425.04 810483.48 -113661.59 -3733261.04 -264817479.36 0.00137425 0.00406735 0.00180380 0.00093418 0.00043407 0.00027821 0.00027996 0.00026980 0.00025709 0.00024204 0.00022431 0.00020359 0.00017860 0.00014835 0.00011543 0.00008319 0.00005444 0.00003063 -0.00000059 -0.00000649 0.00000695 -0.00000123 -0.00001140 -0.00000316 -0.00000003 0.00002051 0.00127195 0.00060716 0.06953815 6.73472 
0.090 0.00608449 5 -3051758.28 215979.56 1092108.31 1213355.79 -53323.17 -5519878.77 -382335430.57 0.00209385 0.00608449 0.00269336 0.00137166 0.00062606 0.00011641 0.00010673 0.00009829 0.00009818 0.00010506 0.00011604 0.00012751 0.00013506 0.00013365 0.00012026 0.00009786 0.00007304 0.00004954 0.00001206 -0.00000373 0.00000686 -0.00000158 -0.00001192 -0.00000345 -0.00000040 0.00001305 0.00188716 0.00089159 0.10038772 10.10209 
0.120 0.00806108 5 -3353266.62 813825.67 1561549.59 1421484.46 11121.93 -7161248.28 -492977054.22 0.00287875 0.00806108 0.00357393 0.00188416 0.00083296 -0.00039319 -0.00043890 -0.00045671 -0.00044821 -0.00041452 -0.00035824 -0.00028255 -0.00019500 -0.00010847 -0.00003649 0.00001226 0.00003781 0.00004714 0.00003786 0.00001321 0.00000921 -0.00000264 -0.00001280 -0.00000360 -0.00000052 -0.00002316 0.00252153 0.00116973 0.12958615 13.46945 
0.150 0.00987695 5 -3889863.00 1202733.66 1572915.22 1747401.17 -21627.32 -8391285.73 -583302678.65 0.00349023 0.00987695 0.00458279 0.00227964 0.00106497 -0.00071347 -0.00080018 -0.00084163 -0.00084837 -0.00082158 -0.00076340 -0.00067679 -0.00056569 -0.00043700 -0.00030493 -0.00018659 -0.00009615 -0.00003723 0.00001825 0.00002455 0.00001440 -0.00000259 -0.00001324 -0.00000367 -0.00000060 -0.00005960 0.00312983 0.00143553 0.15962737 16.83681 
0.180 0.01165122 5 -4518827.44 1187113.82 1357661.60 2166834.29 83060.85 -9313498.00 -639947045.54 0.00352210 0.01165122 0.00593771 0.00247155 0.00120348 -0.00070013 -0.00081405 -0.00088036 -0.00091293 -0.00091264 -0.00088126 -0.00082130 -0.00073598 -0.00062928 -0.00050730 -0.00038177 -0.00026494 -0.00016993 -0.00005414 -0.00000694 0.00000831 -0.00000103 -0.00001128 -0.00000355 -0.00000100 -0.00007874 0.00366055 0.00167415 0.19137785 20.20417 
0.210 0.01311269 5 -4915743.22 1096145.91 1326285.15 2355967.02 170129.20 -9864270.50 -672406286.54 0.00333691 0.01311269 0.00720247 0.00258137 0.00125866 -0.00052537 -0.00065183 -0.00073639 -0.00079066 -0.00081544 -0.00081238 -0.00078388 -0.00073313 -0.00066397 -0.00058066 -0.00048777 -0.00039039 -0.00029622 -0.00014357 -0.00006328 -0.00000977 0.00000011 -0.00001036 -0.00000367 -0.00000125 -0.00008347 0.00407453 0.00186570 0.21904086 23.57153 
0.240 0.01378695 5 -4761792.80 977942.62 1381884.45 2582050.30 397983.11 -10101653.28 -663151171.90 0.00347304 0.01378695 0.00749645 0.00240216 0.00117217 -0.00067785 -0.00082253 -0.00092193 -0.00098804 -0.00102170 -0.00102467 -0.00099951 -0.00094966 -0.00087936 -0.00079315 -0.00069548 -0.00059078 -0.00048407 -0.00026415 -0.00010933 -0.00002433 0.00000106 -0.00001002 -0.00000366 -0.00000119 -0.00011406 0.00413760 0.00187902 0.21477475 26.93890 
0.270 0.01309596 5 -4700368.13 952451.99 1123152.08 2841179.33 463958.09 -10081109.61 -650987500.26 0.00357672 0.01309596 0.00668260 0.00212237 0.00091554 -0.00066884 -0.00078366 -0.00086368 -0.00091464 -0.00093751 -0.00093425 -0.00090757 -0.00086086 -0.00079830 -0.00072455 -0.00064443 -0.00056261 -0.00048359 -0.00032501 -0.00018764 -0.00005447 0.00000183 -0.00000935 -0.00000333 -0.00000083 -0.00011325 0.00377211 0.00170812 0.18617289 30.30626 
0.300 0.01221392 5 -3442440.41 993682.91 1239279.45 3241320.24 500272.79 -9416995.80 -566276222.83 0.00286050 0.01221392 0.00674949 0.00163561 0.00052048 -0.00133527 -0.00148795 -0.00158957 -0.00165282 -0.00167871 -0.00166925 -0.00162728 -0.00155650 -0.00146155 -0.00134774 -0.00122058 -0.00108547 -0.00094755 -0.00062045 -0.00025349 -0.00004149 0.00001300 -0.00000970 -0.00000377 -0.00000028 -0.00020320 0.00336212 0.00146814 0.15475112 33.67362 
0.330 0.01083886 5 -5749146.92 -374499.41 1416906.62 1966402.19 329198.95 -9087155.26 -614206092.07 0.00461418 0.01083886 0.00453906 0.00220107 0.00109921 0.00084355 0.00086252 0.00086583 0.00087155 0.00087840 0.00088430 0.00088649 0.00088164 0.00086593 0.00083543 0.00078636 0.00071544 0.00062028 0.00033057 0.00000433 -0.00003077 -0.00001024 -0.00001127 -0.00000293 -0.00000087 0.00010830 0.00336681 0.00163581 0.17828618 37.04098 
0.360 0.01189420 4 11505481.83 3740976.69 -1918071.52 1567014.40 2920138.06 5195424.20 687522050.81 0.00732917 -0.00598313 -0.01187454 -0.00789938 -0.00318422 -0.01019629 -0.01086678 -0.01123295 -0.01143450 -0.01147192 -0.01134655 -0.01106064 -0.01061744 -0.01002141 -0.00927951 -0.00840610 -0.00742844 -0.00638966 -0.00383759 -0.00070574 0.00032274 0.00015299 -0.00001387 -0.00001424 -0.00000145 -0.00132013 -0.00518376 -0.00313131 -0.64415483 40.40834 
0.390 0.01454658 4 10042013.11 2831925.92 -2149202.17 1242103.64 3151301.08 4965884.64 658424338.16 0.00931868 -0.00813464 -0.01454658 -0.00960426 -0.00320836 -0.00914046 -0.00975986 -0.01010575 -0.01032042 -0.01040344 -0.01035458 -0.01017396 -0.00986223 -0.00942072 -0.00885157 -0.00815849 -0.00735056 -0.00645325 -0.00407500 -0.00088906 0.00031172 0.00017201 -0.00001851 -0.00001600 -0.00000028 -0.00125524 -0.00607675 -0.00351545 -0.72390332 43.77571 
0.420 0.01758402 4 7285689.78 887692.34 -2215100.51 745980.29 2877337.14 4989780.52 609357257.77 0.01138338 -0.01093327 -0.01758402 -0.01115344 -0.00313903 -0.00665798 -0.00709795 -0.00734056 -0.00750687 -0.00759641 -0.00760863 -0.00754291 -0.00739873 -0.00717567 -0.00687321 -0.00649040 -0.00602656 -0.00548336 -0.00380414 -0.00106026 0.00024576 0.00017850 -0.00002013 -0.00001623 0.00000079 -0.00099075 -0.00699841 -0.00380700 -0.78105925 47.14307 
0.450 0.02065602 4 3629209.94 -1279668.99 -2509708.31 371078.24 1985895.43 5061613.58 519226939.52 0.01348881 -0.01393759 -0.02065602 -0.01267907 -0.00305999 -0.00267471 -0.00279478 -0.00284043 -0.00287837 -0.00290760 -0.00292663 -0.00293355 -0.00292616 -0.00290211 -0.00285946 -0.00279433 -0.00270214 -0.00257943 -0.00208660 -0.00085077 0.00009925 0.00013138 -0.00001311 -0.00001048 0.00000152 -0.00043664 -0.00790335 -0.00393686 -0.80525782 50.51043 
0.480 0.02426550 4 7961194.55 320588.96 329677.74 -89457.33 654956.82 6745428.37 635236418.71 0.01478050 -0.02038498 -0.02426550 -0.01498263 -0.00299546 -0.00554909 -0.00605044 -0.00639091 -0.00666970 -0.00688547 -0.00703642 -0.00712034 -0.00713496 -0.00707869 -0.00695174 -0.00675191 -0.00647231 -0.00610667 -0.00478190 -0.00218364 -0.00038065 0.00006911 0.00001221 -0.00000672 -0.00000492 -0.00106655 -0.00964502 -0.00508793 -0.98842108 53.87779 
