0.001 0.00010984 4 22528.71 -4439.27 -10321.38 -4174.63 1567.27 39896.71 3010970.47 -0.00000085 -0.00003761 -0.00010984 -0.00002493 0.00000907 0.00005839 0.00006222 0.00005781 0.00005175 0.00004469 0.00003699 0.00002922 0.00002192 0.00001540 0.00000976 0.00000493 0.00000092 -0.00000233 -0.00000477 0.00000053 0.00001026 0.00000001 -0.00001038 -0.00000146 0.00000188 0.00000381 -0.00002812 -0.00001116 -0.00193136 0.08448 
0.030 0.00126126 5 -962704.16 -20547.99 74245.85 169240.08 -28767.04 -1156875.07 -90755447.83 0.00045624 0.00126126 0.00049531 0.00030558 0.00019477 0.00020690 0.00020815 0.00019701 0.00017960 0.00015696 0.00013085 0.00010371 0.00007774 0.00005449 0.00003481 0.00001897 0.00000688 -0.00000188 -0.00000913 -0.00000243 0.00000934 -0.00000078 -0.00001133 -0.00000246 0.00000103 0.00001154 0.00041033 0.00019848 0.02314867 2.53433 
0.060 0.00248394 5 -1305568.47 318517.00 562632.66 248171.88 -144496.24 -2290393.78 -177118034.25 0.00083116 0.00248394 0.00110706 0.00068936 0.00031554 0.00009927 0.00010417 0.00010890 0.00011827 0.00012909 0.00013701 0.00013720 0.00012772 0.00011054 0.00008917 0.00006666 0.00004554 0.00002730 0.00000195 -0.00000445 0.00000556 -0.00000157 -0.00001006 -0.00000318 -0.00000062 0.00001194 0.00082050 0.00039098 0.04646728 5.06866 
0.090 0.00375738 5 -1976045.67 431374.97 837486.59 421140.96 -196357.35 -3469690.84 -264859571.67 0.00124472 0.00375738 0.00170573 0.00101481 0.00045532 0.00022899 0.00024560 0.00026241 0.00028642 0.00031325 0.00033641 0.00034771 0.00033967 0.00030997 0.00026262 0.00020651 0.00015054 0.00010044 0.00002288 -0.00001256 0.00000133 -0.00000165 -0.00000972 -0.00000326 -0.00000099 0.00003126 0.00123367 0.00059492 0.07115959 7.60299 
0.120 0.00505725 5 -2644413.28 651356.69 1077331.87 523788.98 -260383.44 -4636507.37 -357002899.56 0.00168738 0.00505725 0.00231931 0.00138276 0.00062758 0.00025667 0.00027140 0.00029049 0.00032149 0.00036171 0.00040455 0.00044179 0.00046247 0.00045635 0.00041990 0.00035848 0.00028380 0.00020838 0.00007168 -0.00001383 -0.00000399 -0.00000255 -0.00000950 -0.00000314 -0.00000111 0.00004371 0.00167464 0.00080825 0.09713483 10.13732 
0.150 0.00639077 5 -3642236.67 780325.01 1149439.31 578520.83 -335258.33 -5815263.49 -458804038.92 0.00215160 0.00639077 0.00294789 0.00177658 0.00085814 0.00040058 0.00040650 0.00041393 0.00043196 0.00045928 0.00049317 0.00053036 0.00056423 0.00058275 0.00057287 0.00052852 0.00045388 0.00036191 0.00015729 -0.00000594 -0.00001089 -0.00000461 -0.00000940 -0.00000288 -0.00000107 0.00006172 0.00215147 0.00104134 0.12643588 12.67165 
0.180 0.00768670 5 -4946730.84 662927.82 1130257.40 628969.67 -413002.78 -6955882.95 -560974274.92 0.00257352 0.00768670 0.00355248 0.00213331 0.00109302 0.00094763 0.00097414 0.00098454 0.00099542 0.00100570 0.00101351 0.00101641 0.00101131 0.00099368 0.00095525 0.00088475 0.00077735 0.00064212 0.00030733 0.00000442 -0.00002429 -0.00000835 -0.00000921 -0.00000250 -0.00000099 0.00012024 0.00261470 0.00128958 0.15949255 15.20598 
0.210 0.00901682 5 -5797050.99 400321.82 1050219.96 1055467.34 -464042.78 -7839017.32 -621268953.76 0.00264627 0.00901682 0.00459695 0.00230198 0.00122026 0.00148494 0.00153297 0.00155037 0.00155938 0.00155891 0.00154709 0.00152152 0.00147930 0.00141716 0.00133127 0.00121710 0.00107216 0.00089886 0.00045366 0.00001803 -0.00003763 -0.00001248 -0.00000876 -0.00000221 -0.00000109 0.00017847 0.00304794 0.00152361 0.19348369 17.74031 
0.240 0.01093762 5 -6047338.59 255365.50 1162295.41 1687098.45 -509441.53 -8642656.42 -657348840.39 0.00190188 0.01093762 0.00697215 0.00244887 0.00124976 0.00190377 0.00196289 0.00198541 0.00199682 0.00199595 0.00198093 0.00194926 0.00189794 0.00182356 0.00172276 0.00159261 0.00143113 0.00123877 0.00069240 0.00005853 -0.00005996 -0.00002091 -0.00000742 -0.00000151 -0.00000132 0.00023559 0.00366696 0.00184413 0.24883630 20.27464 
0.270 0.01341418 5 -5096321.97 512640.94 1519374.27 2098644.06 -514992.96 -8711988.29 -630568273.55 0.00035714 0.01341418 0.01043126 0.00280373 0.00118612 0.00132568 0.00131913 0.00130635 0.00130025 0.00129964 0.00130248 0.00130600 0.00130653 0.00129957 0.00128056 0.00124573 0.00119227 0.00111694 0.00078923 0.00016463 -0.00006143 -0.00003143 -0.00000593 -0.00000062 -0.00000161 0.00018176 0.00446049 0.00218753 0.31312422 22.80897 
0.300 0.01552787 5 -4405259.35 934708.04 1563762.62 1949945.80 -357436.99 -8496238.82 -606434198.22 -0.00155985 0.01552787 0.01271650 0.00304380 0.00146337 0.00127726 0.00121832 0.00117384 0.00114453 0.00112930 0.00112613 0.00113215 0.00114333 0.00115429 0.00115922 0.00115388 0.00113631 0.00110491 0.00090381 0.00028462 -0.00006963 -0.00004746 -0.00000400 0.00000111 -0.00000158 0.00017542 0.00502474 0.00244867 0.36861766 25.34330 
0.330 0.01857213 5 -3887935.34 1235235.72 2006358.33 1804908.30 -165810.28 -8768627.40 -609757209.93 -0.00211650 0.01857213 0.01470838 0.00325677 0.00153449 0.00036068 0.00021407 0.00011654 0.00005119 0.00001705 0.00001217 0.00003372 0.00007769 0.00013846 0.00020956 0.00028567 0.00036368 0.00044110 0.00054728 0.00027950 -0.00003357 -0.00004095 -0.00000498 0.00000133 -0.00000068 0.00004831 0.00569136 0.00269364 0.39785240 27.87763 
0.360 0.02040375 5 -3487410.06 1378650.34 2259068.39 1856737.36 -196491.19 -8785374.96 -602634887.04 -0.00241605 0.02040375 0.01602139 0.00325963 0.00159096 -0.00022288 -0.00043885 -0.00058236 -0.00068228 -0.00073949 -0.00075590 -0.00073427 -0.00067867 -0.00059493 -0.00049010 -0.00037012 -0.00023822 -0.00009664 0.00021616 0.00024118 -0.00000689 -0.00003302 -0.00000546 0.00000134 -0.00000005 -0.00004593 0.00609395 0.00283230 0.41332427 30.41196 
0.390 0.01901261 5 -2910764.31 1098455.36 2543068.04 2267013.36 -74988.65 -8744312.42 -560463787.73 -0.00127860 0.01901261 0.01458245 0.00255649 0.00138687 -0.00090064 -0.00116822 -0.00134743 -0.00147446 -0.00155018 -0.00157645 -0.00155603 -0.00149287 -0.00139266 -0.00126226 -0.00110767 -0.00093244 -0.00073920 -0.00023981 0.00012755 0.00001399 -0.00001928 -0.00000657 0.00000025 0.00000024 -0.00015604 0.00556838 0.00252743 0.35233060 32.94629 
0.420 0.01853622 5 -2886410.06 1077135.08 2155724.48 2339896.69 -82270.53 -8376895.79 -537379931.32 -0.00132167 0.01853622 0.01422848 0.00220060 0.00137838 -0.00057458 -0.00082676 -0.00099818 -0.00112212 -0.00119944 -0.00123200 -0.00122254 -0.00117501 -0.00109504 -0.00098956 -0.00086461 -0.00072363 -0.00056872 -0.00016680 0.00011030 -0.00000306 -0.00002098 -0.00000551 0.00000044 0.00000005 -0.00011983 0.00536529 0.00245147 0.34200417 35.48062 
0.450 0.01647257 5 -3713228.69 884356.03 1563546.32 2396770.97 -9259.94 -8548642.06 -562548028.04 -0.00060760 0.01647257 0.01232962 0.00165849 0.00157269 0.00066683 0.00050322 0.00038694 0.00030124 0.00024513 0.00021671 0.00021322 0.00023071 0.00026352 0.00030479 0.00034865 0.00039213 0.00043366 0.00048827 0.00025443 -0.00004140 -0.00004268 -0.00000450 0.00000241 0.00000044 0.00006302 0.00483522 0.00230012 0.32127624 38.01495 
0.480 0.01459548 5 3004141.04 -720653.32 -2173607.65 -1914148.38 445140.56 7367409.83 498717389.56 0.00494798 -0.01360028 -0.01418347 -0.00347038 -0.00213451 -0.00159973 -0.00151104 -0.00145501 -0.00141852 -0.00140006 -0.00139727 -0.00140720 -0.00142662 -0.00145271 -0.00148305 -0.00151321 -0.00153486 -0.00153801 -0.00139427 -0.00072644 -0.00005244 0.00006142 0.00000390 -0.00000541 -0.00000307 -0.00025321 -0.00505900 -0.00250605 -0.43273697 40.54928 
0.510 0.01826441 5 3284983.13 -789490.13 -1973649.97 -2069941.15 549480.82 7568583.56 521367925.01 0.00682759 -0.01718533 -0.01704031 -0.00455358 -0.00281052 -0.00209361 -0.00198811 -0.00191795 -0.00186614 -0.00183119 -0.00181074 -0.00180186 -0.00180133 -0.00180643 -0.00181508 -0.00182298 -0.00182112 -0.00179878 -0.00158281 -0.00079077 -0.00004347 0.00006984 0.00000335 -0.00000637 -0.00000330 -0.00030653 -0.00621724 -0.00307733 -0.53617542 43.08361 
0.540 0.01826409 5 3289034.05 -960802.37 -1849433.26 -1995074.08 789927.70 7304416.06 523250555.14 0.00838422 -0.01713553 -0.01764565 -0.00539121 -0.00418922 -0.00297711 -0.00280685 -0.00268459 -0.00258142 -0.00249590 -0.00242571 -0.00236794 -0.00231943 -0.00227785 -0.00224184 -0.00220740 -0.00216466 -0.00210183 -0.00178476 -0.00084207 -0.00001573 0.00008642 0.00000197 -0.00000783 -0.00000325 -0.00037878 -0.00680413 -0.00339084 -0.61517509 45.61794 
0.570 0.01811170 4 659793.32 -2515222.71 -2192106.21 -2497505.75 1584204.20 6280423.78 451944158.98 0.00683888 -0.01562313 -0.01811170 -0.00646650 -0.00172969 0.00287872 0.00326348 0.00351296 0.00368940 0.00379386 0.00382836 0.00379559 0.00369852 0.00353932 0.00331929 0.00304320 0.00272201 0.00236812 0.00141726 0.00028317 0.00000035 -0.00001119 0.00000430 0.00000242 -0.00000063 0.00045921 -0.00632329 -0.00272027 -0.47998378 48.15227 
0.600 0.01881099 4 -69728.85 -2861615.80 -2138038.77 -2749633.72 1591302.23 6088257.20 423624855.16 0.00756132 -0.01617760 -0.01881099 -0.00671329 -0.00179594 0.00352388 0.00397183 0.00426154 0.00446759 0.00459100 0.00463377 0.00459861 0.00448835 0.00430450 0.00404725 0.00372177 0.00334066 0.00291862 0.00178208 0.00037453 -0.00001883 -0.00002325 0.00000493 0.00000369 -0.00000032 0.00056096 -0.00649508 -0.00274674 -0.48877758 50.68660 
0.630 0.01921397 4 -845921.07 -3337419.55 -2169737.17 -2861642.36 1604037.25 5918840.75 402209719.70 0.00801926 -0.01641774 -0.01921397 -0.00690561 -0.00191081 0.00434007 0.00487152 0.00521356 0.00545728 0.00560358 0.00565437 0.00561225 0.00547990 0.00525812 0.00494619 0.00454990 0.00408357 0.00356571 0.00219025 0.00046779 -0.00004467 -0.00003731 0.00000596 0.00000511 -0.00000008 0.00068531 -0.00661027 -0.00273469 -0.48957614 53.22093 
0.660 0.01952011 4 -1742897.91 -3977028.45 -2290090.48 -2906976.38 1618449.18 5812748.23 386893358.20 0.00827018 -0.01666989 -0.01952011 -0.00697854 -0.00208033 0.00531050 0.00594544 0.00634964 0.00663518 0.00680280 0.00685426 0.00679204 0.00661860 0.00633414 0.00593780 0.00543731 0.00485143 0.00420942 0.00255812 0.00052735 -0.00008218 -0.00005308 0.00000746 0.00000670 0.00000006 0.00082104 -0.00671808 -0.00271312 -0.48601253 55.75526 
0.690 0.02003447 4 -3317000.42 -4964053.23 -2458599.90 -3243567.27 1505740.64 5843479.34 356843619.17 0.00785480 -0.01761586 -0.02003447 -0.00663908 -0.00154508 0.00736954 0.00811259 0.00856132 0.00885325 0.00898906 0.00897063 0.00880062 0.00848160 0.00801413 0.00740223 0.00666799 0.00584842 0.00498816 0.00291562 0.00050616 -0.00016591 -0.00007566 0.00001019 0.00000885 0.00000010 0.00103329 -0.00666728 -0.00257655 -0.44676117 58.28959 
0.720 0.01897156 4 -4244465.14 -5672804.09 -2669926.21 -3078205.69 1462370.85 5714100.00 343587503.10 0.00746603 -0.01608629 -0.01897156 -0.00683003 -0.00154044 0.00851243 0.00932321 0.00980031 0.01009850 0.01021841 0.01016195 0.00993185 0.00953103 0.00896228 0.00823608 0.00738111 0.00644191 0.00546970 0.00317674 0.00054303 -0.00020036 -0.00009001 0.00001192 0.00001019 -0.00000005 0.00115826 -0.00638522 -0.00237795 -0.41588415 60.82392 
0.750 0.01922795 4 -51037.30 1697673.52 2226602.59 3208197.63 -441267.72 -6742243.32 -372846922.55 -0.00976317 0.01836433 0.01888672 0.00856542 0.00320949 -0.00174486 -0.00213682 -0.00240309 -0.00260172 -0.00273348 -0.00280016 -0.00280472 -0.00275312 -0.00265894 -0.00253835 -0.00239522 -0.00222001 -0.00200007 -0.00124321 -0.00018191 0.00005735 0.00001586 -0.00000708 -0.00000429 -0.00000138 -0.00034481 0.00736257 0.00326823 0.59721229 63.35826 
0.780 0.02068077 4 -478705.65 1567435.76 2037262.98 3283633.82 -324771.95 -7042266.26 -392485815.26 -0.01115886 0.01990848 0.02033255 0.01062600 0.00378294 -0.00150839 -0.00187926 -0.00213079 -0.00231695 -0.00243849 -0.00249724 -0.00249623 -0.00244212 -0.00235072 -0.00224011 -0.00211327 -0.00195855 -0.00176117 -0.00105373 -0.00007043 0.00009192 0.00001524 -0.00000857 -0.00000377 -0.00000048 -0.00029858 0.00830936 0.00373662 0.69128601 65.89259 
0.810 0.02333344 3 1069300.03 -2568113.87 -3536606.44 2216728.83 2427541.79 2529749.74 395854520.27 0.02285684 0.01537957 -0.00579539 -0.02333344 -0.01550486 -0.00709815 -0.00660269 -0.00620958 -0.00583895 -0.00548994 -0.00516092 -0.00485012 -0.00455854 -0.00429522 -0.00406518 -0.00385610 -0.00364776 -0.00342360 -0.00268727 -0.00109262 0.00015301 0.00020833 -0.00001059 -0.00001902 -0.00000193 -0.00069772 -0.00773349 -0.00399592 -1.15788872 68.42692 
0.840 0.02762894 3 1388485.75 -2775422.84 -3441662.83 2737621.24 2833295.91 2034654.27 412212822.92 0.02561073 0.01887734 -0.00563428 -0.02762894 -0.01722433 -0.00765135 -0.00713927 -0.00672849 -0.00633703 -0.00596409 -0.00560818 -0.00526779 -0.00494566 -0.00465401 -0.00439738 -0.00416190 -0.00392672 -0.00367285 -0.00283323 -0.00106895 0.00019852 0.00021667 -0.00001156 -0.00002000 -0.00000228 -0.00074715 -0.00864918 -0.00445144 -1.30569437 70.96125 
0.870 0.03277175 3 1890461.67 -3009516.42 -3221428.51 3093433.44 3301108.06 1726865.10 444280598.77 0.02883674 0.02007388 -0.00767711 -0.03277175 -0.01856762 -0.00760638 -0.00707873 -0.00665504 -0.00625079 -0.00586520 -0.00549675 -0.00514404 -0.00481043 -0.00450841 -0.00424199 -0.00399869 -0.00375945 -0.00350471 -0.00265898 -0.00091570 0.00023290 0.00020050 -0.00001148 -0.00001832 -0.00000192 -0.00071922 -0.01023665 -0.00518077 -1.49346499 73.49558 
0.900 0.03780114 3 2488821.18 -2998634.46 -3018483.42 3249141.75 3544360.64 1712436.67 474929155.46 0.03208479 0.02095665 -0.01012283 -0.03780114 -0.01967880 -0.00767847 -0.00716324 -0.00674639 -0.00634592 -0.00596104 -0.00559019 -0.00523201 -0.00489044 -0.00457845 -0.00429980 -0.00404280 -0.00378988 -0.00352192 -0.00262584 -0.00081663 0.00026840 0.00019457 -0.00001160 -0.00001766 -0.00000177 -0.00072117 -0.01183253 -0.00592992 -1.68283139 76.02991 
0.930 0.04144572 3 2683208.07 -3024676.33 -3049769.04 3401080.50 3542330.09 1814242.85 490588104.59 0.03413844 0.02239335 -0.01122925 -0.04144572 -0.02062964 -0.00756172 -0.00703197 -0.00660479 -0.00619530 -0.00580269 -0.00542538 -0.00506212 -0.00471740 -0.00440432 -0.00412612 -0.00387125 -0.00362268 -0.00336314 -0.00249668 -0.00073771 0.00029051 0.00019338 -0.00001177 -0.00001736 -0.00000157 -0.00069350 -0.01286237 -0.00639798 -1.80851375 78.56424 
0.960 0.04501557 3 2856412.94 -2975996.22 -3120213.01 3653113.01 3211249.01 2088260.16 501778689.85 0.03607105 0.02419316 -0.01153937 -0.04495375 -0.02172796 -0.00764446 -0.00710248 -0.00666499 -0.00624506 -0.00584189 -0.00545388 -0.00507999 -0.00472610 -0.00440612 -0.00412359 -0.00386488 -0.00361339 -0.00335243 -0.00248425 -0.00070193 0.00032440 0.00020329 -0.00001274 -0.00001805 -0.00000134 -0.00069241 -0.01372898 -0.00680365 -1.92370093 81.09857 
0.990 0.04893113 3 3113567.80 -2817209.62 -3131446.62 3848427.48 2892770.68 2321025.88 509325460.43 0.03818880 0.02559885 -0.01180386 -0.04863065 -0.02290799 -0.00790018 -0.00736154 -0.00692370 -0.00650044 -0.00609096 -0.00569366 -0.00530781 -0.00494121 -0.00461063 -0.00431884 -0.00405212 -0.00379366 -0.00352433 -0.00261874 -0.00073146 0.00034192 0.00021136 -0.00001337 -0.00001862 -0.00000116 -0.00072351 -0.01466804 -0.00726038 -2.04762656 83.63290 
1.020 0.05261728 3 3329487.22 -2594349.98 -3157881.35 3945835.23 2693127.66 2442755.66 510259204.32 0.04023701 0.02676431 -0.01180296 -0.05207293 -0.02412604 -0.00826486 -0.00773032 -0.00729217 -0.00686494 -0.00644778 -0.00603915 -0.00563852 -0.00525524 -0.00490873 -0.00460259 -0.00432338 -0.00405581 -0.00377564 -0.00281840 -0.00080096 0.00034664 0.00021911 -0.00001384 -0.00001921 -0.00000101 -0.00077056 -0.01553960 -0.00769394 -2.16426922 86.16723 
1.050 0.05620353 3 3561591.83 -2319175.03 -3168473.16 4021932.14 2582301.73 2445006.15 506683459.22 0.04221594 0.02827092 -0.01121908 -0.05542442 -0.02549018 -0.00883609 -0.00830465 -0.00786375 -0.00742879 -0.00699893 -0.00657268 -0.00614977 -0.00574114 -0.00536887 -0.00503743 -0.00473662 -0.00445383 -0.00415655 -0.00312039 -0.00091963 0.00034004 0.00022745 -0.00001407 -0.00001989 -0.00000096 -0.00084395 -0.01629818 -0.00808853 -2.27522515 88.70156 
1.080 0.05877045 3 3497804.11 -2279168.36 -3267157.70 4044290.37 2415388.35 2584451.46 504989986.80 0.04359864 0.02966670 -0.01070982 -0.05784839 -0.02671381 -0.00902772 -0.00845069 -0.00797582 -0.00750990 -0.00705206 -0.00660073 -0.00615587 -0.00572947 -0.00534389 -0.00501396 -0.00476476 -0.00454342 -0.00426988 -0.00325798 -0.00102952 0.00032479 0.00024003 -0.00001422 -0.00002109 -0.00000112 -0.00085953 -0.01687973 -0.00836942 -2.35644980 91.23589 
1.110 0.05984011 3 3816069.17 -1865326.55 -3368838.93 4365231.49 2303264.05 2381739.11 493982459.48 0.04438245 0.03115866 -0.00827055 -0.05881737 -0.02807010 -0.01042154 -0.00984710 -0.00936127 -0.00887238 -0.00837952 -0.00788116 -0.00737745 -0.00688796 -0.00645219 -0.00608571 -0.00577543 -0.00548806 -0.00516132 -0.00387535 -0.00118556 0.00035008 0.00026015 -0.00001569 -0.00002297 -0.00000117 -0.00102540 -0.01684220 -0.00843994 -2.39108299 93.77022 
1.140 0.06337137 3 3690826.52 -1781324.94 -3392245.72 4198829.39 2219735.01 2445832.78 484176111.88 0.04673859 0.03204630 -0.00903193 -0.06221275 -0.02916044 -0.01034576 -0.00973529 -0.00922428 -0.00871375 -0.00820276 -0.00768970 -0.00717510 -0.00668140 -0.00625066 -0.00589972 -0.00561979 -0.00537105 -0.00508463 -0.00386900 -0.00123167 0.00032595 0.00025735 -0.00001493 -0.00002266 -0.00000116 -0.00100932 -0.01779657 -0.00887879 -2.50984777 96.30455 
1.170 0.06273177 3 3774978.42 -1498029.90 -3595964.27 4435843.57 2177590.74 2255538.27 471451917.27 0.04649431 0.03385979 -0.00628674 -0.06157064 -0.03016382 -0.01157920 -0.01095150 -0.01041868 -0.00987900 -0.00933146 -0.00877441 -0.00820946 -0.00766006 -0.00716913 -0.00675483 -0.00641294 -0.00610238 -0.00575220 -0.00434917 -0.00140426 0.00031513 0.00026849 -0.00001561 -0.00002365 -0.00000109 -0.00114896 -0.01728999 -0.00871549 -2.48984372 98.83888 
1.200 0.06421700 3 3651276.82 -1404258.64 -3735080.29 4395199.17 2035116.82 2360299.76 464032135.77 0.04710386 0.03470743 -0.00497334 -0.06300631 -0.03096395 -0.01176881 -0.01111345 -0.01056042 -0.01000262 -0.00943895 -0.00886764 -0.00829131 -0.00773608 -0.00724496 -0.00683530 -0.00650416 -0.00620826 -0.00587480 -0.00450307 -0.00154126 0.00027066 0.00026945 -0.00001462 -0.00002370 -0.00000119 -0.00117418 -0.01747556 -0.00881588 -2.52272833 101.37321 
