0.001 0.00010960 4 55259.03 62.34 5195.62 5762.76 5656.44 38581.88 4200254.01 0.00000537 -0.00003355 -0.00010960 -0.00002862 0.00000316 0.00004558 0.00004966 0.00004616 0.00004137 0.00003580 0.00002972 0.00002357 0.00001777 0.00001256 0.00000798 0.00000398 0.00000055 -0.00000232 -0.00000446 0.00000068 0.00001019 -0.00000006 -0.00001040 -0.00000149 0.00000185 0.00000317 -0.00002996 -0.00001236 -0.00226640 0.06638 
0.030 0.00118421 5 1467764.90 80535.20 60390.36 99407.53 148863.44 1078568.36 111019837.05 -0.00029010 -0.00111511 -0.00066109 -0.00042535 -0.00025839 -0.00029567 -0.00028671 -0.00026999 -0.00024370 -0.00021073 -0.00017390 -0.00013644 -0.00010120 -0.00007028 -0.00004491 -0.00002555 -0.00001195 -0.00000339 0.00000406 0.00000451 0.00000589 -0.00000239 -0.00000920 -0.00000267 -0.00000000 -0.00001466 -0.00046195 -0.00022434 -0.03132167 1.99139 
0.060 0.00218301 5 2791275.50 145973.42 72686.36 231317.02 301988.23 2039310.46 212380577.36 -0.00056997 -0.00211155 -0.00117426 -0.00080677 -0.00050268 -0.00067915 -0.00067567 -0.00064831 -0.00059761 -0.00052739 -0.00044339 -0.00035333 -0.00026574 -0.00018733 -0.00012172 -0.00007033 -0.00003291 -0.00000795 0.00001464 0.00001102 0.00000265 -0.00000397 -0.00000718 -0.00000327 -0.00000162 -0.00003716 -0.00086816 -0.00042672 -0.05938150 3.98278 
0.090 0.00311276 5 4136770.61 234906.03 208532.13 328799.60 424798.81 2939734.04 308391955.99 -0.00082317 -0.00303857 -0.00164202 -0.00114378 -0.00074838 -0.00110335 -0.00110659 -0.00106823 -0.00099299 -0.00088619 -0.00075572 -0.00061219 -0.00046729 -0.00033279 -0.00021847 -0.00012789 -0.00006103 -0.00001556 0.00002673 0.00001948 -0.00000003 -0.00000527 -0.00000474 -0.00000347 -0.00000292 -0.00006298 -0.00124603 -0.00061757 -0.08607082 5.97417 
0.120 0.00400637 5 5478792.64 317594.87 408053.50 427410.96 530986.56 3794746.75 401303360.11 -0.00107558 -0.00393063 -0.00208095 -0.00146091 -0.00099740 -0.00155110 -0.00156285 -0.00151473 -0.00141593 -0.00127289 -0.00109578 -0.00089833 -0.00069600 -0.00050416 -0.00033617 -0.00020079 -0.00009951 -0.00002946 0.00003821 0.00002958 -0.00000201 -0.00000632 -0.00000204 -0.00000342 -0.00000400 -0.00009133 -0.00161146 -0.00080393 -0.11218506 7.96556 
0.150 0.00504330 5 6920845.60 120148.26 867361.48 614749.35 597053.20 4721533.31 509750783.98 -0.00142159 -0.00496674 -0.00259454 -0.00187903 -0.00137920 -0.00201096 -0.00201434 -0.00194317 -0.00180977 -0.00162210 -0.00139215 -0.00113611 -0.00087319 -0.00062307 -0.00040265 -0.00022458 -0.00009459 -0.00000801 0.00006580 0.00003992 -0.00000279 -0.00000735 -0.00000176 -0.00000325 -0.00000386 -0.00011434 -0.00208384 -0.00103760 -0.14527376 9.95694 
0.180 0.00609243 5 7955391.03 6125.28 967114.07 676184.95 666394.97 5639571.75 600097636.20 -0.00180362 -0.00601431 -0.00310096 -0.00223656 -0.00163234 -0.00233192 -0.00233492 -0.00225629 -0.00210855 -0.00189938 -0.00164102 -0.00135007 -0.00104651 -0.00075229 -0.00048768 -0.00026881 -0.00010630 0.00000149 0.00008973 0.00005125 -0.00000478 -0.00000826 0.00000063 -0.00000307 -0.00000464 -0.00013363 -0.00250179 -0.00124376 -0.17251612 11.94833 
0.210 0.00715756 5 10431637.04 289772.31 1071620.82 1229599.62 1126634.46 6714009.83 758713915.58 -0.00181396 -0.00704090 -0.00374851 -0.00281952 -0.00200902 -0.00380589 -0.00388451 -0.00383347 -0.00368407 -0.00344284 -0.00312110 -0.00273454 -0.00230390 -0.00185412 -0.00141161 -0.00100187 -0.00064778 -0.00036553 -0.00000165 0.00010078 0.00001291 -0.00000541 0.00000902 -0.00000008 -0.00000448 -0.00027117 -0.00301629 -0.00155802 -0.22519717 13.93972 
0.240 0.00821675 5 9990093.88 -156685.09 1208024.74 771195.50 782427.98 7385130.74 771270561.86 -0.00258857 -0.00812073 -0.00414894 -0.00294672 -0.00213987 -0.00305191 -0.00305262 -0.00295684 -0.00278041 -0.00253061 -0.00221936 -0.00186272 -0.00148118 -0.00109801 -0.00073732 -0.00042239 -0.00017282 0.00000112 0.00014723 0.00008586 -0.00000523 -0.00000965 0.00000522 -0.00000213 -0.00000559 -0.00017943 -0.00334920 -0.00166535 -0.22849177 15.93111 
0.270 0.00937072 5 10277944.21 -388339.44 857699.49 847292.20 960181.19 8001110.76 830006502.77 -0.00277178 -0.00911395 -0.00517387 -0.00333779 -0.00226296 -0.00307071 -0.00307592 -0.00299518 -0.00284257 -0.00262166 -0.00233975 -0.00200750 -0.00164066 -0.00125983 -0.00088810 -0.00054992 -0.00026834 -0.00005911 0.00014224 0.00010013 -0.00000198 -0.00000932 0.00000707 -0.00000147 -0.00000566 -0.00019099 -0.00380535 -0.00188532 -0.26113486 17.92250 
0.300 0.01065486 5 10314054.16 -529327.03 438701.57 959843.86 827413.03 8617422.73 866517819.19 -0.00263088 -0.01023305 -0.00648745 -0.00362266 -0.00230466 -0.00312397 -0.00313991 -0.00307552 -0.00294523 -0.00275021 -0.00249420 -0.00218360 -0.00182997 -0.00145114 -0.00106903 -0.00070815 -0.00039312 -0.00014463 0.00012789 0.00011519 0.00000253 -0.00000896 0.00000838 -0.00000076 -0.00000546 -0.00020670 -0.00424056 -0.00209768 -0.29498026 19.91389 
0.330 0.01164441 5 9749909.31 -400197.91 -388827.44 940447.41 823747.64 8774739.60 853546670.21 -0.00213990 -0.01111997 -0.00809111 -0.00378595 -0.00216411 -0.00294575 -0.00297142 -0.00292800 -0.00282917 -0.00267472 -0.00246539 -0.00220303 -0.00189339 -0.00154878 -0.00118774 -0.00083322 -0.00051007 -0.00024179 0.00009036 0.00011893 0.00000666 -0.00000791 0.00000900 -0.00000017 -0.00000505 -0.00020881 -0.00457938 -0.00225763 -0.32449092 21.90528 
0.360 0.01287391 5 9039389.71 -22727.61 -1041223.13 454241.71 932555.41 8716543.33 811184599.53 -0.00116790 -0.01223631 -0.01015617 -0.00378177 -0.00193545 -0.00283544 -0.00287245 -0.00284755 -0.00277495 -0.00265384 -0.00248356 -0.00226368 -0.00199575 -0.00168615 -0.00134841 -0.00100249 -0.00067205 -0.00038177 0.00002865 0.00012479 0.00001434 -0.00000636 0.00000932 0.00000043 -0.00000445 -0.00021738 -0.00490607 -0.00241533 -0.35720701 23.89667 
0.390 0.01452014 5 8106520.72 168805.12 -1104304.10 -437748.68 1021165.93 8458602.46 746540986.22 0.00028538 -0.01376695 -0.01233703 -0.00356087 -0.00169803 -0.00277693 -0.00281953 -0.00280637 -0.00275109 -0.00265269 -0.00251001 -0.00232174 -0.00208752 -0.00180979 -0.00149672 -0.00116413 -0.00083308 -0.00052856 -0.00004843 0.00012596 0.00002282 -0.00000434 0.00000874 0.00000092 -0.00000359 -0.00022766 -0.00517878 -0.00254863 -0.38734048 25.88806 
0.420 0.01611963 5 7105700.00 -42906.62 -921926.29 -1110958.92 959681.71 8221810.12 691410091.82 0.00162503 -0.01528204 -0.01402864 -0.00329311 -0.00152656 -0.00261816 -0.00265245 -0.00264136 -0.00259571 -0.00251448 -0.00239634 -0.00223965 -0.00204317 -0.00180706 -0.00153498 -0.00123679 -0.00092814 -0.00063167 -0.00011952 0.00011932 0.00003081 -0.00000191 0.00000774 0.00000112 -0.00000286 -0.00022483 -0.00537128 -0.00263737 -0.40766420 27.87945 
0.450 0.01741484 5 6204726.52 -377640.78 -891824.91 -1472867.84 852536.21 8094523.84 654004120.71 0.00248520 -0.01651261 -0.01518294 -0.00301866 -0.00139072 -0.00228959 -0.00230567 -0.00229270 -0.00225600 -0.00219450 -0.00210667 -0.00199056 -0.00184427 -0.00166649 -0.00145746 -0.00122018 -0.00096204 -0.00070004 -0.00019785 0.00009435 0.00003267 0.00000049 0.00000711 0.00000098 -0.00000261 -0.00020708 -0.00549434 -0.00268562 -0.41693738 29.87083 
0.480 0.01810967 5 5449968.82 -596503.77 -1036407.50 -1592762.20 846404.69 7829237.59 619505389.00 0.00338358 -0.01722880 -0.01615202 -0.00291124 -0.00124743 -0.00189556 -0.00189128 -0.00187222 -0.00183776 -0.00178721 -0.00171937 -0.00163264 -0.00152526 -0.00139560 -0.00124249 -0.00106575 -0.00086756 -0.00065826 -0.00022614 0.00006354 0.00002933 0.00000230 0.00000684 0.00000049 -0.00000292 -0.00017546 -0.00556595 -0.00270240 -0.42462252 31.86222 
0.510 0.01854672 5 5155440.17 -696088.16 -1129656.41 -1612164.80 845191.14 7748158.41 608352526.19 0.00372118 -0.01765037 -0.01659994 -0.00286811 -0.00118661 -0.00166225 -0.00164358 -0.00161814 -0.00158135 -0.00153291 -0.00147214 -0.00139812 -0.00130976 -0.00120586 -0.00108517 -0.00094644 -0.00078941 -0.00061935 -0.00024389 0.00004073 0.00002686 0.00000366 0.00000660 0.00000013 -0.00000311 -0.00015484 -0.00561906 -0.00271634 -0.42776173 33.85361 
0.540 0.01881818 5 4899458.61 -771305.63 -1230793.24 -1644372.05 873097.78 7672831.74 598902234.15 0.00392683 -0.01791059 -0.01688845 -0.00282695 -0.00113232 -0.00142128 -0.00138747 -0.00135477 -0.00131480 -0.00126749 -0.00121249 -0.00114938 -0.00107762 -0.00099648 -0.00090489 -0.00080114 -0.00068363 -0.00055388 -0.00024427 0.00002081 0.00002278 0.00000437 0.00000631 -0.00000019 -0.00000327 -0.00013151 -0.00564397 -0.00271562 -0.42784548 35.84500 
0.570 0.02000362 5 5585236.43 -1053654.70 -1110552.99 -560964.16 1030753.26 7279655.02 636660742.43 0.00451767 -0.01898777 -0.01795019 -0.00309558 -0.00110522 -0.00188029 -0.00188446 -0.00187366 -0.00185102 -0.00181530 -0.00176459 -0.00169646 -0.00160834 -0.00149781 -0.00136271 -0.00120105 -0.00101208 -0.00080202 -0.00031979 0.00005022 0.00003410 0.00000216 0.00000476 -0.00000091 -0.00000314 -0.00018807 -0.00594903 -0.00288867 -0.45953263 37.83639 
0.600 0.02103847 5 5270006.19 -1185712.24 -1290192.55 -625731.29 973994.35 7397647.93 633610509.89 0.00479202 -0.01997514 -0.01870227 -0.00317168 -0.00104058 -0.00155671 -0.00154265 -0.00152518 -0.00150338 -0.00147599 -0.00144103 -0.00139598 -0.00133806 -0.00126454 -0.00117259 -0.00105884 -0.00091998 -0.00075709 -0.00033849 0.00002991 0.00003221 0.00000347 0.00000470 -0.00000103 -0.00000321 -0.00016073 -0.00614854 -0.00296767 -0.47004801 39.82778 
0.630 0.02164416 5 4789943.05 -1341520.18 -1523030.82 -726969.81 819496.35 7561967.51 623962647.87 0.00457426 -0.02059670 -0.01884059 -0.00309844 -0.00098746 -0.00099438 -0.00094430 -0.00091004 -0.00088321 -0.00086251 -0.00084590 -0.00083074 -0.00081411 -0.00079303 -0.00076419 -0.00072307 -0.00066418 -0.00058395 -0.00031571 -0.00000162 0.00002814 0.00000498 0.00000413 -0.00000143 -0.00000336 -0.00010508 -0.00621372 -0.00296866 -0.46276903 41.81917 
0.660 0.02310010 5 4689435.04 -1407332.40 -1616515.16 -797539.49 761719.43 7749102.67 629269045.51 0.00493666 -0.02198694 -0.01984570 -0.00334683 -0.00094329 -0.00077667 -0.00071756 -0.00068040 -0.00065518 -0.00064056 -0.00063446 -0.00063420 -0.00063683 -0.00063942 -0.00063866 -0.00062955 -0.00060551 -0.00056107 -0.00035347 -0.00003199 0.00002577 0.00000663 0.00000429 -0.00000150 -0.00000336 -0.00008887 -0.00654013 -0.00311307 -0.48373626 43.81056 
0.690 0.02427816 5 4628952.63 -1410154.34 -1675738.59 -888659.11 720622.63 7882882.04 631239392.56 0.00519581 -0.02310392 -0.02063465 -0.00342410 -0.00089136 -0.00068148 -0.00061911 -0.00058176 -0.00055897 -0.00054937 -0.00055085 -0.00056070 -0.00057601 -0.00059400 -0.00061141 -0.00062295 -0.00062128 -0.00059973 -0.00042958 -0.00008031 0.00002712 0.00001192 0.00000417 -0.00000191 -0.00000337 -0.00008739 -0.00676918 -0.00321966 -0.49840373 45.80195 
0.720 0.02540911 5 4488425.34 -1386069.45 -1778838.28 -1018668.22 717906.70 7954094.59 627194876.23 0.00544722 -0.02417949 -0.02142725 -0.00339972 -0.00082827 -0.00055205 -0.00048163 -0.00044073 -0.00041741 -0.00041028 -0.00041717 -0.00043535 -0.00046192 -0.00049422 -0.00052910 -0.00056109 -0.00058217 -0.00058465 -0.00046750 -0.00012369 0.00002534 0.00001588 0.00000412 -0.00000219 -0.00000335 -0.00007854 -0.00696748 -0.00330791 -0.50974337 47.79333 
0.750 0.02645819 5 4299630.01 -1391286.54 -1880024.43 -1151881.55 762889.83 7959932.70 620758644.81 0.00586346 -0.02518288 -0.02222323 -0.00333155 -0.00093173 -0.00056336 -0.00047358 -0.00042041 -0.00038803 -0.00037503 -0.00037922 -0.00039781 -0.00042792 -0.00046692 -0.00051173 -0.00055677 -0.00059362 -0.00061391 -0.00053751 -0.00018192 0.00001913 0.00001984 0.00000409 -0.00000249 -0.00000332 -0.00008158 -0.00718491 -0.00341145 -0.52646577 49.78472 
0.780 0.02732811 5 4064978.13 -1389713.97 -2001930.98 -1299699.33 831545.35 7924777.05 611079001.89 0.00628926 -0.02601239 -0.02294376 -0.00328626 -0.00103074 -0.00053229 -0.00042161 -0.00035558 -0.00031388 -0.00029507 -0.00029689 -0.00031650 -0.00035091 -0.00039744 -0.00045298 -0.00051192 -0.00056563 -0.00060524 -0.00057642 -0.00022556 0.00001514 0.00002306 0.00000394 -0.00000274 -0.00000328 -0.00007782 -0.00737360 -0.00349791 -0.54139057 51.77611 
0.810 0.02770860 5 3715144.16 -1360153.06 -2208556.80 -1479736.10 934930.54 7828659.59 594357944.21 0.00665655 -0.02635790 -0.02340862 -0.00330641 -0.00109781 -0.00035282 -0.00021605 -0.00013405 -0.00008069 -0.00005453 -0.00005335 -0.00007430 -0.00011431 -0.00017059 -0.00023999 -0.00031706 -0.00039340 -0.00046017 -0.00051370 -0.00024295 0.00000829 0.00002441 0.00000385 -0.00000282 -0.00000319 -0.00005127 -0.00747707 -0.00353231 -0.54941983 53.76750 
