0.001 0.00010676 4 50655.35 2217.63 3951.12 5889.01 5600.30 32997.29 3686064.82 0.00000726 -0.00002758 -0.00010676 -0.00002676 0.00000458 0.00004590 0.00004988 0.00004628 0.00004142 0.00003581 0.00002971 0.00002355 0.00001775 0.00001255 0.00000799 0.00000399 0.00000058 -0.00000229 -0.00000442 0.00000073 0.00001027 -0.00000001 -0.00001038 -0.00000146 0.00000188 0.00000319 -0.00002770 -0.00001129 -0.00212986 0.04656 
0.030 0.00103845 5 1421883.21 43262.67 123498.59 158662.66 151829.22 944630.07 104676686.08 -0.00025115 -0.00096959 -0.00059166 -0.00039980 -0.00025635 -0.00031552 -0.00030791 -0.00029260 -0.00026692 -0.00023311 -0.00019411 -0.00015362 -0.00011496 -0.00008063 -0.00005216 -0.00003020 -0.00001457 -0.00000455 0.00000453 0.00000524 0.00000646 -0.00000223 -0.00000935 -0.00000252 0.00000024 -0.00001619 -0.00042349 -0.00020712 -0.02959452 1.39687 
0.060 0.00193490 5 2950685.74 117899.41 298578.19 375175.47 323638.93 1835393.74 210828465.52 -0.00046471 -0.00186403 -0.00106049 -0.00077929 -0.00053685 -0.00084570 -0.00084808 -0.00082106 -0.00076682 -0.00068871 -0.00059224 -0.00048509 -0.00037644 -0.00027503 -0.00018693 -0.00011533 -0.00006116 -0.00002331 0.00001534 0.00001594 0.00000435 -0.00000396 -0.00000750 -0.00000310 -0.00000127 -0.00004956 -0.00081717 -0.00040940 -0.05921087 2.79375 
0.090 0.00279953 5 4434258.08 156187.64 502495.46 587235.28 485813.04 2702526.67 314841837.16 -0.00065873 -0.00272610 -0.00151081 -0.00114278 -0.00081496 -0.00141381 -0.00143320 -0.00140141 -0.00132672 -0.00121344 -0.00106857 -0.00090190 -0.00072504 -0.00055085 -0.00039184 -0.00025658 -0.00014956 -0.00007095 0.00001829 0.00003031 0.00000409 -0.00000531 -0.00000523 -0.00000334 -0.00000257 -0.00009032 -0.00119781 -0.00060949 -0.08889843 4.19062 
0.120 0.00365429 5 5934390.27 194729.22 722371.94 814214.10 650056.80 3553018.21 418846127.61 -0.00085251 -0.00357889 -0.00195495 -0.00150758 -0.00109923 -0.00201333 -0.00205347 -0.00201994 -0.00192767 -0.00178185 -0.00159103 -0.00136740 -0.00112537 -0.00088025 -0.00064745 -0.00044158 -0.00027293 -0.00014460 0.00001196 0.00004675 0.00000555 -0.00000623 -0.00000270 -0.00000336 -0.00000367 -0.00013627 -0.00157920 -0.00081269 -0.11927680 5.58749 
0.150 0.00450300 5 7430596.40 236893.53 965533.36 1034689.20 805857.21 4387623.09 521254584.78 -0.00104944 -0.00442653 -0.00238920 -0.00186168 -0.00138396 -0.00267642 -0.00274104 -0.00270878 -0.00260183 -0.00242575 -0.00219028 -0.00190954 -0.00160079 -0.00128268 -0.00097347 -0.00069082 -0.00045043 -0.00026064 -0.00001194 0.00006507 0.00000985 -0.00000643 -0.00000007 -0.00000324 -0.00000459 -0.00019065 -0.00195725 -0.00101879 -0.15024162 6.98437 
0.180 0.00535001 5 8915078.67 285912.13 1214158.11 1253121.33 955947.98 5205939.13 621920199.70 -0.00125706 -0.00527266 -0.00281947 -0.00221238 -0.00166652 -0.00342581 -0.00351630 -0.00348593 -0.00336512 -0.00315949 -0.00287941 -0.00254001 -0.00216091 -0.00176424 -0.00137190 -0.00100469 -0.00068216 -0.00041908 -0.00005343 0.00008518 0.00001714 -0.00000577 0.00000258 -0.00000293 -0.00000528 -0.00025453 -0.00233577 -0.00123016 -0.18213839 8.38124 
0.210 0.00623329 5 10284580.79 304185.66 1416700.01 1446246.62 1089796.33 6027652.17 718909284.36 -0.00149701 -0.00615217 -0.00326733 -0.00256359 -0.00193707 -0.00418342 -0.00430337 -0.00428062 -0.00415411 -0.00392889 -0.00361490 -0.00322692 -0.00278532 -0.00231485 -0.00184118 -0.00138882 -0.00098109 -0.00063672 -0.00012665 0.00010322 0.00002808 -0.00000386 0.00000511 -0.00000240 -0.00000565 -0.00032530 -0.00272132 -0.00144850 -0.21477303 9.77811 
0.240 0.00716791 5 11492119.54 283161.89 1571042.08 1580979.49 1198828.23 6858107.84 810243324.96 -0.00173327 -0.00706724 -0.00376174 -0.00290043 -0.00218590 -0.00492844 -0.00508631 -0.00508197 -0.00496353 -0.00473458 -0.00440331 -0.00398243 -0.00349104 -0.00295452 -0.00240158 -0.00186143 -0.00136226 -0.00092735 -0.00024036 0.00011772 0.00004311 -0.00000075 0.00000721 -0.00000160 -0.00000553 -0.00040423 -0.00310848 -0.00167191 -0.24817555 11.17498 
0.270 0.00814006 5 10725592.23 199835.96 1003347.47 1032659.02 1169716.36 7320033.42 801466655.44 -0.00125716 -0.00780789 -0.00511767 -0.00296634 -0.00203088 -0.00487245 -0.00506025 -0.00509967 -0.00504083 -0.00488356 -0.00462902 -0.00428036 -0.00384657 -0.00334525 -0.00280173 -0.00224667 -0.00171277 -0.00122793 -0.00039539 0.00011076 0.00005931 0.00000420 0.00000758 -0.00000086 -0.00000465 -0.00043814 -0.00335925 -0.00180749 -0.27402997 12.57186 
0.300 0.00886300 5 10047750.15 253359.16 605885.48 589895.69 1284159.13 7314450.68 773645163.21 -0.00023685 -0.00838978 -0.00713653 -0.00299600 -0.00186199 -0.00478027 -0.00497500 -0.00503031 -0.00499647 -0.00487270 -0.00465850 -0.00435407 -0.00396290 -0.00349592 -0.00297356 -0.00242513 -0.00188484 -0.00138417 -0.00048838 0.00009953 0.00006749 0.00000737 0.00000765 -0.00000033 -0.00000387 -0.00044992 -0.00365100 -0.00195051 -0.30872395 13.96873 
0.330 0.00970097 5 -10793425.55 -256028.03 -581664.09 -1029705.44 -1057936.60 -7868091.39 -827740552.60 0.00118305 0.00970097 0.00698308 0.00314756 0.00211578 0.00518792 0.00536614 0.00539044 0.00531607 0.00514322 0.00487310 0.00450840 0.00405676 0.00353446 0.00296667 0.00238450 0.00182149 0.00130735 0.00042099 -0.00011820 -0.00006496 -0.00000674 -0.00001000 -0.00000319 -0.00000123 0.00046212 0.00397842 0.00211048 0.31857711 15.36560 
0.360 0.01163335 4 7344626.74 114055.53 -773732.68 -507840.53 1462898.53 7049245.89 662849577.31 0.00219372 -0.01052069 -0.01163335 -0.00316752 -0.00131443 -0.00320817 -0.00333078 -0.00337296 -0.00336526 -0.00330643 -0.00319487 -0.00302880 -0.00280697 -0.00252983 -0.00220240 -0.00183832 -0.00145981 -0.00109423 -0.00040995 0.00006309 0.00005072 0.00000708 0.00000786 0.00000003 -0.00000344 -0.00031807 -0.00429974 -0.00218458 -0.36451682 16.76248 
0.390 0.01255482 5 6488632.63 -218756.94 -653190.03 -659354.51 746534.00 7273400.10 626095987.79 0.00221125 -0.01183669 -0.01229004 -0.00315621 -0.00122177 -0.00249474 -0.00257573 -0.00260404 -0.00259884 -0.00255878 -0.00248208 -0.00236666 -0.00221060 -0.00201267 -0.00177387 -0.00150084 -0.00120782 -0.00091679 -0.00035506 0.00004457 0.00003991 0.00000627 0.00000806 -0.00000008 -0.00000359 -0.00025186 -0.00450313 -0.00224476 -0.36578355 18.15935 
0.420 0.01500514 5 6387398.62 -8825.82 -672006.50 -954312.75 393377.88 7629165.80 615749263.34 0.00242272 -0.01416454 -0.01358802 -0.00265874 -0.00109956 -0.00267691 -0.00276784 -0.00280489 -0.00280938 -0.00277988 -0.00271443 -0.00261076 -0.00246661 -0.00228000 -0.00205022 -0.00178025 -0.00147970 -0.00116833 -0.00051070 0.00002225 0.00005139 0.00001045 0.00000735 -0.00000062 -0.00000357 -0.00028641 -0.00479332 -0.00239914 -0.37954880 19.55622 
0.450 0.01571051 5 6335494.26 -175141.72 -553722.15 -902035.06 448272.44 7518120.75 616209732.93 0.00286618 -0.01480455 -0.01428640 -0.00304107 -0.00113206 -0.00261591 -0.00271095 -0.00275496 -0.00276864 -0.00275057 -0.00269873 -0.00261076 -0.00248420 -0.00231678 -0.00210710 -0.00185626 -0.00157058 -0.00126723 -0.00059337 -0.00000408 0.00005316 0.00001267 0.00000655 -0.00000131 -0.00000371 -0.00029231 -0.00504020 -0.00251801 -0.40250777 20.95310 
0.480 0.01710777 5 6177703.18 -154200.25 -638078.92 -1007797.05 421680.33 7556099.07 609439613.22 0.00327359 -0.01610474 -0.01518244 -0.00276801 -0.00104949 -0.00268841 -0.00278688 -0.00283406 -0.00285240 -0.00284044 -0.00279616 -0.00271713 -0.00260076 -0.00244457 -0.00224661 -0.00200648 -0.00172766 -0.00142392 -0.00070948 -0.00003150 0.00005923 0.00001605 0.00000580 -0.00000182 -0.00000363 -0.00031095 -0.00519749 -0.00260164 -0.41297080 22.34997 
0.510 0.01800917 5 6118710.38 -369472.55 -720262.10 -618775.58 441000.51 7386220.09 613797205.79 0.00328143 -0.01696177 -0.01596402 -0.00268595 -0.00105038 -0.00258952 -0.00267364 -0.00271506 -0.00273326 -0.00272675 -0.00269345 -0.00263088 -0.00253628 -0.00240690 -0.00224004 -0.00203330 -0.00178638 -0.00150720 -0.00080206 -0.00007068 0.00005804 0.00001847 0.00000499 -0.00000215 -0.00000334 -0.00031027 -0.00541177 -0.00270173 -0.42559327 23.74684 
0.540 0.01681096 5 7597188.10 -292810.23 -335823.86 -297514.02 948882.50 7574453.70 695319785.39 0.00387888 -0.01592506 -0.01545129 -0.00280664 -0.00130074 -0.00394997 -0.00411607 -0.00419241 -0.00421824 -0.00419218 -0.00411228 -0.00397640 -0.00378255 -0.00352960 -0.00321764 -0.00284936 -0.00243288 -0.00198903 -0.00098116 -0.00004371 0.00008357 0.00002325 0.00000654 -0.00000128 -0.00000317 -0.00045024 -0.00527498 -0.00271196 -0.44280846 25.14371 
0.570 0.01683937 4 -5930314.83 481086.79 1012897.47 384632.24 -1346185.32 -6462746.01 -601988200.95 -0.00588769 0.01613789 0.01661777 0.00440420 0.00111950 0.00309836 0.00323527 0.00329684 0.00332098 0.00330672 0.00325243 0.00315582 0.00301395 0.00282357 0.00258302 0.00229428 0.00196321 0.00160338 0.00076480 -0.00000762 -0.00008178 -0.00001782 -0.00000405 0.00000113 0.00000083 0.00035415 0.00559639 0.00281159 0.48329329 26.54059 
0.600 0.01652390 4 -5375704.71 602337.31 1238438.77 -27771.86 -1271953.22 -5916755.72 -564157981.36 -0.00666314 0.01463216 0.01631758 0.00518527 0.00107499 0.00272250 0.00286520 0.00293496 0.00297056 0.00297107 0.00293499 0.00286011 0.00274351 0.00258189 0.00237334 0.00211937 0.00182466 0.00150042 0.00072570 -0.00001138 -0.00008389 -0.00001774 -0.00000313 0.00000110 0.00000043 0.00032162 0.00547291 0.00273642 0.48957609 27.93746 
0.630 0.01813781 4 -7582469.14 1027126.77 614545.81 -805696.21 -1581388.82 -6837056.69 -725322522.69 -0.00663717 0.01696397 0.01804426 0.00688010 0.00166856 0.00360397 0.00379862 0.00389378 0.00393979 0.00393565 0.00387978 0.00377004 0.00360367 0.00337778 0.00309101 0.00274583 0.00234957 0.00191974 0.00091761 -0.00002698 -0.00011412 -0.00002468 -0.00000558 -0.00000018 -0.00000047 0.00042057 0.00665436 0.00334283 0.58837988 29.33433 
0.660 0.01937220 4 -7544287.10 835296.81 878083.21 -750523.78 -1500778.30 -7006365.05 -723469474.92 -0.00697373 0.01911346 0.01924458 0.00656356 0.00156371 0.00355044 0.00373433 0.00382222 0.00386229 0.00385349 0.00379420 0.00368219 0.00351472 0.00328892 0.00300343 0.00266065 0.00226782 0.00184264 0.00085841 -0.00004483 -0.00011055 -0.00002191 -0.00000531 -0.00000000 -0.00000021 0.00040835 0.00693803 0.00346931 0.59949667 30.73121 
0.690 0.02038068 5 -6487920.19 874389.71 1374714.16 -571959.22 -1170004.61 -6995060.24 -674037233.56 -0.00647036 0.02038068 0.01965100 0.00579348 0.00135945 0.00258757 0.00268381 0.00272007 0.00273071 0.00271474 0.00267050 0.00259566 0.00248721 0.00234194 0.00215720 0.00193224 0.00166832 0.00137217 0.00064298 -0.00004407 -0.00008319 -0.00001536 -0.00000527 -0.00000032 -0.00000020 0.00029203 0.00692645 0.00340209 0.57045298 32.12808 
0.720 0.02026525 5 -6406878.61 826365.95 1386285.16 -448445.14 -1290158.62 -6880925.97 -665983545.29 -0.00658128 0.02026525 0.01950673 0.00543432 0.00138645 0.00277214 0.00286993 0.00290529 0.00291342 0.00289336 0.00284349 0.00276148 0.00264434 0.00248870 0.00229188 0.00205332 0.00177454 0.00146212 0.00068364 -0.00006159 -0.00009623 -0.00001648 -0.00000487 -0.00000042 -0.00000042 0.00031010 0.00679786 0.00335141 0.56288971 33.52495 
0.750 0.02051592 5 -5495932.66 1083886.53 1353275.59 -214918.05 -1119703.98 -6598472.75 -617649992.53 -0.00585000 0.02051592 0.01913287 0.00444170 0.00124294 0.00194689 0.00195779 0.00193922 0.00191148 0.00187370 0.00182426 0.00176081 0.00168022 0.00157872 0.00145305 0.00130145 0.00112341 0.00092076 0.00039386 -0.00008847 -0.00006472 -0.00000661 -0.00000573 -0.00000130 -0.00000050 0.00019665 0.00653243 0.00316671 0.51659739 34.92183 
0.780 0.02055974 5 5511332.11 -275895.61 -1093697.30 -1196665.25 773386.78 7304203.49 588643415.69 0.00483790 -0.01898727 -0.01829219 -0.00258498 -0.00085362 -0.00293308 -0.00306667 -0.00315412 -0.00322388 -0.00327442 -0.00330348 -0.00330824 -0.00328551 -0.00323181 -0.00314302 -0.00301410 -0.00283985 -0.00261685 -0.00183741 -0.00051666 0.00005982 0.00005980 0.00000269 -0.00000570 -0.00000354 -0.00045153 -0.00579512 -0.00295648 -0.47638855 36.31870 
0.810 0.02273376 5 5190353.62 -342363.07 -1239647.53 -1346379.50 938392.28 7180351.44 577243050.52 0.00564610 -0.02109146 -0.02038109 -0.00287893 -0.00087448 -0.00265894 -0.00275728 -0.00282342 -0.00287923 -0.00292314 -0.00295282 -0.00296542 -0.00295761 -0.00292556 -0.00286496 -0.00277071 -0.00263723 -0.00246053 -0.00179762 -0.00056083 0.00004169 0.00005990 0.00000278 -0.00000556 -0.00000334 -0.00041795 -0.00638313 -0.00321429 -0.51859413 37.71557 
