0.001 0.00010883 4 29477.84 -3394.04 -6502.99 -1507.98 3665.22 37217.63 3189935.72 0.00000420 -0.00003322 -0.00010883 -0.00002558 0.00000773 0.00005477 0.00005869 0.00005456 0.00004887 0.00004224 0.00003500 0.00002770 0.00002082 0.00001467 0.00000933 0.00000473 0.00000087 -0.00000228 -0.00000465 0.00000060 0.00001030 0.00000003 -0.00001037 -0.00000145 0.00000189 0.00000364 -0.00002754 -0.00001098 -0.00198919 0.07957 
0.030 0.00139630 5 -265703.94 203676.30 392609.65 309684.14 40352.20 -1212026.23 -72970271.83 0.00063229 0.00139630 0.00053061 0.00027900 0.00009999 -0.00018364 -0.00018806 -0.00018561 -0.00017400 -0.00015514 -0.00013143 -0.00010565 -0.00008029 -0.00005730 -0.00003797 -0.00002298 -0.00001233 -0.00000560 0.00000125 0.00000466 0.00000936 -0.00000140 -0.00001094 -0.00000240 0.00000090 -0.00001037 0.00040739 0.00018547 0.01754663 2.38704 
0.060 0.00262302 5 -582518.25 478390.32 655668.63 515086.42 56147.57 -2287811.18 -145309645.35 0.00116313 0.00262302 0.00108331 0.00056787 0.00021214 -0.00040355 -0.00042130 -0.00041869 -0.00039664 -0.00035846 -0.00030927 -0.00025530 -0.00020095 -0.00014932 -0.00010367 -0.00006615 -0.00003759 -0.00001760 0.00000449 0.00001002 0.00000977 -0.00000197 -0.00001091 -0.00000283 0.00000021 -0.00002540 0.00079736 0.00036029 0.03560689 4.77407 
0.090 0.00373746 5 -980248.11 729198.56 862836.59 640514.72 46641.89 -3259439.88 -216450912.07 0.00164803 0.00373746 0.00158984 0.00085641 0.00033831 -0.00057833 -0.00061080 -0.00061272 -0.00058771 -0.00053983 -0.00047502 -0.00040088 -0.00032512 -0.00025218 -0.00018426 -0.00012511 -0.00007747 -0.00004198 0.00000166 0.00001547 0.00001127 -0.00000219 -0.00001093 -0.00000306 -0.00000022 -0.00003981 0.00116744 0.00052612 0.05333435 7.16111 
0.120 0.00481476 5 -1295258.74 1057989.95 1087344.19 711374.23 20510.03 -4172477.13 -285937508.91 0.00212436 0.00481476 0.00208417 0.00116393 0.00047140 -0.00085739 -0.00091353 -0.00092522 -0.00090018 -0.00084165 -0.00075640 -0.00065296 -0.00054157 -0.00043172 -0.00032856 -0.00023511 -0.00015568 -0.00009310 -0.00000883 0.00002404 0.00001450 -0.00000228 -0.00001100 -0.00000318 -0.00000049 -0.00006446 0.00153551 0.00068557 0.07020870 9.54815 
0.150 0.00577534 5 -1658609.91 1410384.62 1205025.28 716378.58 -20154.80 -4970243.59 -353238493.79 0.00254570 0.00577534 0.00253552 0.00147590 0.00063180 -0.00118072 -0.00127376 -0.00130919 -0.00130026 -0.00124866 -0.00115903 -0.00103634 -0.00089067 -0.00073576 -0.00058392 -0.00044243 -0.00031480 -0.00020702 -0.00004483 0.00003550 0.00002151 -0.00000179 -0.00001130 -0.00000333 -0.00000064 -0.00010133 0.00188659 0.00083056 0.08581516 11.93518 
0.180 0.00648928 5 -2125124.99 1564186.91 1324130.80 644381.28 -85682.85 -5572141.14 -409766304.37 0.00281778 0.00648928 0.00289095 0.00175108 0.00077215 -0.00136146 -0.00148108 -0.00153713 -0.00154743 -0.00151305 -0.00143610 -0.00131942 -0.00116804 -0.00099341 -0.00081089 -0.00063427 -0.00047234 -0.00032976 -0.00009527 0.00004119 0.00002962 -0.00000054 -0.00001230 -0.00000360 -0.00000063 -0.00012935 0.00216487 0.00094613 0.09937857 14.32222 
0.210 0.00749229 5 8482971.30 194558.82 304379.67 109237.21 750546.34 7124249.27 684280400.86 -0.00192094 -0.00738827 -0.00367516 -0.00228226 -0.00148859 -0.00386391 -0.00405967 -0.00414498 -0.00416573 -0.00412068 -0.00400827 -0.00382672 -0.00357481 -0.00325350 -0.00286926 -0.00243789 -0.00198303 -0.00153376 -0.00063306 0.00006195 0.00007382 0.00001027 0.00000530 -0.00000239 -0.00000481 -0.00040781 -0.00274953 -0.00150555 -0.21138620 16.70926 
0.240 0.00879867 5 8776567.67 225553.16 177471.54 -372676.14 932394.30 7813824.82 727528991.16 -0.00196545 -0.00849081 -0.00499137 -0.00250274 -0.00154263 -0.00411254 -0.00432590 -0.00442955 -0.00447349 -0.00445629 -0.00437591 -0.00422996 -0.00401602 -0.00373247 -0.00338036 -0.00296682 -0.00250697 -0.00202724 -0.00096427 0.00000144 0.00009816 0.00002186 0.00000609 -0.00000210 -0.00000403 -0.00046974 -0.00319898 -0.00174914 -0.24942240 19.09629 
0.270 0.01040632 5 7679056.28 281146.71 -641994.86 -850864.60 1033689.21 7857079.82 688119289.49 -0.00016284 -0.00984006 -0.00861813 -0.00266693 -0.00129638 -0.00374747 -0.00394229 -0.00404707 -0.00410757 -0.00412219 -0.00408866 -0.00400427 -0.00386610 -0.00367132 -0.00341781 -0.00310490 -0.00273488 -0.00231969 -0.00126567 -0.00011382 0.00010786 0.00003465 0.00000524 -0.00000242 -0.00000310 -0.00047062 -0.00379504 -0.00202903 -0.31337969 21.48333 
0.300 0.01343247 5 5526610.56 -554062.52 -1150378.48 -958002.96 397697.75 7791356.76 614206966.55 0.00194771 -0.01271446 -0.01223358 -0.00320175 -0.00108628 -0.00210129 -0.00219189 -0.00225316 -0.00230570 -0.00234792 -0.00237737 -0.00239102 -0.00238546 -0.00235702 -0.00230179 -0.00221531 -0.00209255 -0.00192930 -0.00133393 -0.00034191 0.00005166 0.00004268 0.00000546 -0.00000316 -0.00000314 -0.00032597 -0.00456194 -0.00231169 -0.36876198 23.87037 
0.330 0.01512319 5 5275266.29 -621952.38 -1183080.39 -1015219.47 330189.15 7765329.39 602986158.78 0.00262587 -0.01429489 -0.01368823 -0.00351142 -0.00104662 -0.00190229 -0.00198840 -0.00205314 -0.00211413 -0.00216976 -0.00221756 -0.00225446 -0.00227691 -0.00228124 -0.00226356 -0.00221919 -0.00214223 -0.00202662 -0.00151878 -0.00047967 0.00004283 0.00005498 0.00000498 -0.00000454 -0.00000348 -0.00032737 -0.00497506 -0.00250610 -0.40142811 26.25741 
0.360 0.01529174 5 5640195.47 -716706.05 -909506.18 -721156.59 605203.08 7382361.21 613388089.24 0.00335892 -0.01439786 -0.01441878 -0.00355816 -0.00139706 -0.00270624 -0.00281433 -0.00289111 -0.00295773 -0.00301263 -0.00305341 -0.00307698 -0.00307969 -0.00305756 -0.00300661 -0.00292254 -0.00280005 -0.00263318 -0.00196291 -0.00062352 0.00006884 0.00007791 0.00000334 -0.00000733 -0.00000431 -0.00043874 -0.00518189 -0.00266222 -0.43932450 28.64444 
0.390 0.01736864 5 5741177.96 -566926.32 -898019.32 -1001899.28 864443.39 7343579.50 614373359.86 0.00406051 -0.01629857 -0.01593754 -0.00294311 -0.00126630 -0.00325602 -0.00339018 -0.00348187 -0.00355797 -0.00361695 -0.00365647 -0.00367350 -0.00366436 -0.00362495 -0.00355118 -0.00343967 -0.00328780 -0.00308778 -0.00230613 -0.00073882 0.00008797 0.00009479 0.00000182 -0.00000910 -0.00000456 -0.00052057 -0.00539453 -0.00280537 -0.45992315 31.03148 
0.420 0.01941330 5 5580310.94 -383270.09 -1203562.98 -971819.81 746564.41 7392399.41 602644382.18 0.00440295 -0.01822162 -0.01730029 -0.00235715 -0.00105348 -0.00333825 -0.00347763 -0.00357443 -0.00365583 -0.00372029 -0.00376551 -0.00378854 -0.00378584 -0.00375394 -0.00369017 -0.00359195 -0.00345446 -0.00326983 -0.00250994 -0.00087740 0.00006352 0.00010396 0.00000160 -0.00001006 -0.00000470 -0.00054902 -0.00559380 -0.00291389 -0.46930515 33.41852 
0.450 0.01692989 5 2307659.77 -127499.30 -2881004.75 -3133219.32 410893.53 8038489.62 469064316.98 0.00292056 -0.01606310 -0.01440117 -0.00226818 -0.00198915 -0.00034004 -0.00013961 -0.00001249 0.00007608 0.00012788 0.00014568 0.00013296 0.00009386 0.00003277 -0.00004601 -0.00013718 -0.00023346 -0.00032646 -0.00048501 -0.00034974 0.00008127 0.00009313 -0.00000067 -0.00000889 -0.00000341 -0.00002942 -0.00521266 -0.00245920 -0.38183529 35.80555 
0.480 0.01746381 5 10456739.93 -789181.26 1241786.14 602193.58 596739.02 8805202.46 871635651.71 0.00139363 -0.01657627 -0.01426035 -0.00364462 -0.00201215 -0.00533453 -0.00553093 -0.00559729 -0.00558813 -0.00550302 -0.00534143 -0.00510294 -0.00478772 -0.00439732 -0.00393688 -0.00341855 -0.00286165 -0.00229382 -0.00106733 0.00003068 0.00012985 0.00002666 0.00000197 -0.00000290 -0.00000358 -0.00056270 -0.00585324 -0.00304278 -0.47384985 38.19259 
0.510 0.01978571 5 9021360.83 -1211088.26 839297.03 263866.22 467360.44 8661925.40 819031876.72 0.00281588 -0.01881509 -0.01640544 -0.00387125 -0.00179611 -0.00451312 -0.00466690 -0.00472115 -0.00472228 -0.00466963 -0.00456215 -0.00439856 -0.00417756 -0.00389819 -0.00356064 -0.00316754 -0.00272552 -0.00225167 -0.00113380 -0.00001864 0.00013231 0.00003203 0.00000102 -0.00000300 -0.00000298 -0.00050049 -0.00628569 -0.00321246 -0.50497523 40.57963 
0.540 0.02218386 5 7839093.77 -1374768.45 417532.39 -129191.84 365451.11 8560070.56 768925416.75 0.00401183 -0.02113748 -0.01843935 -0.00400579 -0.00157922 -0.00377494 -0.00388882 -0.00392777 -0.00393026 -0.00389555 -0.00382237 -0.00370910 -0.00355387 -0.00335482 -0.00311034 -0.00281942 -0.00248263 -0.00210678 -0.00113854 -0.00006522 0.00012688 0.00003540 0.00000058 -0.00000290 -0.00000244 -0.00043536 -0.00670980 -0.00337667 -0.53175953 42.96666 
0.570 0.02440497 5 6861609.75 -1394595.80 14508.81 -526623.34 346644.76 8421675.32 722200696.49 0.00510612 -0.02328714 -0.02036761 -0.00411371 -0.00137066 -0.00312411 -0.00320202 -0.00322512 -0.00322466 -0.00319981 -0.00314920 -0.00307102 -0.00296314 -0.00282329 -0.00264916 -0.00243839 -0.00218911 -0.00190277 -0.00109973 -0.00010865 0.00011245 0.00003589 0.00000047 -0.00000257 -0.00000192 -0.00037231 -0.00710746 -0.00352959 -0.55653081 45.35370 
0.600 0.02609918 5 5958616.07 -1371181.28 -426193.09 -913599.25 269751.58 8399838.11 680848697.50 0.00574474 -0.02493129 -0.02167955 -0.00415436 -0.00115279 -0.00238543 -0.00242490 -0.00243046 -0.00242549 -0.00240907 -0.00237968 -0.00233534 -0.00227367 -0.00219209 -0.00208783 -0.00195767 -0.00179842 -0.00160815 -0.00101028 -0.00014662 0.00009930 0.00003675 0.00000036 -0.00000251 -0.00000172 -0.00029587 -0.00736942 -0.00361178 -0.56647185 47.74074 
0.630 0.02801261 5 4850513.08 -1298606.48 -955135.91 -1394034.41 293742.38 8204547.50 624170093.17 0.00678215 -0.02679037 -0.02345927 -0.00429011 -0.00092574 -0.00150143 -0.00148946 -0.00146839 -0.00145109 -0.00143654 -0.00142305 -0.00140843 -0.00139012 -0.00136530 -0.00133089 -0.00128312 -0.00121793 -0.00113153 -0.00079486 -0.00016160 0.00007439 0.00003210 0.00000078 -0.00000168 -0.00000119 -0.00019277 -0.00771440 -0.00371873 -0.58395235 50.12777 
0.660 0.02954074 5 3617761.07 -1142423.47 -1602696.61 -1909758.44 405652.04 7866987.55 556123962.88 0.00804019 -0.02827776 -0.02517550 -0.00448598 -0.00080726 -0.00057656 -0.00049865 -0.00044013 -0.00040055 -0.00037880 -0.00037304 -0.00038092 -0.00039967 -0.00042633 -0.00045767 -0.00048968 -0.00051747 -0.00053559 -0.00048894 -0.00015698 0.00004975 0.00002761 0.00000111 -0.00000089 -0.00000063 -0.00007401 -0.00803458 -0.00380574 -0.60304746 52.51481 
0.690 0.03025319 5 2181273.07 -1044483.04 -2373890.31 -2384950.88 691118.97 7293478.33 478356844.55 0.00949034 -0.02897205 -0.02664024 -0.00483565 -0.00082856 0.00044584 0.00061984 0.00073827 0.00081951 0.00086493 0.00087667 0.00085743 0.00081027 0.00073838 0.00064518 0.00053531 0.00041483 0.00029009 0.00001636 -0.00007708 0.00003084 0.00001951 0.00000080 0.00000012 0.00000008 0.00007894 -0.00828923 -0.00384387 -0.62123468 54.90185 
0.720 0.03049367 5 634844.50 -1023120.02 -3262753.17 -2742167.08 1132384.28 6530500.48 397852731.34 0.01116304 -0.02919829 -0.02806675 -0.00549443 -0.00096633 0.00161366 0.00190794 0.00210492 0.00224651 0.00233381 0.00236861 0.00235324 0.00229028 0.00218229 0.00203195 0.00184345 0.00162288 0.00137708 0.00072595 0.00007176 -0.00000545 -0.00000104 0.00000050 0.00000215 0.00000101 0.00027001 -0.00857641 -0.00387698 -0.64462800 57.28888 
0.750 0.03067543 5 -6003915.16 1022053.15 -1564117.30 -5012008.77 -1394643.24 944801.00 -329271152.54 -0.02329570 -0.02935843 -0.01408184 0.01921239 0.02504086 0.02335665 0.02296662 0.02248681 0.02188704 0.02116802 0.02032928 0.01936654 0.01826601 0.01700185 0.01555347 0.01393391 0.01219743 0.01041425 0.00636480 0.00157363 -0.00024779 -0.00022108 0.00001126 0.00002081 0.00000219 0.00238413 0.00470724 0.00347315 1.17389983 59.67592 
0.780 0.03263481 5 -5169074.81 889280.20 -1172401.95 -4873846.08 -1341534.51 1329427.53 -273129185.22 -0.02305265 -0.03116468 -0.01692004 0.01835335 0.02614419 0.02467007 0.02426406 0.02377841 0.02317610 0.02245772 0.02162044 0.02065192 0.01952191 0.01819402 0.01664708 0.01488172 0.01290081 0.01089149 0.00658409 0.00162760 -0.00025157 -0.00023204 0.00001251 0.00002162 0.00000180 0.00252441 0.00416295 0.00329252 1.15060584 62.06296 
