0.001 0.00011206 4 58285.00 -206.96 2772.71 6473.09 6597.78 42648.37 4581130.06 0.00000378 -0.00003805 -0.00011206 -0.00003055 0.00000251 0.00004559 0.00004967 0.00004616 0.00004135 0.00003578 0.00002970 0.00002355 0.00001774 0.00001254 0.00000796 0.00000396 0.00000054 -0.00000233 -0.00000446 0.00000067 0.00001018 -0.00000007 -0.00001040 -0.00000149 0.00000185 0.00000317 -0.00003173 -0.00001319 -0.00237403 0.03099 
0.030 0.00134438 5 1660725.39 -10432.02 73558.30 182844.58 187384.40 1227370.14 131279746.87 -0.00035023 -0.00127486 -0.00074715 -0.00051324 -0.00031359 -0.00031100 -0.00029876 -0.00027936 -0.00025091 -0.00021615 -0.00017779 -0.00013908 -0.00010285 -0.00007120 -0.00004530 -0.00002557 -0.00001174 -0.00000305 0.00000437 0.00000423 0.00000460 -0.00000278 -0.00000861 -0.00000298 -0.00000064 -0.00001519 -0.00054051 -0.00026145 -0.03654335 0.92964 
0.060 0.00249614 5 3160942.37 -25618.07 171346.28 338321.55 344530.28 2332362.33 249123088.45 -0.00068643 -0.00242354 -0.00132940 -0.00094717 -0.00060751 -0.00072340 -0.00071356 -0.00068020 -0.00062337 -0.00054719 -0.00045778 -0.00036334 -0.00027270 -0.00019190 -0.00012440 -0.00007155 -0.00003310 -0.00000746 0.00001555 0.00001090 0.00000054 -0.00000436 -0.00000568 -0.00000347 -0.00000252 -0.00003882 -0.00101053 -0.00049434 -0.06865543 1.85928 
0.090 0.00356655 5 -4901715.61 -66767.47 -352796.15 -529509.94 -527204.31 -3425437.74 -372409059.74 0.00100639 0.00356655 0.00172774 0.00136856 0.00095952 0.00144358 0.00144915 0.00139360 0.00129477 0.00115944 0.00099676 0.00081874 0.00063833 0.00046849 0.00031935 0.00019661 0.00010215 0.00003434 -0.00003455 -0.00002782 0.00000508 0.00000037 -0.00001086 -0.00000362 -0.00000091 0.00008412 0.00146142 0.00072977 0.10151320 2.78892 
0.120 0.00461574 5 -6259343.64 -33705.39 -412663.49 -720930.67 -701345.82 -4390698.28 -480103439.07 0.00132727 0.00461574 0.00227184 0.00180059 0.00124962 0.00184824 0.00185543 0.00178812 0.00166688 0.00149961 0.00129723 0.00107425 0.00084637 0.00062881 0.00043506 0.00027357 0.00014783 0.00005654 -0.00003971 -0.00003681 0.00000486 0.00000089 -0.00001218 -0.00000387 -0.00000073 0.00010981 0.00191108 0.00095420 0.13299544 3.71856 
0.150 0.00572919 5 -7708868.13 -73608.72 -503646.60 -865331.62 -854892.84 -5411388.35 -589709903.44 0.00165434 0.00572919 0.00283489 0.00222377 0.00154389 0.00235269 0.00236691 0.00228892 0.00214336 0.00193889 0.00168837 0.00140908 0.00112035 0.00084118 0.00058820 0.00037507 0.00020783 0.00008550 -0.00004672 -0.00004904 0.00000305 0.00000165 -0.00001221 -0.00000396 -0.00000087 0.00014281 0.00237214 0.00118787 0.16569746 4.64820 
0.180 0.00686136 5 -9047097.19 -99749.54 -568641.86 -981114.39 -991608.84 -6405982.55 -693524245.31 0.00201015 0.00686136 0.00340878 0.00264165 0.00182791 0.00286577 0.00289125 0.00280781 0.00264416 0.00240909 0.00211627 0.00178412 0.00143476 0.00109132 0.00077460 0.00050162 0.00028478 0.00012479 -0.00005260 -0.00006357 0.00000065 0.00000252 -0.00001225 -0.00000399 -0.00000088 0.00017891 0.00283627 0.00142462 0.19852641 5.57784 
0.210 0.00794040 5 -10315354.19 -110608.91 -732610.52 -1163886.83 -1073147.86 -7235100.08 -785662786.61 0.00231339 0.00794040 0.00407342 0.00300966 0.00210345 0.00344062 0.00347967 0.00339286 0.00321343 0.00295018 0.00261700 0.00223268 0.00182076 0.00140764 0.00101867 0.00067555 0.00039533 0.00018522 -0.00005524 -0.00008237 -0.00000324 0.00000343 -0.00001220 -0.00000393 -0.00000080 0.00022184 0.00329425 0.00166212 0.23253096 6.50748 
0.240 0.00871864 5 -10535140.51 -30390.64 -820691.55 -977211.34 -1212214.05 -7494632.93 -810741026.27 0.00193321 0.00871864 0.00531626 0.00310351 0.00215813 0.00369745 0.00374182 0.00366002 0.00348471 0.00322265 0.00288549 0.00248939 0.00205581 0.00161084 0.00118200 0.00079499 0.00047191 0.00022568 -0.00005963 -0.00009657 -0.00000634 0.00000407 -0.00001183 -0.00000379 -0.00000072 0.00024462 0.00361673 0.00182539 0.26229752 7.43712 
0.270 0.00905985 5 -9640399.40 144840.03 -420016.23 -869450.27 -1137030.37 -7358742.56 -775301201.76 0.00095122 0.00905985 0.00673933 0.00306609 0.00198265 0.00342939 0.00346364 0.00338766 0.00322979 0.00299472 0.00269114 0.00233103 0.00193165 0.00151595 0.00111001 0.00073990 0.00042889 0.00019169 -0.00007475 -0.00009603 -0.00000486 0.00000457 -0.00001123 -0.00000342 -0.00000048 0.00022653 0.00374754 0.00187709 0.28072402 8.36676 
0.300 0.00965576 5 -12484266.85 -609833.38 -1434234.46 -1425554.37 -1044602.90 -7970041.73 -883348753.24 0.00162680 0.00965576 0.00647539 0.00331550 0.00244079 0.00531360 0.00542554 0.00535816 0.00516159 0.00484487 0.00442302 0.00391674 0.00335233 0.00276056 0.00217307 0.00161947 0.00112639 0.00071411 0.00011850 -0.00012948 -0.00003265 0.00000068 -0.00001314 -0.00000440 -0.00000105 0.00039532 0.00407214 0.00211892 0.31534446 9.29640 
0.330 0.01054591 5 -12834223.35 -786031.78 -1520103.95 -1401209.97 -1140414.83 -7986462.82 -893280512.98 0.00069579 0.01054591 0.00843657 0.00341271 0.00245343 0.00590905 0.00604521 0.00598942 0.00579710 0.00547603 0.00503979 0.00450742 0.00390412 0.00326065 0.00261045 0.00198656 0.00141975 0.00093448 0.00020032 -0.00014409 -0.00004635 -0.00000095 -0.00001190 -0.00000421 -0.00000134 0.00045647 0.00447760 0.00234148 0.36201939 10.22604 
0.360 0.01231201 4 -7836284.15 207667.97 416062.30 39322.83 -1591280.35 -6908056.90 -695050735.02 -0.00256897 0.01155596 0.01208660 0.00312706 0.00167051 0.00397078 0.00406124 0.00405287 0.00398191 0.00384817 0.00365144 0.00339174 0.00307068 0.00269437 0.00227665 0.00183931 0.00140916 0.00101223 0.00032563 -0.00009223 -0.00005254 -0.00000705 -0.00000845 -0.00000387 -0.00000251 0.00034930 0.00455603 0.00232132 0.38710215 11.15568 
0.390 0.01438131 4 -7050995.71 282671.22 724417.54 319569.43 -1486704.29 -6890949.61 -661670454.02 -0.00375660 0.01375689 0.01411757 0.00310198 0.00150218 0.00368657 0.00376404 0.00375667 0.00369752 0.00358620 0.00342210 0.00320445 0.00293310 0.00261015 0.00224303 0.00184772 0.00144727 0.00106704 0.00037616 -0.00007801 -0.00005554 -0.00000889 -0.00000763 -0.00000364 -0.00000266 0.00033501 0.00495528 0.00250088 0.41779377 12.08532 
0.420 0.01498319 4 -6505452.78 633267.50 1252844.93 126211.90 -1616947.98 -6900829.13 -665180128.03 -0.00429355 0.01443353 0.01479970 0.00398082 0.00144090 0.00293550 0.00300622 0.00300916 0.00297523 0.00290385 0.00279397 0.00264418 0.00245310 0.00222026 0.00194780 0.00164305 0.00132110 0.00100325 0.00038881 -0.00005271 -0.00005054 -0.00000999 -0.00000791 -0.00000347 -0.00000249 0.00028172 0.00526761 0.00261899 0.44133483 13.01496 
0.450 0.01697031 4 -5721627.71 801892.43 1600533.64 405537.21 -1713415.15 -6816175.84 -639030199.67 -0.00530973 0.01652534 0.01679193 0.00434320 0.00128017 0.00222376 0.00226139 0.00225530 0.00222821 0.00217933 0.00210731 0.00201025 0.00188602 0.00173275 0.00154975 0.00133846 0.00110500 0.00086330 0.00036196 -0.00003016 -0.00004184 -0.00001005 -0.00000851 -0.00000342 -0.00000228 0.00021973 0.00575887 0.00281635 0.47433231 13.94460 
0.480 0.01867257 5 -5024763.35 833405.00 1920486.68 758129.98 -1613249.94 -6923535.07 -612608909.67 -0.00590400 0.01867257 0.01831078 0.00433341 0.00111604 0.00160244 0.00160503 0.00158669 0.00156060 0.00152584 0.00148075 0.00142311 0.00135020 0.00125931 0.00114826 0.00101591 0.00086301 0.00069478 0.00031419 -0.00001157 -0.00003184 -0.00000952 -0.00000916 -0.00000339 -0.00000203 0.00016072 0.00612054 0.00295454 0.49062269 14.87424 
0.510 0.01995011 5 -4580653.45 708097.03 2015152.78 1197554.23 -1361315.31 -7140142.18 -587381912.88 -0.00552268 0.01995011 0.01854393 0.00353308 0.00096530 0.00129833 0.00126674 0.00122965 0.00119260 0.00115468 0.00111422 0.00106896 0.00101609 0.00095265 0.00087597 0.00078407 0.00067571 0.00055166 0.00025184 -0.00001275 -0.00002647 -0.00000821 -0.00000877 -0.00000326 -0.00000192 0.00012327 0.00608103 0.00291613 0.46859294 15.80388 
0.540 0.02111484 5 -4179952.47 691223.24 1986542.45 1434152.30 -889729.76 -7402140.69 -564679841.33 -0.00522514 0.02111484 0.01873527 0.00303806 0.00085242 0.00099153 0.00092997 0.00087491 0.00082699 0.00078527 0.00074805 0.00071298 0.00067713 0.00063726 0.00059029 0.00053355 0.00046493 0.00038352 0.00017089 -0.00002025 -0.00002071 -0.00000624 -0.00000892 -0.00000333 -0.00000176 0.00008403 0.00609849 0.00290347 0.45340877 16.73352 
0.570 0.02140667 4 6967620.92 -244842.47 -596828.38 -327411.70 2031220.39 6105483.09 636392031.68 0.00848237 -0.01943155 -0.02140667 -0.00541265 -0.00174328 -0.00429414 -0.00447923 -0.00456401 -0.00459129 -0.00456008 -0.00446903 -0.00431644 -0.00410055 -0.00382008 -0.00347559 -0.00307178 -0.00262014 -0.00214423 -0.00106281 -0.00003552 0.00010746 0.00002789 0.00000102 -0.00000167 -0.00000172 -0.00048652 -0.00701661 -0.00354767 -0.62918431 17.66316 
0.600 0.02400439 4 6607095.00 -181311.93 -677219.14 -471161.76 1825308.72 6111479.11 612219479.95 0.01036184 -0.02219177 -0.02400439 -0.00658925 -0.00170513 -0.00414297 -0.00435123 -0.00445871 -0.00451160 -0.00450883 -0.00444895 -0.00433014 -0.00415037 -0.00390785 -0.00360189 -0.00323425 -0.00281135 -0.00235140 -0.00124211 -0.00009317 0.00011529 0.00003476 0.00000022 -0.00000193 -0.00000115 -0.00049960 -0.00783070 -0.00393624 -0.70379271 18.59280 
0.630 0.02669886 4 6113267.06 -187817.60 -926905.57 -613792.56 1736091.57 6105691.22 590104661.09 0.01213385 -0.02497304 -0.02669886 -0.00808205 -0.00168617 -0.00366969 -0.00388010 -0.00399896 -0.00407173 -0.00409730 -0.00407414 -0.00400030 -0.00387353 -0.00369157 -0.00345268 -0.00315627 -0.00280396 -0.00240488 -0.00136042 -0.00015915 0.00011610 0.00004100 -0.00000048 -0.00000207 -0.00000049 -0.00047582 -0.00875666 -0.00435768 -0.78334390 19.52244 
0.660 0.02926647 4 5608530.19 -272989.12 -1180332.62 -617503.46 1606124.95 6073230.43 569857193.09 0.01407180 -0.02741034 -0.02926647 -0.01003786 -0.00171000 -0.00306470 -0.00327601 -0.00340618 -0.00349954 -0.00355492 -0.00357066 -0.00354466 -0.00347446 -0.00335739 -0.00319099 -0.00297333 -0.00270339 -0.00238366 -0.00145303 -0.00023419 0.00011277 0.00004722 -0.00000103 -0.00000228 0.00000011 -0.00043787 -0.00972876 -0.00479322 -0.87023846 20.45209 
0.690 0.03177152 4 5101805.85 -477970.96 -1457909.69 -495339.49 1478342.87 6054683.12 556665857.17 0.01613454 -0.02960983 -0.03177152 -0.01246401 -0.00186810 -0.00228189 -0.00247433 -0.00260142 -0.00270294 -0.00277768 -0.00282394 -0.00283956 -0.00282199 -0.00276843 -0.00267602 -0.00254208 -0.00236432 -0.00214193 -0.00140787 -0.00028982 0.00009847 0.00004952 -0.00000174 -0.00000236 0.00000059 -0.00036689 -0.01080496 -0.00526001 -0.96644748 21.38173 
0.720 0.03396013 4 4501937.40 -898922.78 -1811769.71 -212437.57 1453042.76 5972024.71 551041697.01 0.01830355 -0.03101044 -0.03396013 -0.01558485 -0.00225140 -0.00121477 -0.00135652 -0.00145765 -0.00154906 -0.00162956 -0.00169740 -0.00175037 -0.00178581 -0.00180074 -0.00179203 -0.00175641 -0.00169077 -0.00159257 -0.00116892 -0.00031960 0.00006842 0.00004630 -0.00000139 -0.00000184 0.00000095 -0.00024666 -0.01196720 -0.00574098 -1.07291485 22.31137 
