0.001 0.00010703 4 44644.69 -934.30 1939.01 4998.79 5261.67 33379.52 3580507.81 0.00000694 -0.00002820 -0.00010703 -0.00002670 0.00000510 0.00004842 0.00005239 0.00004864 0.00004354 0.00003765 0.00003122 0.00002473 0.00001862 0.00001315 0.00000836 0.00000419 0.00000064 -0.00000231 -0.00000450 0.00000068 0.00001026 -0.00000001 -0.00001038 -0.00000146 0.00000187 0.00000331 -0.00002762 -0.00001119 -0.00210096 0.03992 
0.030 0.00107475 5 1309582.59 -28566.04 64737.30 145705.32 153526.17 974179.84 104733425.48 -0.00025755 -0.00100577 -0.00061319 -0.00041388 -0.00024988 -0.00022778 -0.00021615 -0.00020098 -0.00017962 -0.00015401 -0.00012609 -0.00009814 -0.00007217 -0.00004961 -0.00003134 -0.00001762 -0.00000821 -0.00000254 0.00000223 0.00000324 0.00000603 -0.00000221 -0.00000931 -0.00000263 0.00000009 -0.00001067 -0.00043161 -0.00020799 -0.02939752 1.19766 
0.060 0.00202815 5 2609643.89 -60741.07 170755.75 305392.37 299369.97 1894866.88 206302118.80 -0.00051844 -0.00195691 -0.00110311 -0.00079284 -0.00051049 -0.00056473 -0.00055099 -0.00051984 -0.00047049 -0.00040678 -0.00033427 -0.00026015 -0.00019105 -0.00013098 -0.00008198 -0.00004463 -0.00001827 -0.00000144 0.00001211 0.00000772 0.00000250 -0.00000368 -0.00000739 -0.00000325 -0.00000149 -0.00002844 -0.00083043 -0.00040439 -0.05687435 2.39533 
0.090 0.00295347 5 3879187.42 -44623.08 240493.91 451551.49 443561.93 2788203.17 303641602.44 -0.00076970 -0.00287941 -0.00157926 -0.00115611 -0.00075535 -0.00092705 -0.00091759 -0.00087576 -0.00080335 -0.00070569 -0.00059045 -0.00046777 -0.00034845 -0.00024254 -0.00015481 -0.00008672 -0.00003758 -0.00000511 0.00002271 0.00001418 -0.00000046 -0.00000492 -0.00000505 -0.00000350 -0.00000281 -0.00004966 -0.00121431 -0.00059562 -0.08369348 3.59299 
0.120 0.00389297 5 5067238.11 -68332.14 305134.00 573613.05 577742.44 3679080.77 398555483.38 -0.00102507 -0.00381691 -0.00205835 -0.00151714 -0.00099728 -0.00122884 -0.00122013 -0.00116714 -0.00107389 -0.00094686 -0.00079557 -0.00063273 -0.00047188 -0.00032585 -0.00020492 -0.00011173 -0.00004494 -0.00000112 0.00003484 0.00001960 -0.00000358 -0.00000583 -0.00000240 -0.00000352 -0.00000392 -0.00006635 -0.00159803 -0.00078436 -0.10986384 4.79066 
0.150 0.00483761 5 6189695.54 -86130.98 336144.42 677192.31 706462.89 4556026.91 489874320.25 -0.00129417 -0.00476019 -0.00253484 -0.00187006 -0.00122877 -0.00152360 -0.00151845 -0.00145794 -0.00134841 -0.00119642 -0.00101281 -0.00081217 -0.00061091 -0.00042470 -0.00026640 -0.00014344 -0.00005542 0.00000223 0.00004871 0.00002658 -0.00000601 -0.00000642 0.00000041 -0.00000334 -0.00000484 -0.00008372 -0.00197799 -0.00097171 -0.13556618 5.98832 
0.180 0.00575866 5 7306827.00 -88021.53 357015.06 784542.10 842063.70 5411227.67 579721758.74 -0.00153653 -0.00567900 -0.00300211 -0.00221987 -0.00145488 -0.00193202 -0.00193548 -0.00187121 -0.00174881 -0.00157433 -0.00135819 -0.00111448 -0.00086146 -0.00061855 -0.00040261 -0.00022659 -0.00009729 -0.00001062 0.00006472 0.00003969 -0.00000657 -0.00000678 0.00000332 -0.00000289 -0.00000552 -0.00011162 -0.00235021 -0.00116102 -0.16216198 7.18599 
0.210 0.00656251 5 8456407.54 -58077.36 423436.74 933657.81 993646.80 6163743.56 665509087.02 -0.00171334 -0.00647434 -0.00342145 -0.00255108 -0.00167718 -0.00249900 -0.00252127 -0.00245902 -0.00232775 -0.00213296 -0.00188444 -0.00159532 -0.00128363 -0.00097179 -0.00068150 -0.00043077 -0.00023285 -0.00009050 0.00005937 0.00005921 -0.00000262 -0.00000648 0.00000605 -0.00000217 -0.00000584 -0.00015755 -0.00269074 -0.00134505 -0.18949317 8.38365 
0.240 0.00741076 5 -12301493.32 -532198.83 -1859730.70 -1715941.70 -1261615.17 -6932006.92 -837556415.31 0.00189643 0.00741076 0.00395414 0.00296020 0.00234615 0.00539616 0.00553551 0.00548446 0.00529920 0.00498844 0.00456687 0.00405507 0.00347946 0.00287129 0.00226382 0.00168904 0.00117600 0.00074622 0.00012465 -0.00013494 -0.00003469 0.00000122 -0.00001220 -0.00000395 -0.00000084 0.00040772 0.00327329 0.00175103 0.25892917 9.58132 
0.270 0.00837378 5 -11484991.30 -315656.40 -1401420.63 -1285162.07 -1145072.89 -7337679.32 -827015853.88 0.00110780 0.00837378 0.00560238 0.00296804 0.00220649 0.00532329 0.00547705 0.00545775 0.00532034 0.00506779 0.00470732 0.00425053 0.00371605 0.00312999 0.00252386 0.00193215 0.00138880 0.00092072 0.00020609 -0.00013629 -0.00004504 -0.00000088 -0.00001108 -0.00000368 -0.00000104 0.00042716 0.00355549 0.00189365 0.28788677 10.77898 
0.300 0.00925445 5 11921757.34 394411.74 1157477.39 1393574.91 1202501.16 7773792.14 867123383.87 -0.00123353 -0.00882317 -0.00645840 -0.00335538 -0.00228273 -0.00545144 -0.00564561 -0.00567218 -0.00558516 -0.00538566 -0.00507783 -0.00466904 -0.00417341 -0.00361309 -0.00301603 -0.00241342 -0.00183755 -0.00131653 -0.00042396 0.00011850 0.00006360 0.00000402 0.00000713 -0.00000154 -0.00000524 -0.00047981 -0.00390788 -0.00208681 -0.32036282 11.97664 
0.330 0.01053429 4 -7259395.11 -77508.48 696537.09 473060.46 -1469983.55 -6881500.64 -653025121.59 -0.00173405 0.01005161 0.01033307 0.00271070 0.00134832 0.00337034 0.00346219 0.00346445 0.00341172 0.00330348 0.00313903 0.00291765 0.00263965 0.00230855 0.00193480 0.00153805 0.00114480 0.00078397 0.00018997 -0.00011565 -0.00004163 -0.00000183 -0.00000898 -0.00000316 -0.00000116 0.00029290 0.00395089 0.00200768 0.32879008 13.17431 
0.360 0.01238589 5 8968252.01 299478.94 -215899.04 -109331.68 1481746.95 7512256.83 742710964.73 0.00189532 -0.01167655 -0.01222029 -0.00326205 -0.00167643 -0.00471872 -0.00492200 -0.00500363 -0.00501202 -0.00494597 -0.00480395 -0.00458422 -0.00428555 -0.00390880 -0.00346080 -0.00295920 -0.00243080 -0.00190695 -0.00083589 0.00003986 0.00009359 0.00001822 0.00000570 -0.00000124 -0.00000354 -0.00049543 -0.00472684 -0.00247901 -0.40923297 14.37197 
0.390 0.01601547 5 7704137.84 -436.43 -340049.04 -678526.62 1137080.44 7586069.50 690037826.59 0.00347632 -0.01519164 -0.01510990 -0.00316347 -0.00145033 -0.00412530 -0.00429872 -0.00437662 -0.00439860 -0.00436340 -0.00426924 -0.00411398 -0.00389543 -0.00361203 -0.00326449 -0.00285943 -0.00241247 -0.00194920 -0.00092791 -0.00000274 0.00009575 0.00002250 0.00000493 -0.00000144 -0.00000317 -0.00045761 -0.00532775 -0.00274062 -0.44976627 15.56964 
0.420 0.01889793 5 7237053.96 -245221.50 -478028.43 -753829.70 1111574.87 7602558.71 680995074.94 0.00489519 -0.01795517 -0.01768920 -0.00421088 -0.00139912 -0.00355283 -0.00371281 -0.00379515 -0.00383370 -0.00382703 -0.00377314 -0.00366954 -0.00351355 -0.00330264 -0.00303520 -0.00271223 -0.00234041 -0.00193818 -0.00098569 -0.00004234 0.00009348 0.00002545 0.00000514 -0.00000186 -0.00000348 -0.00041911 -0.00615249 -0.00310678 -0.51471611 16.76730 
0.450 0.02209287 5 7089450.56 -178322.50 -620297.57 -829090.04 874902.81 7842257.86 676515693.94 0.00584066 -0.02103409 -0.01984817 -0.00467088 -0.00132046 -0.00330798 -0.00346240 -0.00354607 -0.00359131 -0.00359663 -0.00355989 -0.00347851 -0.00334964 -0.00317034 -0.00293810 -0.00265210 -0.00231577 -0.00194332 -0.00102655 -0.00007091 0.00009092 0.00002745 0.00000563 -0.00000194 -0.00000355 -0.00040393 -0.00683251 -0.00341749 -0.56102340 17.96497 
0.480 0.02440633 5 6662656.97 -282428.06 -966641.68 -874466.82 724001.13 8062192.41 671468363.17 0.00629521 -0.02323957 -0.02121989 -0.00475643 -0.00123794 -0.00282253 -0.00294340 -0.00301210 -0.00305359 -0.00306634 -0.00304812 -0.00299633 -0.00290811 -0.00278027 -0.00260930 -0.00239210 -0.00212772 -0.00182262 -0.00101442 -0.00010017 0.00008354 0.00002856 0.00000603 -0.00000188 -0.00000346 -0.00035785 -0.00723813 -0.00358316 -0.58060087 19.16263 
0.510 0.02638418 5 6368561.03 -366019.46 -1160920.82 -975099.27 664731.61 8205868.98 668193896.24 0.00691709 -0.02509073 -0.02260171 -0.00512700 -0.00117631 -0.00242626 -0.00252724 -0.00258846 -0.00263061 -0.00265214 -0.00265082 -0.00262417 -0.00256969 -0.00248439 -0.00236395 -0.00220308 -0.00199763 -0.00174914 -0.00102948 -0.00013281 0.00007870 0.00003047 0.00000639 -0.00000193 -0.00000345 -0.00032376 -0.00767110 -0.00376802 -0.60864689 20.36030 
0.540 0.02837439 5 6089640.85 -526897.84 -1275546.70 -1093998.62 579028.40 8407055.62 669350984.93 0.00711155 -0.02692337 -0.02374439 -0.00501097 -0.00113459 -0.00203556 -0.00209426 -0.00213024 -0.00215680 -0.00217239 -0.00217484 -0.00216198 -0.00213212 -0.00208312 -0.00201032 -0.00190604 -0.00176254 -0.00157705 -0.00097767 -0.00015285 0.00006980 0.00003050 0.00000694 -0.00000174 -0.00000334 -0.00027747 -0.00799516 -0.00389534 -0.62081461 21.55796 
0.570 0.02601666 5 6131902.10 -456165.04 -950650.02 -1116310.01 512747.27 8142279.89 650696680.73 0.00791809 -0.02450167 -0.02296101 -0.00717612 -0.00117205 -0.00169191 -0.00180179 -0.00187900 -0.00194364 -0.00199413 -0.00202833 -0.00204433 -0.00204129 -0.00201841 -0.00197172 -0.00189226 -0.00176945 -0.00159825 -0.00100721 -0.00016235 0.00007416 0.00003249 0.00000672 -0.00000192 -0.00000331 -0.00026538 -0.00804932 -0.00391431 -0.65304176 22.75562 
0.600 0.02429879 5 6134685.12 -367898.74 -878824.59 -999169.93 213951.14 8166627.24 639967614.39 0.00792265 -0.02271057 -0.02190369 -0.00850869 -0.00109011 -0.00131107 -0.00145901 -0.00156697 -0.00166219 -0.00174309 -0.00180758 -0.00185420 -0.00188323 -0.00189531 -0.00188684 -0.00184677 -0.00176077 -0.00162035 -0.00106418 -0.00019521 0.00007446 0.00003555 0.00000703 -0.00000220 -0.00000361 -0.00024943 -0.00796213 -0.00386496 -0.65785057 23.95329 
0.630 0.02506409 4 -6374214.52 586810.13 1253154.99 -459166.62 -1662267.52 -6092745.50 -629629125.35 -0.01309310 0.02207537 0.02495191 0.01259163 0.00218243 0.00311603 0.00334921 0.00348508 0.00358019 0.00363342 0.00364277 0.00360443 0.00351173 0.00335678 0.00313624 0.00285579 0.00252713 0.00216309 0.00121551 0.00008637 -0.00014765 -0.00004461 -0.00000207 -0.00000017 -0.00000313 0.00042021 0.00926150 0.00456480 0.85783145 25.15095 
0.660 0.02733020 4 -6110165.11 762355.08 1601720.62 -799268.97 -1533217.75 -6141754.10 -631550311.36 -0.01508333 0.02398064 0.02723339 0.01540572 0.00246339 0.00232203 0.00254907 0.00269273 0.00280530 0.00288556 0.00293115 0.00293741 0.00289633 0.00279892 0.00264161 0.00243081 0.00217870 0.00189576 0.00111304 0.00009703 -0.00013999 -0.00004453 -0.00000228 -0.00000014 -0.00000305 0.00034701 0.01040774 0.00506324 0.96175648 26.34862 
0.690 0.02987859 4 -6288839.07 793513.31 1779472.16 -1076286.90 -1552875.50 -6232662.14 -649904344.91 -0.01680726 0.02645385 0.02979405 0.01775777 0.00267111 0.00190460 0.00214174 0.00229773 0.00242583 0.00252473 0.00259193 0.00262226 0.00260689 0.00253616 0.00240660 0.00222546 0.00200564 0.00175712 0.00105074 0.00009100 -0.00014230 -0.00004506 -0.00000191 0.00000011 -0.00000292 0.00031028 0.01156656 0.00558696 1.06307393 27.54628 
0.720 0.03200467 4 -6398854.62 917888.76 1664417.32 -1097108.25 -1637529.26 -6246523.20 -661589392.11 -0.01835880 0.02846153 0.03185466 0.01940185 0.00275042 0.00163791 0.00189311 0.00206334 0.00220651 0.00232126 0.00240480 0.00245149 0.00245188 0.00239604 0.00228080 0.00211408 0.00190949 0.00167719 0.00100818 0.00008023 -0.00014495 -0.00004492 -0.00000189 0.00000018 -0.00000281 0.00028897 0.01239312 0.00596311 1.13755356 28.74395 
