0.001 0.00010538 4 42309.08 540.35 2630.27 3989.77 4310.34 30838.35 3263559.50 0.00000694 -0.00002569 -0.00010538 -0.00002511 0.00000596 0.00004892 0.00005285 0.00004903 0.00004384 0.00003785 0.00003133 0.00002476 0.00001858 0.00001306 0.00000824 0.00000405 0.00000052 -0.00000243 -0.00000460 0.00000058 0.00001011 -0.00000012 -0.00001044 -0.00000153 0.00000181 0.00000330 -0.00002639 -0.00001062 -0.00200882 0.04275 
0.030 0.00102169 5 1242849.52 16538.18 69887.81 114940.82 126365.71 915117.00 96301649.68 -0.00027204 -0.00095285 -0.00057458 -0.00037268 -0.00022587 -0.00022218 -0.00021261 -0.00019945 -0.00017972 -0.00015531 -0.00012815 -0.00010057 -0.00007467 -0.00005197 -0.00003338 -0.00001924 -0.00000939 -0.00000331 0.00000210 0.00000305 0.00000453 -0.00000256 -0.00000836 -0.00000300 -0.00000082 -0.00001092 -0.00040303 -0.00019473 -0.02707111 1.28264 
0.060 0.00192567 5 2456835.48 28575.89 142090.19 240606.86 258354.84 1787207.71 189920663.35 -0.00052240 -0.00185476 -0.00103628 -0.00071912 -0.00046022 -0.00055723 -0.00054922 -0.00052377 -0.00047976 -0.00042030 -0.00035030 -0.00027642 -0.00020606 -0.00014386 -0.00009230 -0.00005231 -0.00002352 -0.00000465 0.00001184 0.00000828 0.00000118 -0.00000370 -0.00000578 -0.00000326 -0.00000229 -0.00002964 -0.00077407 -0.00037861 -0.05263452 2.56528 
0.090 0.00276814 5 -4734594.54 -266339.46 -639859.75 -612482.58 -478505.06 -2737407.69 -323081513.77 0.00070892 0.00276814 0.00132574 0.00111409 0.00086360 0.00163975 0.00166024 0.00160974 0.00150932 0.00136578 0.00118854 0.00099017 0.00078464 0.00058635 0.00040851 0.00025937 0.00014261 0.00005736 -0.00003403 -0.00003401 0.00000352 0.00000085 -0.00001034 -0.00000336 -0.00000074 0.00010026 0.00118245 0.00060757 0.08759282 3.84792 
0.120 0.00368506 5 -6301241.04 -362866.63 -843540.15 -813488.70 -637688.05 -3643657.52 -429766309.15 0.00093575 0.00368506 0.00179162 0.00148081 0.00114352 0.00226919 0.00230539 0.00224758 0.00212303 0.00193986 0.00170958 0.00144771 0.00117172 0.00089917 0.00064656 0.00042798 0.00025201 0.00011999 -0.00003232 -0.00005053 0.00000015 0.00000169 -0.00001058 -0.00000340 -0.00000072 0.00014547 0.00157773 0.00081688 0.11829118 5.13056 
0.150 0.00461950 5 -7845514.33 -461552.95 -1035710.15 -1004849.61 -792936.68 -4550464.94 -535357663.99 0.00117412 0.00461950 0.00226221 0.00184633 0.00142340 0.00294225 0.00299822 0.00293651 0.00279119 0.00257123 0.00228987 0.00196509 0.00161745 0.00126821 0.00093716 0.00064224 0.00039815 0.00021012 -0.00002057 -0.00006897 -0.00000473 0.00000231 -0.00001094 -0.00000342 -0.00000061 0.00019682 0.00197748 0.00103155 0.14976691 6.41321 
0.180 0.00560223 5 7275167.62 176343.67 359574.11 727408.17 791662.24 5220179.43 557132129.76 -0.00158069 -0.00552437 -0.00291946 -0.00213056 -0.00142014 -0.00220436 -0.00223552 -0.00219002 -0.00208233 -0.00191847 -0.00170850 -0.00146608 -0.00120727 -0.00094806 -0.00070314 -0.00048620 -0.00030643 -0.00016774 0.00000603 0.00004942 0.00000348 -0.00000555 0.00000206 -0.00000253 -0.00000454 -0.00014798 -0.00229741 -0.00115559 -0.16191044 7.69585 
0.210 0.00665244 5 8516373.95 204670.94 373898.20 843639.23 928975.75 6165189.83 655174922.66 -0.00190605 -0.00657257 -0.00344673 -0.00251591 -0.00167290 -0.00278076 -0.00283322 -0.00279324 -0.00268109 -0.00250160 -0.00226395 -0.00198088 -0.00166906 -0.00134714 -0.00103267 -0.00074253 -0.00049258 -0.00029251 -0.00002367 0.00006695 0.00000931 -0.00000511 0.00000427 -0.00000209 -0.00000487 -0.00019890 -0.00272403 -0.00138262 -0.19388402 8.97849 
0.240 0.00776006 5 9773949.43 248525.23 402280.42 934763.66 1064892.89 7123487.23 753398787.89 -0.00223726 -0.00767032 -0.00401084 -0.00290130 -0.00192720 -0.00346222 -0.00354452 -0.00351634 -0.00340569 -0.00321623 -0.00295560 -0.00263478 -0.00227003 -0.00188210 -0.00149241 -0.00112082 -0.00078660 -0.00050589 -0.00009474 0.00008498 0.00002012 -0.00000352 0.00000626 -0.00000155 -0.00000498 -0.00026563 -0.00316582 -0.00162517 -0.22843224 10.26113 
0.270 0.00886893 5 10776421.47 452723.21 724767.16 707352.87 1179197.22 7712381.01 810694516.41 -0.00222423 -0.00858007 -0.00510986 -0.00311058 -0.00208988 -0.00419013 -0.00430606 -0.00429148 -0.00418252 -0.00398209 -0.00369681 -0.00333648 -0.00291669 -0.00245927 -0.00198929 -0.00153160 -0.00110997 -0.00074477 -0.00017932 0.00010238 0.00003314 -0.00000142 0.00000761 -0.00000088 -0.00000469 -0.00033778 -0.00358734 -0.00186110 -0.26712124 11.54377 
0.300 0.01023960 5 11395768.48 478346.94 776395.79 836640.87 994855.46 8309529.43 857522922.42 -0.00181103 -0.00978342 -0.00684026 -0.00336638 -0.00220936 -0.00483309 -0.00498623 -0.00499487 -0.00490324 -0.00471259 -0.00442696 -0.00405298 -0.00360331 -0.00309815 -0.00256365 -0.00202900 -0.00152370 -0.00107215 -0.00032107 0.00011070 0.00005056 0.00000228 0.00000834 -0.00000029 -0.00000411 -0.00041424 -0.00411087 -0.00214713 -0.31774046 12.82641 
0.330 0.01186685 5 11190736.18 518780.66 805977.87 429236.18 1157785.88 8278955.59 846010017.50 -0.00031770 -0.01124818 -0.01001745 -0.00345236 -0.00214842 -0.00528730 -0.00547141 -0.00550703 -0.00544361 -0.00528104 -0.00502033 -0.00466388 -0.00421899 -0.00370106 -0.00313410 -0.00254869 -0.00197820 -0.00145195 -0.00051224 0.00010429 0.00007072 0.00000767 0.00000809 0.00000008 -0.00000325 -0.00048361 -0.00471867 -0.00246891 -0.38546551 14.10905 
0.360 0.01578334 5 9579897.68 340581.94 329811.12 -43258.17 1067625.29 7885137.49 765641737.14 0.00272952 -0.01492749 -0.01447739 -0.00343152 -0.00186407 -0.00513557 -0.00532801 -0.00538843 -0.00536416 -0.00525438 -0.00505828 -0.00477519 -0.00440602 -0.00395634 -0.00344047 -0.00288308 -0.00231560 -0.00177036 -0.00071437 0.00007453 0.00008829 0.00001444 0.00000651 0.00000022 -0.00000204 -0.00050641 -0.00548344 -0.00283953 -0.46254934 15.39169 
0.390 0.01836891 5 8814067.92 220335.25 132955.15 -287454.39 1365483.27 7382748.65 724416058.29 0.00499872 -0.01740230 -0.01760083 -0.00400007 -0.00173998 -0.00498042 -0.00518419 -0.00526341 -0.00526434 -0.00518599 -0.00502722 -0.00478670 -0.00446385 -0.00406071 -0.00358587 -0.00305869 -0.00250712 -0.00196349 -0.00085780 0.00004196 0.00009737 0.00001924 0.00000577 -0.00000012 -0.00000179 -0.00051674 -0.00615746 -0.00316098 -0.53085661 16.67433 
0.420 0.02019967 5 9015670.93 279124.87 76963.70 -212358.42 1328217.99 7543722.80 737988710.14 0.00526579 -0.01917309 -0.01879281 -0.00391377 -0.00169526 -0.00504419 -0.00524652 -0.00532363 -0.00532179 -0.00524000 -0.00507701 -0.00483146 -0.00450275 -0.00409312 -0.00361152 -0.00307754 -0.00251943 -0.00197054 -0.00086247 0.00003461 0.00009350 0.00001863 0.00000618 -0.00000076 -0.00000266 -0.00052194 -0.00649191 -0.00332052 -0.55061951 17.95698 
0.450 0.02026024 5 9693163.05 616202.05 290009.94 -81119.96 1297867.90 7570203.11 752167249.49 0.00537330 -0.01920729 -0.01884228 -0.00412033 -0.00170917 -0.00540053 -0.00562868 -0.00571114 -0.00570130 -0.00559887 -0.00540367 -0.00511578 -0.00473680 -0.00427285 -0.00373841 -0.00315788 -0.00256263 -0.00198700 -0.00085586 0.00003421 0.00008953 0.00001713 0.00000624 -0.00000153 -0.00000352 -0.00054914 -0.00655282 -0.00336352 -0.55987308 19.23962 
0.480 0.01993653 5 9971954.51 634049.21 419712.73 153534.06 1292204.40 7472454.11 759736775.53 0.00548393 -0.01882060 -0.01865731 -0.00442441 -0.00174620 -0.00538557 -0.00561303 -0.00568970 -0.00566971 -0.00555316 -0.00534064 -0.00503322 -0.00463431 -0.00415284 -0.00360598 -0.00301949 -0.00242470 -0.00185601 -0.00077123 0.00004046 0.00007842 0.00001361 0.00000637 -0.00000196 -0.00000416 -0.00053627 -0.00655199 -0.00335630 -0.56275131 20.52226 
0.510 0.02040215 5 10044113.27 679877.65 555173.15 240283.98 1302990.78 7265787.72 751495125.91 0.00609313 -0.01913940 -0.01942136 -0.00468228 -0.00172806 -0.00550693 -0.00574961 -0.00583508 -0.00582044 -0.00570598 -0.00549266 -0.00518197 -0.00477783 -0.00428980 -0.00373556 -0.00314098 -0.00253692 -0.00195731 -0.00084149 0.00001449 0.00007508 0.00001486 0.00000639 -0.00000242 -0.00000454 -0.00055596 -0.00672052 -0.00344576 -0.58443044 21.80490 
0.540 0.02297875 5 10175535.66 677498.63 617271.38 239397.65 1371411.61 7269956.39 758612125.86 0.00712699 -0.02154246 -0.02157738 -0.00503464 -0.00173078 -0.00575521 -0.00602213 -0.00612705 -0.00613105 -0.00603434 -0.00583763 -0.00554204 -0.00515037 -0.00466974 -0.00411516 -0.00351060 -0.00288602 -0.00227545 -0.00104738 -0.00002785 0.00008509 0.00002068 0.00000618 -0.00000298 -0.00000469 -0.00060462 -0.00733863 -0.00376137 -0.63817217 23.08754 
0.570 0.02642816 5 10659934.24 693431.32 750351.25 388274.90 1303458.10 7524418.67 787706749.68 0.00779256 -0.02480350 -0.02384394 -0.00491262 -0.00177703 -0.00629764 -0.00659156 -0.00671398 -0.00673104 -0.00664298 -0.00645045 -0.00615454 -0.00575756 -0.00526508 -0.00468997 -0.00405481 -0.00338917 -0.00272767 -0.00133912 -0.00008676 0.00010312 0.00003005 0.00000613 -0.00000355 -0.00000473 -0.00068393 -0.00800565 -0.00411618 -0.68851823 24.37018 
