0.001 0.00011147 4 53759.56 -22.15 2090.53 4224.43 5214.88 42251.88 4308530.90 0.00000199 -0.00003831 -0.00011147 -0.00002918 0.00000354 0.00004773 0.00005184 0.00004826 0.00004328 0.00003746 0.00003107 0.00002460 0.00001849 0.00001301 0.00000821 0.00000405 0.00000052 -0.00000242 -0.00000460 0.00000053 0.00001000 -0.00000019 -0.00001045 -0.00000157 0.00000177 0.00000325 -0.00003116 -0.00001288 -0.00228846 0.07482 
0.030 0.00136645 5 938943.27 -116922.86 -109078.44 -60777.38 45449.79 1180272.16 98389346.96 -0.00050660 -0.00129717 -0.00069778 -0.00038379 -0.00018979 -0.00001322 0.00000096 0.00000843 0.00001506 0.00001999 0.00002316 0.00002455 0.00002348 0.00002053 0.00001647 0.00001189 0.00000731 0.00000306 -0.00000236 -0.00000120 0.00000520 -0.00000209 -0.00000927 -0.00000279 -0.00000009 0.00000187 -0.00047526 -0.00022180 -0.02691049 2.24453 
0.060 0.00254188 5 -3577360.72 80630.03 -356776.06 -402211.52 -411974.82 -2487028.36 -276293279.29 0.00059352 0.00254188 0.00123752 0.00101699 0.00073942 0.00109635 0.00110095 0.00105939 0.00098488 0.00088251 0.00075940 0.00062495 0.00048943 0.00036285 0.00025072 0.00015718 0.00008422 0.00003107 -0.00002463 -0.00002091 0.00000679 -0.00000006 -0.00001204 -0.00000334 0.00000010 0.00006469 0.00105651 0.00052963 0.07557184 4.48906 
0.090 0.00394043 5 -4945958.98 204879.37 -312420.91 -477439.52 -570891.98 -3790085.93 -402564068.81 0.00101992 0.00394043 0.00193949 0.00151049 0.00104040 0.00145475 0.00146332 0.00141623 0.00132903 0.00120633 0.00105574 0.00088736 0.00071356 0.00054668 0.00039695 0.00026915 0.00016450 0.00008396 -0.00001317 -0.00002899 0.00000371 -0.00000011 -0.00001218 -0.00000366 -0.00000043 0.00009133 0.00160016 0.00079863 0.11172361 6.73359 
0.120 0.00544472 5 -5981385.11 377987.99 -24070.44 -477727.08 -720126.49 -5137449.09 -520412853.33 0.00153912 0.00544472 0.00267436 0.00199217 0.00128291 0.00175390 0.00177933 0.00174549 0.00167104 0.00155780 0.00141013 0.00123400 0.00103881 0.00083712 0.00064206 0.00046523 0.00031472 0.00019180 0.00002133 -0.00003899 -0.00000244 -0.00000059 -0.00001204 -0.00000376 -0.00000076 0.00012457 0.00214880 0.00107348 0.14712861 8.97812 
0.150 0.00693661 5 -6671351.63 517500.97 373883.73 -324394.30 -792321.77 -6446020.26 -617970880.40 0.00206550 0.00693661 0.00337007 0.00237555 0.00143888 0.00205131 0.00210740 0.00210239 0.00206088 0.00198273 0.00186808 0.00171739 0.00153324 0.00132210 0.00109463 0.00086445 0.00064647 0.00045403 0.00013617 -0.00004483 -0.00001642 -0.00000303 -0.00001151 -0.00000360 -0.00000099 0.00017538 0.00263763 0.00132963 0.17897235 11.22264 
0.180 0.00834253 5 -6406830.72 572146.14 741840.22 366250.43 -712955.36 -7374112.15 -644533400.08 0.00232895 0.00834253 0.00435841 0.00245947 0.00139780 0.00188437 0.00194089 0.00195150 0.00194089 0.00190823 0.00185219 0.00177111 0.00166331 0.00152771 0.00136480 0.00117800 0.00097458 0.00076662 0.00033604 -0.00001292 -0.00003150 -0.00000902 -0.00001024 -0.00000312 -0.00000133 0.00019407 0.00300220 0.00151045 0.19988688 13.46717 
0.210 0.00981737 5 -5981677.26 508624.20 1117954.86 1182912.00 -604243.74 -8186924.58 -652339217.13 0.00194691 0.00981737 0.00587206 0.00247673 0.00130524 0.00179085 0.00184088 0.00185489 0.00185740 0.00184742 0.00182324 0.00178266 0.00172305 0.00164158 0.00153556 0.00140292 0.00124306 0.00105872 0.00057375 0.00005268 -0.00004381 -0.00001734 -0.00000874 -0.00000243 -0.00000169 0.00021249 0.00336941 0.00169238 0.22776457 15.71170 
0.240 0.01093489 5 -5652111.22 362045.44 1232280.28 1733207.32 -567156.85 -8412487.40 -636834191.34 0.00127217 0.01093489 0.00763752 0.00246901 0.00122035 0.00187446 0.00192165 0.00193694 0.00194522 0.00194535 0.00193548 0.00191313 0.00187525 0.00181828 0.00173862 0.00163303 0.00149911 0.00133593 0.00082948 0.00014525 -0.00005326 -0.00002765 -0.00000738 -0.00000156 -0.00000197 0.00024352 0.00372030 0.00187335 0.26161707 17.95623 
0.270 0.01099292 5 -4462734.42 493881.31 1478480.54 2321526.76 -895681.18 -7860941.85 -573849847.66 -0.00004197 0.01099292 0.00925747 0.00262784 0.00103978 0.00127451 0.00127794 0.00127255 0.00127398 0.00128105 0.00129172 0.00130330 0.00131224 0.00131410 0.00130416 0.00127846 0.00123416 0.00116826 0.00086790 0.00024631 -0.00003976 -0.00003441 -0.00000618 -0.00000089 -0.00000221 0.00018909 0.00386500 0.00191227 0.28351677 20.20076 
0.300 0.01083760 5 -3688142.08 345653.58 1794195.20 2673842.46 -995652.04 -7506181.28 -522299096.27 -0.00093140 0.01083760 0.00982419 0.00236419 0.00099413 0.00114082 0.00111422 0.00108995 0.00107738 0.00107541 0.00108208 0.00109477 0.00110986 0.00112248 0.00112732 0.00112058 0.00110065 0.00106570 0.00085637 0.00028550 -0.00003815 -0.00003879 -0.00000469 -0.00000023 -0.00000231 0.00016935 0.00377632 0.00186021 0.28473964 22.44529 
0.330 0.01122022 5 988767.24 -2187603.96 -2285861.73 -2244789.93 -845700.41 8552723.27 485292534.76 -0.00489387 -0.01088663 -0.00547922 -0.00227085 -0.00078744 0.00317794 0.00341339 0.00348827 0.00345277 0.00331244 0.00307690 0.00275721 0.00236917 0.00193449 0.00147988 0.00103477 0.00062730 0.00028290 -0.00015970 -0.00018890 -0.00002994 0.00000740 -0.00000070 -0.00000437 -0.00000427 0.00024971 -0.00344173 -0.00148075 -0.14425349 24.68982 
0.360 0.01227450 5 938744.71 -2550673.65 -2297483.37 -2448852.82 -941041.66 9176796.22 520604307.07 -0.00476082 -0.01185450 -0.00631476 -0.00253968 -0.00089568 0.00353783 0.00381207 0.00391058 0.00388975 0.00375516 0.00351642 0.00318437 0.00277453 0.00230845 0.00181302 0.00131882 0.00085565 0.00045041 -0.00013020 -0.00024010 -0.00004609 0.00000898 0.00000141 -0.00000427 -0.00000476 0.00029059 -0.00377568 -0.00161558 -0.16405749 26.93435 
0.390 0.01347742 4 9458693.67 697512.81 162907.98 -220991.34 1467214.12 7352050.09 734286883.84 0.00309095 -0.01238400 -0.01347742 -0.00407427 -0.00110863 -0.00546928 -0.00581992 -0.00600386 -0.00609704 -0.00609820 -0.00600575 -0.00581788 -0.00553405 -0.00515744 -0.00469619 -0.00416222 -0.00356978 -0.00294267 -0.00148362 -0.00007646 0.00011481 0.00002835 0.00000480 -0.00000213 -0.00000352 -0.00065681 -0.00492809 -0.00265909 -0.45215323 29.17887 
0.420 0.01522892 4 9173744.58 309580.33 542829.95 -337303.00 1366662.59 7291974.71 726806494.62 0.00446581 -0.01405360 -0.01522892 -0.00470535 -0.00113644 -0.00553244 -0.00590802 -0.00611925 -0.00624567 -0.00628599 -0.00623843 -0.00610097 -0.00587261 -0.00555545 -0.00515438 -0.00467400 -0.00411929 -0.00350733 -0.00196527 -0.00026483 0.00011749 0.00004580 0.00000412 -0.00000338 -0.00000324 -0.00071980 -0.00542766 -0.00292673 -0.50626930 31.42340 
0.450 0.01502843 4 9415864.14 -24994.11 863161.96 54816.88 1383260.79 7139618.62 744840114.65 0.00512432 -0.01352523 -0.01502843 -0.00468522 -0.00164357 -0.00627727 -0.00666142 -0.00687505 -0.00700000 -0.00703502 -0.00697833 -0.00682787 -0.00658252 -0.00624420 -0.00581773 -0.00530762 -0.00471846 -0.00406653 -0.00239165 -0.00043641 0.00010582 0.00005766 0.00000355 -0.00000485 -0.00000370 -0.00082403 -0.00542902 -0.00298274 -0.52872991 33.66793 
0.480 0.01502334 4 8803114.31 -681893.78 587920.76 537323.00 1398193.68 6961570.65 746417700.99 0.00578008 -0.01307984 -0.01502334 -0.00532472 -0.00200929 -0.00597045 -0.00631087 -0.00650323 -0.00662222 -0.00666660 -0.00663459 -0.00652399 -0.00633319 -0.00606278 -0.00571489 -0.00528946 -0.00478421 -0.00420619 -0.00262153 -0.00059399 0.00008275 0.00006648 0.00000268 -0.00000587 -0.00000377 -0.00081576 -0.00557306 -0.00304587 -0.55181515 35.91246 
0.510 0.01521947 5 4072795.76 -741415.69 -1099585.21 -3491711.20 -790574.21 10196082.07 604283109.07 -0.00196844 -0.01453998 -0.00933267 -0.00297428 -0.00252258 0.00017894 0.00040967 0.00054569 0.00064505 0.00070775 0.00073398 0.00072410 0.00067884 0.00059964 0.00048908 0.00035107 0.00019065 0.00001693 -0.00034325 -0.00037184 -0.00003272 0.00003932 0.00000530 -0.00000633 -0.00000624 0.00003099 -0.00497507 -0.00231573 -0.31005069 38.15699 
0.540 0.01548283 4 4025835.15 -937463.50 -1847168.73 -1044162.35 1138896.02 6715733.72 547707593.22 0.00532591 -0.01354598 -0.01548283 -0.00634141 -0.00077150 -0.00026218 -0.00032221 -0.00037934 -0.00044591 -0.00052051 -0.00060095 -0.00068450 -0.00076806 -0.00084930 -0.00092613 -0.00099389 -0.00104395 -0.00106686 -0.00095079 -0.00047970 -0.00011162 0.00000820 0.00000600 -0.00000113 -0.00000288 -0.00014359 -0.00550861 -0.00265859 -0.46672310 40.40152 
0.570 0.01490268 5 6525475.14 316500.09 -234834.61 -3458957.60 -182745.76 10085513.01 668386246.84 -0.00050487 -0.01416616 -0.00940276 -0.00264289 -0.00379254 -0.00378537 -0.00370856 -0.00363446 -0.00354285 -0.00343435 -0.00330993 -0.00317097 -0.00301919 -0.00285650 -0.00268474 -0.00250563 -0.00232090 -0.00213187 -0.00161857 -0.00062766 0.00007510 0.00010006 -0.00000196 -0.00001258 -0.00000650 -0.00043418 -0.00517449 -0.00265632 -0.39628431 42.64605 
0.600 0.01409176 5 7321706.76 324004.73 322199.04 -3323421.77 127702.75 9871222.01 696421127.12 0.00028789 -0.01334206 -0.00915572 -0.00249287 -0.00457347 -0.00563725 -0.00561940 -0.00557051 -0.00548640 -0.00536781 -0.00521586 -0.00503217 -0.00481877 -0.00457803 -0.00431243 -0.00402436 -0.00371636 -0.00339094 -0.00248126 -0.00087305 0.00011599 0.00014009 -0.00000435 -0.00001621 -0.00000680 -0.00067642 -0.00520039 -0.00279715 -0.43939507 44.89058 
0.630 0.01323423 5 8030627.05 130174.53 1058761.82 -3118995.17 291704.76 9668981.10 723842907.50 0.00111946 -0.01247436 -0.00883008 -0.00239127 -0.00540991 -0.00744930 -0.00748505 -0.00745911 -0.00738183 -0.00725400 -0.00707682 -0.00685205 -0.00658189 -0.00626897 -0.00591614 -0.00552606 -0.00510139 -0.00464511 -0.00334403 -0.00112334 0.00014830 0.00017746 -0.00000572 -0.00001945 -0.00000718 -0.00091542 -0.00523013 -0.00293805 -0.48325943 47.13510 
0.660 0.01244679 5 8693843.05 -123191.61 1902788.79 -2801783.19 226370.24 9489658.81 745998435.81 0.00202100 -0.01168440 -0.00851747 -0.00240105 -0.00621835 -0.00909319 -0.00917729 -0.00917317 -0.00910318 -0.00896811 -0.00876922 -0.00850827 -0.00818751 -0.00780974 -0.00737804 -0.00689508 -0.00636294 -0.00578439 -0.00411556 -0.00134702 0.00017278 0.00021010 -0.00000629 -0.00002221 -0.00000760 -0.00113236 -0.00527553 -0.00307458 -0.52640418 49.37963 
0.690 0.01249848 3 2176145.38 -1396741.49 -4235761.81 2660279.37 2075919.19 3072450.12 421429953.30 0.01102195 -0.00215006 -0.00972204 -0.01249848 -0.00515333 -0.00177123 -0.00169555 -0.00165346 -0.00162986 -0.00162330 -0.00163155 -0.00165164 -0.00168018 -0.00171408 -0.00175109 -0.00178715 -0.00181398 -0.00182202 -0.00168931 -0.00099125 -0.00014331 0.00007241 0.00000373 -0.00000663 -0.00000352 -0.00030617 -0.00552749 -0.00275380 -0.64077317 51.62416 
0.720 0.01287345 3 1724976.65 -1494035.30 -4351135.65 2796311.10 2078224.69 2695611.81 392522170.83 0.01146430 -0.00120497 -0.00920031 -0.01287345 -0.00538671 -0.00156697 -0.00146262 -0.00140116 -0.00136137 -0.00134190 -0.00134060 -0.00135462 -0.00138065 -0.00141598 -0.00145914 -0.00150648 -0.00154878 -0.00157518 -0.00150643 -0.00094787 -0.00016788 0.00006021 0.00000434 -0.00000553 -0.00000334 -0.00026660 -0.00544311 -0.00269323 -0.64147123 53.86869 
0.750 0.01314960 3 1230950.88 -1618251.16 -4448739.97 2853370.52 2091378.36 2353193.13 363694257.30 0.01181542 -0.00047998 -0.00886222 -0.01314960 -0.00552585 -0.00118425 -0.00104196 -0.00095509 -0.00089472 -0.00085958 -0.00084757 -0.00085594 -0.00088156 -0.00092232 -0.00097812 -0.00104513 -0.00111312 -0.00116967 -0.00119783 -0.00084059 -0.00017584 0.00004829 0.00000469 -0.00000449 -0.00000316 -0.00019691 -0.00536995 -0.00262191 -0.63739770 56.11322 
0.780 0.01348878 3 623805.99 -1776053.33 -4576198.75 2860052.02 2115733.50 2000272.55 331124605.80 0.01218247 0.00016938 -0.00867058 -0.01348878 -0.00559765 -0.00055423 -0.00036107 -0.00024075 -0.00015436 -0.00010068 -0.00007764 -0.00008254 -0.00011242 -0.00016615 -0.00024532 -0.00034662 -0.00045821 -0.00056426 -0.00074280 -0.00067612 -0.00017333 0.00003461 0.00000471 -0.00000331 -0.00000290 -0.00008916 -0.00532075 -0.00254161 -0.63122328 58.35775 
0.810 0.01403631 3 -107495.78 -1976592.94 -4769078.65 2881154.59 2157976.29 1599044.94 294337811.52 0.01261554 0.00080782 -0.00854340 -0.01403631 -0.00561993 0.00034588 0.00059879 0.00075700 0.00087125 0.00094275 0.00097356 0.00096637 0.00092393 0.00084595 0.00072844 0.00057344 0.00039506 0.00021437 -0.00017924 -0.00047605 -0.00016221 0.00002013 0.00000426 -0.00000204 -0.00000251 0.00005405 -0.00530709 -0.00245912 -0.62533941 60.60228 
0.840 0.01469209 3 5837669.17 -349057.25 -2869668.23 2662532.19 1788439.37 4605423.09 577192264.09 0.01399820 0.00055205 -0.00788371 -0.01469209 -0.00988676 -0.00868449 -0.00871744 -0.00869184 -0.00862867 -0.00852666 -0.00838391 -0.00819805 -0.00796721 -0.00769442 -0.00738823 -0.00704963 -0.00666334 -0.00620518 -0.00463035 -0.00169250 0.00003891 0.00018065 -0.00000554 -0.00001765 -0.00000429 -0.00115241 -0.00671462 -0.00375984 -0.89216936 62.84681 
0.870 0.01539155 3 6088941.65 -272093.54 -2726345.81 2897591.78 1801607.58 4388181.63 576333544.27 0.01476500 0.00199412 -0.00691272 -0.01539155 -0.01085443 -0.00951847 -0.00953458 -0.00948572 -0.00939149 -0.00925070 -0.00906161 -0.00882205 -0.00853081 -0.00819365 -0.00782354 -0.00742366 -0.00697646 -0.00645276 -0.00468668 -0.00156513 0.00011533 0.00018920 -0.00000769 -0.00001864 -0.00000427 -0.00121279 -0.00678637 -0.00382555 -0.92560883 65.09133 
0.900 0.01602749 3 6191267.65 -294671.52 -2530299.89 3173646.06 1838582.90 4004010.10 566384513.14 0.01556877 0.00369174 -0.00565982 -0.01602749 -0.01191401 -0.01031936 -0.01030551 -0.01022432 -0.01009135 -0.00990554 -0.00966533 -0.00936863 -0.00901485 -0.00861278 -0.00818020 -0.00772184 -0.00721689 -0.00663368 -0.00470470 -0.00143769 0.00018315 0.00019458 -0.00000958 -0.00001926 -0.00000415 -0.00126397 -0.00678628 -0.00385270 -0.95398459 67.33586 
0.930 0.01622623 3 5808374.67 -481901.13 -2421124.06 3313979.57 1910506.42 3486913.87 537338028.83 0.01614477 0.00515752 -0.00446505 -0.01621505 -0.01271820 -0.01056759 -0.01049081 -0.01035808 -0.01017441 -0.00993880 -0.00964976 -0.00930549 -0.00890643 -0.00846528 -0.00800533 -0.00753099 -0.00701762 -0.00643386 -0.00450995 -0.00129016 0.00022362 0.00019048 -0.00001077 -0.00001911 -0.00000401 -0.00124281 -0.00664640 -0.00377589 -0.95760759 69.58039 
0.960 0.01645296 3 5446547.87 -799739.41 -2078979.30 3508226.93 2008593.40 2808446.25 506030436.15 0.01676332 0.00682659 -0.00305987 -0.01641314 -0.01351814 -0.01089007 -0.01075742 -0.01057649 -0.01034339 -0.01005734 -0.00971713 -0.00932134 -0.00887171 -0.00838553 -0.00789164 -0.00739226 -0.00686118 -0.00626719 -0.00433794 -0.00115799 0.00025095 0.00018081 -0.00001128 -0.00001826 -0.00000375 -0.00123187 -0.00644248 -0.00367448 -0.95848739 71.82492 
0.990 0.01652537 3 5170025.53 -953134.31 -1863874.75 3736530.65 2054810.79 2195693.14 474850404.47 0.01716686 0.00822632 -0.00178384 -0.01646183 -0.01412166 -0.01117498 -0.01100262 -0.01078599 -0.01051510 -0.01018934 -0.00980772 -0.00936911 -0.00887662 -0.00835229 -0.00782967 -0.00730829 -0.00676418 -0.00616342 -0.00423332 -0.00107205 0.00027568 0.00017706 -0.00001202 -0.00001801 -0.00000358 -0.00122871 -0.00621599 -0.00356663 -0.95350502 74.06945 
1.020 0.01692749 2 8710955.42 -4965561.67 6149560.38 1063716.59 -206102.20 6669342.32 798207229.20 0.01276658 0.00075208 -0.00384180 -0.01060417 -0.01692749 -0.01472882 -0.01430034 -0.01385299 -0.01333283 -0.01273975 -0.01207337 -0.01133308 -0.01052373 -0.00967323 -0.00882124 -0.00796962 -0.00710626 -0.00620649 -0.00378749 -0.00059927 0.00038416 0.00015919 -0.00000826 -0.00001428 -0.00000324 -0.00139306 -0.00739462 -0.00420645 -0.96853874 76.31398 
1.050 0.01754963 2 8377403.47 -5242123.93 6313485.55 985090.29 -251090.12 6572041.69 787014812.65 0.01319200 0.00145967 -0.00351242 -0.01114198 -0.01754963 -0.01466688 -0.01419193 -0.01371244 -0.01316515 -0.01254996 -0.01186640 -0.01111390 -0.01029852 -0.00945288 -0.00861847 -0.00779845 -0.00698407 -0.00613582 -0.00378293 -0.00060290 0.00038291 0.00015707 -0.00000791 -0.00001378 -0.00000289 -0.00137329 -0.00753948 -0.00426385 -0.99014672 78.55851 
1.080 0.01805455 2 8087206.60 -5456320.52 6510983.99 849611.36 -329086.63 6512018.39 774817533.19 0.01362094 0.00202783 -0.00330329 -0.01167128 -0.01805455 -0.01460143 -0.01409407 -0.01359257 -0.01302721 -0.01239785 -0.01170399 -0.01094509 -0.01012868 -0.00929229 -0.00847838 -0.00769475 -0.00693018 -0.00613253 -0.00384496 -0.00065067 0.00037856 0.00016008 -0.00000801 -0.00001384 -0.00000256 -0.00136334 -0.00768133 -0.00432506 -1.01139449 80.80304 
1.110 0.01861411 2 7818178.53 -5685542.91 6687176.11 746545.62 -420348.81 6490348.52 766012169.22 0.01407864 0.00250840 -0.00313093 -0.01217826 -0.01861411 -0.01455782 -0.01401534 -0.01348993 -0.01290466 -0.01225937 -0.01155351 -0.01078663 -0.00996791 -0.00914000 -0.00834660 -0.00760207 -0.00688632 -0.00613771 -0.00391988 -0.00070906 0.00037706 0.00016625 -0.00000841 -0.00001425 -0.00000227 -0.00135548 -0.00784739 -0.00439873 -1.03469972 83.04757 
1.140 0.01906585 2 7571585.93 -5889810.58 6835629.19 685326.11 -524809.68 6465250.88 757364010.55 0.01455473 0.00280728 -0.00314648 -0.01269012 -0.01906585 -0.01445059 -0.01388053 -0.01333775 -0.01273899 -0.01208407 -0.01137241 -0.01060369 -0.00978918 -0.00897706 -0.00821270 -0.00751617 -0.00685332 -0.00615593 -0.00401776 -0.00079177 0.00036776 0.00017254 -0.00000873 -0.00001470 -0.00000202 -0.00134741 -0.00803139 -0.00448070 -1.05831981 85.29209 
1.170 0.01948030 2 7380141.82 -6062049.20 7006750.72 589028.46 -635319.57 6481731.40 750773453.18 0.01499985 0.00301674 -0.00318890 -0.01316678 -0.01948030 -0.01435184 -0.01375967 -0.01320264 -0.01259260 -0.01192936 -0.01121235 -0.01044148 -0.00963066 -0.00883404 -0.00809963 -0.00744995 -0.00683511 -0.00618337 -0.00411859 -0.00087797 0.00035350 0.00017720 -0.00000897 -0.00001503 -0.00000177 -0.00134194 -0.00821236 -0.00456263 -1.08083661 87.53662 
1.200 0.01980586 2 7220236.96 -6202744.56 7173384.92 489408.47 -747516.18 6507704.32 744621783.23 0.01541024 0.00313786 -0.00329354 -0.01361645 -0.01980586 -0.01422608 -0.01361654 -0.01304861 -0.01243017 -0.01176106 -0.01104072 -0.01026945 -0.00946452 -0.00868635 -0.00798645 -0.00738431 -0.00681529 -0.00620612 -0.00421156 -0.00096432 0.00033270 0.00017903 -0.00000902 -0.00001517 -0.00000157 -0.00133546 -0.00838278 -0.00463908 -1.10114783 89.78115 
