0.001 0.00011478 5 17921.28 -1859.29 -16800.18 -9505.88 -374.02 46460.65 2962169.28 -0.00000956 -0.00004728 -0.00011308 -0.00002472 0.00001060 0.00006161 0.00006535 0.00006070 0.00005431 0.00004688 0.00003878 0.00003062 0.00002295 0.00001612 0.00001022 0.00000520 0.00000104 -0.00000231 -0.00000482 0.00000052 0.00001032 0.00000006 -0.00001036 -0.00000143 0.00000190 0.00000397 -0.00003012 -0.00001201 -0.00192111 0.11490 
0.030 0.00157881 5 532848.76 -177358.10 -366571.86 -223612.09 -8519.95 1308910.77 89003939.54 -0.00070293 -0.00150949 -0.00077220 -0.00037198 -0.00012367 0.00019315 0.00020738 0.00020285 0.00018793 0.00016554 0.00013846 0.00010992 0.00008244 0.00005777 0.00003689 0.00002017 0.00000751 -0.00000155 -0.00000928 -0.00000354 0.00000702 -0.00000104 -0.00000965 -0.00000217 0.00000085 0.00001178 -0.00050592 -0.00023091 -0.02476777 3.44707 
0.060 0.00290726 5 1239703.38 -331831.57 -547033.04 -376307.33 795.41 2494079.91 178115306.02 -0.00125666 -0.00283456 -0.00137633 -0.00070225 -0.00028915 0.00009326 0.00010378 0.00009361 0.00007004 0.00003736 0.00000135 -0.00003074 -0.00005237 -0.00006192 -0.00006207 -0.00005609 -0.00004710 -0.00003749 -0.00001718 0.00000098 0.00000626 -0.00000197 -0.00000847 -0.00000268 -0.00000020 -0.00000071 -0.00095108 -0.00044622 -0.04961941 6.89413 
0.090 0.00415137 5 2002268.47 -468455.66 -686003.82 -473994.04 27358.35 3603363.64 266121309.19 -0.00174876 -0.00407606 -0.00194645 -0.00103255 -0.00046556 -0.00006883 -0.00006541 -0.00008225 -0.00011397 -0.00015549 -0.00019936 -0.00023605 -0.00025620 -0.00025371 -0.00022978 -0.00019203 -0.00014968 -0.00010932 -0.00003821 0.00000799 0.00000763 -0.00000250 -0.00000709 -0.00000305 -0.00000117 -0.00002075 -0.00137885 -0.00065740 -0.07504889 10.34120 
0.120 0.00532880 5 2698812.20 -690456.73 -816214.33 -489930.95 68631.78 4626782.43 352207179.62 -0.00222022 -0.00525212 -0.00249269 -0.00138427 -0.00065628 -0.00015351 -0.00014875 -0.00016731 -0.00020399 -0.00025400 -0.00030968 -0.00036153 -0.00039794 -0.00040799 -0.00038682 -0.00033892 -0.00027552 -0.00020923 -0.00008131 0.00000979 0.00001016 -0.00000212 -0.00000545 -0.00000334 -0.00000210 -0.00003610 -0.00180168 -0.00086376 -0.10031146 13.78827 
0.150 0.00637453 5 3621097.18 -867693.17 -728823.29 -437206.04 120107.45 5534712.24 439454894.73 -0.00263001 -0.00629624 -0.00298287 -0.00172492 -0.00089284 -0.00035597 -0.00034553 -0.00035474 -0.00037997 -0.00041869 -0.00046486 -0.00051167 -0.00054914 -0.00056454 -0.00054715 -0.00049562 -0.00041803 -0.00032875 -0.00013945 0.00000824 0.00001362 -0.00000114 -0.00000368 -0.00000355 -0.00000296 -0.00005694 -0.00220783 -0.00106523 -0.12638579 17.23533 
0.180 0.00736138 5 4906232.22 -736662.83 -630410.74 -348698.06 209941.61 6412062.24 529559518.83 -0.00296945 -0.00728065 -0.00345489 -0.00205931 -0.00113768 -0.00084031 -0.00084157 -0.00084407 -0.00085025 -0.00085863 -0.00086677 -0.00087172 -0.00086871 -0.00084888 -0.00080113 -0.00071999 -0.00060979 -0.00048413 -0.00021035 0.00000939 0.00001934 0.00000024 -0.00000190 -0.00000369 -0.00000374 -0.00009915 -0.00260260 -0.00127271 -0.15491529 20.68240 
0.210 0.00837312 5 6137805.32 -593794.88 -590930.18 -281205.87 309348.59 7294387.66 617874113.09 -0.00327169 -0.00828570 -0.00394563 -0.00239674 -0.00136781 -0.00141451 -0.00144249 -0.00145227 -0.00145338 -0.00144443 -0.00142333 -0.00138753 -0.00133397 -0.00125879 -0.00115676 -0.00102263 -0.00086004 -0.00068260 -0.00029839 0.00001266 0.00002778 0.00000219 -0.00000013 -0.00000377 -0.00000442 -0.00015507 -0.00299612 -0.00148689 -0.18501719 24.12947 
0.240 0.00947007 5 7054218.76 -526780.81 -545694.90 -348525.64 318130.77 8157089.35 690940854.72 -0.00344656 -0.00932446 -0.00456245 -0.00267949 -0.00155312 -0.00190105 -0.00195146 -0.00196947 -0.00197095 -0.00195445 -0.00191786 -0.00185855 -0.00177353 -0.00165972 -0.00151422 -0.00133600 -0.00112973 -0.00090744 -0.00041275 0.00000821 0.00003786 0.00000535 0.00000149 -0.00000379 -0.00000493 -0.00020806 -0.00337350 -0.00169194 -0.21453392 27.57653 
0.270 0.01082407 5 7417735.68 -452814.55 -618633.78 -752210.66 301812.55 8939582.11 733899132.85 -0.00291632 -0.01043855 -0.00589815 -0.00288214 -0.00161560 -0.00225955 -0.00232902 -0.00235704 -0.00236434 -0.00234943 -0.00231012 -0.00224369 -0.00214704 -0.00201708 -0.00185132 -0.00164912 -0.00141429 -0.00115863 -0.00056452 -0.00001606 0.00004825 0.00001039 0.00000243 -0.00000385 -0.00000511 -0.00025561 -0.00375670 -0.00189684 -0.25141736 31.02360 
0.300 0.01180724 5 7682533.59 -417313.13 -450593.50 -978527.36 458947.28 9070020.30 749690464.61 -0.00219596 -0.01128743 -0.00765178 -0.00301296 -0.00166892 -0.00265149 -0.00273580 -0.00277111 -0.00278182 -0.00276644 -0.00272275 -0.00264800 -0.00253909 -0.00239285 -0.00220679 -0.00198034 -0.00171696 -0.00142821 -0.00073382 -0.00004740 0.00005885 0.00001622 0.00000321 -0.00000378 -0.00000506 -0.00030650 -0.00415935 -0.00211263 -0.29469307 34.47066 
0.330 0.01301656 5 7515068.82 -428105.88 -420918.13 -1151714.36 584205.33 8931601.86 738452989.06 -0.00111663 -0.01238167 -0.00980477 -0.00310903 -0.00165208 -0.00282998 -0.00291691 -0.00295511 -0.00296930 -0.00295798 -0.00291896 -0.00284951 -0.00274651 -0.00260667 -0.00242708 -0.00220611 -0.00194473 -0.00165113 -0.00090374 -0.00009964 0.00006407 0.00002265 0.00000354 -0.00000364 -0.00000470 -0.00033860 -0.00458633 -0.00232984 -0.34031888 37.91773 
0.360 0.01492601 5 6417655.66 -578459.91 -786570.28 -1426769.27 631172.06 8578283.06 685268105.63 0.00074038 -0.01416451 -0.01240329 -0.00340790 -0.00152219 -0.00236588 -0.00242402 -0.00245286 -0.00246830 -0.00246893 -0.00245262 -0.00241666 -0.00235793 -0.00227291 -0.00215813 -0.00201047 -0.00182765 -0.00161053 -0.00098030 -0.00018117 0.00005280 0.00002823 0.00000347 -0.00000336 -0.00000401 -0.00030389 -0.00506967 -0.00253797 -0.38739805 41.36480 
0.390 0.01816218 5 5731960.45 -533185.88 -984786.05 -1605753.14 413448.54 8442236.98 642466323.55 0.00270811 -0.01725620 -0.01533566 -0.00358579 -0.00140424 -0.00234571 -0.00240411 -0.00243737 -0.00245977 -0.00246994 -0.00246582 -0.00244478 -0.00240369 -0.00233900 -0.00224703 -0.00212424 -0.00196760 -0.00177581 -0.00116710 -0.00028699 0.00003999 0.00003556 0.00000360 -0.00000312 -0.00000324 -0.00032146 -0.00570614 -0.00284567 -0.44455153 44.81186 
0.420 0.02204877 5 5151983.38 -436426.12 -1083369.25 -2027999.48 322858.04 8376920.20 605179627.61 0.00447790 -0.02102193 -0.01852233 -0.00366414 -0.00127623 -0.00232398 -0.00237975 -0.00241561 -0.00244422 -0.00246421 -0.00247350 -0.00246941 -0.00244874 -0.00240771 -0.00234230 -0.00224851 -0.00212283 -0.00196281 -0.00139754 -0.00043121 0.00001729 0.00004333 0.00000342 -0.00000312 -0.00000245 -0.00034281 -0.00645176 -0.00320654 -0.50431445 48.25893 
0.450 0.02636970 5 4372820.93 -335280.29 -1367163.64 -2583047.07 369998.96 8288312.96 563027869.91 0.00614520 -0.02519761 -0.02198766 -0.00377329 -0.00111412 -0.00192082 -0.00194538 -0.00196695 -0.00199097 -0.00201601 -0.00203988 -0.00205980 -0.00207235 -0.00207339 -0.00205829 -0.00202251 -0.00196227 -0.00187460 -0.00148862 -0.00059460 -0.00002458 0.00004698 0.00000350 -0.00000293 -0.00000173 -0.00031437 -0.00729316 -0.00358586 -0.56308895 51.70600 
