0.001 0.00011753 4 69003.12 33.51 3081.43 5389.22 6955.45 53543.51 5500097.20 -0.00000031 -0.00004979 -0.00011753 -0.00003372 0.00000057 0.00004476 0.00004894 0.00004551 0.00004076 0.00003523 0.00002917 0.00002305 0.00001728 0.00001211 0.00000758 0.00000364 0.00000028 -0.00000254 -0.00000461 0.00000047 0.00000978 -0.00000033 -0.00001047 -0.00000166 0.00000168 0.00000306 -0.00003581 -0.00001516 -0.00261088 0.06774 
0.030 0.00165564 5 2080631.87 4311.80 142688.51 188022.04 211721.43 1533888.08 161913325.66 -0.00043170 -0.00158549 -0.00089589 -0.00060896 -0.00038879 -0.00044709 -0.00043708 -0.00041458 -0.00037752 -0.00032871 -0.00027252 -0.00021475 -0.00016007 -0.00011178 -0.00007180 -0.00004085 -0.00001866 -0.00000422 0.00000848 0.00000632 0.00000152 -0.00000340 -0.00000599 -0.00000323 -0.00000218 -0.00002331 -0.00065849 -0.00032107 -0.04466340 2.03231 
0.060 0.00298272 5 4001896.98 30064.74 275636.48 441523.67 431652.23 2823019.88 306475414.32 -0.00079099 -0.00290876 -0.00158024 -0.00114264 -0.00075580 -0.00105626 -0.00105786 -0.00102332 -0.00095602 -0.00086008 -0.00074203 -0.00061091 -0.00047701 -0.00035094 -0.00024042 -0.00014974 -0.00008041 -0.00003133 0.00001978 0.00001972 -0.00000105 -0.00000459 -0.00000181 -0.00000294 -0.00000353 -0.00006279 -0.00121906 -0.00060482 -0.08498590 4.06462 
0.090 0.00419300 5 5758124.14 55229.43 425319.68 665518.75 627413.62 3984642.66 437255639.28 -0.00111485 -0.00411682 -0.00219762 -0.00162252 -0.00109627 -0.00166544 -0.00168412 -0.00164396 -0.00155451 -0.00142086 -0.00125128 -0.00105733 -0.00085244 -0.00065081 -0.00046562 -0.00030687 -0.00018034 -0.00008663 0.00002121 0.00003570 -0.00000057 -0.00000512 0.00000176 -0.00000234 -0.00000421 -0.00010669 -0.00172973 -0.00086753 -0.12257693 6.09693 
0.120 0.00537003 5 7427858.86 92897.13 602158.31 844837.11 798174.77 5089791.54 559869949.90 -0.00144313 -0.00529251 -0.00278675 -0.00206749 -0.00142346 -0.00232899 -0.00236768 -0.00232526 -0.00221783 -0.00205033 -0.00183200 -0.00157592 -0.00129867 -0.00101823 -0.00075164 -0.00051440 -0.00031907 -0.00016976 0.00001370 0.00005455 0.00000253 -0.00000519 0.00000483 -0.00000161 -0.00000450 -0.00015760 -0.00222059 -0.00112468 -0.15931540 8.12924 
0.150 0.00646820 5 8939005.55 130687.27 739945.55 998085.77 965977.39 6104309.56 671868546.09 -0.00173104 -0.00638643 -0.00334430 -0.00248572 -0.00172124 -0.00307568 -0.00313887 -0.00309919 -0.00298061 -0.00278740 -0.00252801 -0.00221463 -0.00186479 -0.00150078 -0.00114531 -0.00081865 -0.00053818 -0.00031496 -0.00001883 0.00007628 0.00000994 -0.00000454 0.00000724 -0.00000078 -0.00000444 -0.00022085 -0.00267836 -0.00137287 -0.19545751 10.16155 
0.180 0.00744549 5 10114336.87 74010.48 836884.87 1132965.71 1110032.78 6960443.02 766104679.85 -0.00194968 -0.00734100 -0.00386880 -0.00285839 -0.00198006 -0.00372994 -0.00382099 -0.00379232 -0.00367515 -0.00347265 -0.00319164 -0.00284216 -0.00243962 -0.00200566 -0.00156654 -0.00114958 -0.00078041 -0.00047698 -0.00005649 0.00009975 0.00001888 -0.00000382 0.00000905 0.00000013 -0.00000403 -0.00028212 -0.00308318 -0.00159519 -0.22849445 12.19386 
0.210 0.00833535 5 10620961.63 147972.39 869843.19 932072.34 1253993.30 7417080.42 806364765.05 -0.00184106 -0.00805049 -0.00485728 -0.00305200 -0.00206778 -0.00418399 -0.00430373 -0.00429458 -0.00419308 -0.00400101 -0.00372300 -0.00336621 -0.00294314 -0.00247305 -0.00198139 -0.00149853 -0.00105563 -0.00067818 -0.00012225 0.00011794 0.00003045 -0.00000227 0.00000992 0.00000096 -0.00000327 -0.00033496 -0.00341943 -0.00178089 -0.26012090 14.22617 
0.240 0.00908298 5 7417615.72 52731.17 -457791.43 -539937.95 611921.92 7750692.02 670458700.12 -0.00222050 -0.00874725 -0.00522898 -0.00253448 -0.00141198 -0.00257720 -0.00267924 -0.00271894 -0.00272088 -0.00268374 -0.00260571 -0.00248465 -0.00231861 -0.00210684 -0.00185210 -0.00156386 -0.00125847 -0.00095718 -0.00037464 0.00004564 0.00004184 0.00000519 0.00000634 -0.00000084 -0.00000356 -0.00026360 -0.00323954 -0.00165865 -0.22660933 16.25848 
0.270 0.01200290 5 6101510.76 -78491.85 -1313249.44 -1384457.27 1091919.05 7785790.27 636672339.53 0.00090213 -0.01133433 -0.01103513 -0.00287338 -0.00119676 -0.00223688 -0.00230729 -0.00233995 -0.00235202 -0.00234205 -0.00230802 -0.00224742 -0.00215753 -0.00203554 -0.00187914 -0.00168733 -0.00146205 -0.00121236 -0.00060692 -0.00002498 0.00005179 0.00001487 0.00000645 -0.00000027 -0.00000218 -0.00025894 -0.00428211 -0.00214491 -0.33565728 18.29079 
0.300 0.01132867 5 -7242480.87 141165.73 468276.26 606584.48 -1073242.55 -7385264.79 -667742851.19 -0.00171231 0.01132867 0.01104068 0.00258200 0.00128258 0.00379692 0.00393950 0.00398986 0.00398790 0.00393291 0.00382377 0.00365896 0.00343692 0.00315701 0.00282194 0.00244122 0.00203129 0.00161611 0.00074272 -0.00000892 -0.00007751 -0.00001805 -0.00000699 0.00000005 0.00000093 0.00040187 0.00416778 0.00216724 0.34946253 20.32310 
0.330 0.01343038 5 -7138145.30 116392.13 562602.63 448945.10 -884352.98 -7381732.19 -659383273.24 -0.00307103 0.01343038 0.01300331 0.00298452 0.00119216 0.00404312 0.00422394 0.00430379 0.00432937 0.00430039 0.00421626 0.00407604 0.00387832 0.00362167 0.00330672 0.00293885 0.00252899 0.00209658 0.00109446 0.00008603 -0.00009570 -0.00003012 -0.00000500 0.00000181 0.00000131 0.00046649 0.00466121 0.00243288 0.39965249 22.35541 
0.360 0.01663020 5 4547645.93 -950728.15 -1794789.23 -824625.52 746683.28 7371105.55 589412321.31 0.00338150 -0.01565711 -0.01525298 -0.00277200 -0.00097122 -0.00098335 -0.00095006 -0.00092842 -0.00091174 -0.00089856 -0.00088673 -0.00087379 -0.00085738 -0.00083522 -0.00080374 -0.00075676 -0.00068708 -0.00059112 -0.00028158 0.00005467 0.00004944 0.00000588 0.00000536 -0.00000058 -0.00000254 -0.00010439 -0.00510319 -0.00244771 -0.38787752 24.38772 
0.390 0.01752590 5 4538209.65 -743014.76 -1956990.52 -995190.48 873559.27 7359846.14 583869757.44 0.00480661 -0.01647613 -0.01660755 -0.00462076 -0.00099398 -0.00070028 -0.00069751 -0.00070019 -0.00070723 -0.00071721 -0.00072799 -0.00073719 -0.00074264 -0.00074266 -0.00073431 -0.00071133 -0.00066522 -0.00059025 -0.00030494 0.00004797 0.00005486 0.00000707 0.00000452 -0.00000070 -0.00000231 -0.00009069 -0.00572635 -0.00273256 -0.45274556 26.42003 
0.420 0.01820928 4 4052417.20 -1161635.64 -1800677.66 -1116748.02 1156900.26 6974578.25 568562836.59 0.00644634 -0.01696466 -0.01820928 -0.00652002 -0.00108028 0.00010351 0.00012632 0.00012902 0.00011664 0.00009058 0.00005304 0.00000660 -0.00004633 -0.00010397 -0.00016362 -0.00021887 -0.00025985 -0.00027794 -0.00019917 0.00001400 0.00003620 0.00000587 0.00000498 -0.00000063 -0.00000238 -0.00001170 -0.00636745 -0.00299113 -0.51745533 28.45234 
0.450 0.01916336 4 3278718.20 -1385310.54 -1769034.13 -1370793.41 1128458.08 6675398.19 527877883.94 0.00768957 -0.01709252 -0.01916336 -0.00762628 -0.00096187 0.00089139 0.00093426 0.00094093 0.00092217 0.00087941 0.00081487 0.00073120 0.00063063 0.00051445 0.00038477 0.00024846 0.00011726 0.00000246 -0.00014318 -0.00007084 0.00000858 0.00000847 0.00000551 -0.00000081 -0.00000240 0.00006068 -0.00663549 -0.00307833 -0.54726930 30.48465 
0.480 0.01949444 4 2999948.09 -1577159.92 -1827608.52 -1177672.12 1263683.80 6318704.86 514822440.68 0.00881616 -0.01617652 -0.01949444 -0.00930053 -0.00110039 0.00133172 0.00136677 0.00136007 0.00132354 0.00125862 0.00116765 0.00105347 0.00091889 0.00076601 0.00059729 0.00041648 0.00023620 0.00006979 -0.00019662 -0.00018842 -0.00003208 0.00000955 0.00000618 -0.00000114 -0.00000278 0.00008568 -0.00692391 -0.00320025 -0.59076557 32.51696 
0.510 0.02118623 4 -8650049.89 -81736.21 1397782.61 -1503841.73 -1627239.63 -6835014.93 -743049572.10 -0.00975046 0.01909029 0.02106247 0.01173203 0.00166974 0.00387157 0.00426755 0.00450537 0.00467613 0.00477843 0.00481035 0.00476958 0.00465348 0.00445932 0.00418467 0.00382866 0.00339489 0.00289651 0.00156831 0.00002474 -0.00024575 -0.00006375 -0.00000104 0.00000294 -0.00000093 0.00054749 0.00825541 0.00416078 0.76603303 34.54927 
