0.001 0.00011295 4 34866.22 3697.92 -10500.41 -7558.52 3284.58 45942.66 3485499.91 0.00000215 -0.00004245 -0.00011295 -0.00002605 0.00000826 0.00005357 0.00005738 0.00005326 0.00004765 0.00004116 0.00003408 0.00002695 0.00002024 0.00001425 0.00000904 0.00000454 0.00000077 -0.00000233 -0.00000463 0.00000061 0.00001027 0.00000000 -0.00001038 -0.00000146 0.00000188 0.00000356 -0.00002943 -0.00001190 -0.00207143 0.07295 
0.030 0.00153417 5 -1310135.12 -174346.02 204292.22 155475.82 -82901.05 -1412656.09 -113695601.99 0.00054179 0.00153417 0.00063835 0.00040129 0.00022589 0.00030507 0.00031163 0.00030101 0.00028052 0.00025114 0.00021491 0.00017480 0.00013456 0.00009729 0.00006493 0.00003838 0.00001788 0.00000295 -0.00001112 -0.00000510 0.00000850 -0.00000089 -0.00001132 -0.00000280 0.00000057 0.00001831 0.00050951 0.00024857 0.02971481 2.18836 
0.060 0.00288822 5 -2622148.82 -397958.25 415872.44 241537.51 -195365.82 -2686234.69 -221022697.21 0.00097205 0.00288822 0.00129386 0.00078759 0.00042404 0.00072324 0.00074986 0.00074466 0.00071984 0.00067552 0.00061264 0.00053311 0.00044141 0.00034513 0.00025290 0.00017105 0.00010359 0.00005167 -0.00001029 -0.00001846 0.00000498 -0.00000066 -0.00001145 -0.00000343 -0.00000032 0.00005174 0.00098239 0.00048801 0.06045146 4.37672 
0.090 0.00424574 5 -3846734.55 -572412.09 636744.27 323755.08 -295584.57 -3939237.24 -325530317.11 0.00141951 0.00424574 0.00194089 0.00116833 0.00061951 0.00114810 0.00119742 0.00120138 0.00117732 0.00112546 0.00104609 0.00094029 0.00081161 0.00066684 0.00051662 0.00037301 0.00024737 0.00014563 0.00000910 -0.00003357 -0.00000069 -0.00000062 -0.00001148 -0.00000373 -0.00000082 0.00009095 0.00145389 0.00072987 0.09144720 6.56508 
0.120 0.00561407 5 -4918362.68 -613415.62 796946.29 430397.26 -367766.10 -5164524.52 -425991158.42 0.00189950 0.00561407 0.00257801 0.00153476 0.00081999 0.00150999 0.00157777 0.00159168 0.00157310 0.00152204 0.00143854 0.00132311 0.00117758 0.00100633 0.00081778 0.00062538 0.00044486 0.00028954 0.00005762 -0.00004553 -0.00000876 -0.00000132 -0.00001135 -0.00000381 -0.00000110 0.00013023 0.00192533 0.00097173 0.12200291 8.75344 
0.150 0.00697618 5 -5997356.17 -716781.55 907931.60 610333.44 -418970.06 -6379869.60 -521844714.21 0.00235607 0.00697618 0.00319798 0.00185979 0.00100702 0.00200452 0.00210129 0.00213141 0.00212296 0.00207567 0.00198911 0.00186304 0.00169815 0.00149750 0.00126779 0.00102085 0.00077349 0.00054491 0.00016182 -0.00005604 -0.00002267 -0.00000334 -0.00001091 -0.00000366 -0.00000126 0.00018855 0.00237791 0.00121487 0.15315496 10.94180 
0.180 0.00825636 5 -7071007.07 -834293.64 856793.16 891600.98 -448868.75 -7536238.83 -610749107.33 0.00269258 0.00825636 0.00376124 0.00211374 0.00118721 0.00268703 0.00282484 0.00287719 0.00288184 0.00283813 0.00274520 0.00260209 0.00240850 0.00216618 0.00188143 0.00156711 0.00124180 0.00092692 0.00034009 -0.00005845 -0.00004302 -0.00000742 -0.00001003 -0.00000326 -0.00000139 0.00027087 0.00278071 0.00144743 0.18430940 13.13016 
0.210 0.00918472 5 -7967643.25 -843860.52 592744.06 1156195.38 -415890.82 -8456831.35 -682052120.29 0.00295571 0.00918472 0.00393138 0.00221668 0.00133359 0.00342583 0.00361264 0.00369347 0.00371705 0.00368262 0.00358914 0.00343544 0.00322066 0.00294529 0.00261368 0.00223761 0.00183653 0.00143454 0.00061322 -0.00003833 -0.00006820 -0.00001445 -0.00000898 -0.00000249 -0.00000136 0.00036896 0.00301597 0.00160982 0.20553114 15.31852 
0.240 0.01073722 5 7066078.23 698215.31 -629784.02 -2064952.92 366066.36 8696533.50 649813942.46 -0.00232757 -0.01030979 -0.00636322 -0.00247299 -0.00134818 -0.00204623 -0.00209159 -0.00208938 -0.00204915 -0.00197074 -0.00185399 -0.00169883 -0.00150580 -0.00127766 -0.00102235 -0.00075494 -0.00049562 -0.00026720 0.00004725 0.00010359 0.00000812 -0.00000689 0.00000771 -0.00000069 -0.00000495 -0.00016031 -0.00357920 -0.00176301 -0.23295653 17.50688 
0.270 0.01234781 5 6959479.05 759623.93 -569412.23 -2663285.43 374248.61 9058304.18 652007448.98 -0.00179009 -0.01178750 -0.00843005 -0.00256076 -0.00133325 -0.00211793 -0.00216312 -0.00216553 -0.00213366 -0.00206727 -0.00196605 -0.00182963 -0.00165779 -0.00145110 -0.00121285 -0.00095204 -0.00068377 -0.00042957 -0.00001534 0.00012627 0.00001822 -0.00000599 0.00000908 0.00000034 -0.00000439 -0.00017734 -0.00408639 -0.00200981 -0.27514425 19.69524 
0.300 0.01354252 5 6700787.78 406998.64 -200204.31 -2937332.37 544375.68 8886950.14 645687579.66 -0.00074506 -0.01287293 -0.01040318 -0.00299301 -0.00138229 -0.00203050 -0.00207198 -0.00207954 -0.00205736 -0.00200545 -0.00192388 -0.00181277 -0.00167242 -0.00150332 -0.00130649 -0.00108446 -0.00084320 -0.00059738 -0.00012382 0.00012940 0.00003171 -0.00000313 0.00000966 0.00000107 -0.00000361 -0.00018322 -0.00457725 -0.00224304 -0.32361330 21.88360 
0.330 0.01509795 5 7138852.76 682545.26 139191.87 -2926241.75 365325.23 8878032.15 643613906.14 0.00023582 -0.01434716 -0.01192711 -0.00309569 -0.00117470 -0.00266241 -0.00277159 -0.00282260 -0.00282867 -0.00279015 -0.00270769 -0.00258238 -0.00241585 -0.00221034 -0.00196858 -0.00169380 -0.00139143 -0.00107497 -0.00039406 0.00012106 0.00006897 0.00000564 0.00000716 0.00000045 -0.00000286 -0.00027291 -0.00486921 -0.00242755 -0.35893161 24.07196 
0.360 0.01647310 5 7767967.09 764086.27 423086.14 -2415851.32 225517.99 8771127.99 660210913.38 0.00155418 -0.01563874 -0.01347096 -0.00362908 -0.00113077 -0.00350933 -0.00370037 -0.00380108 -0.00383910 -0.00381495 -0.00372958 -0.00358454 -0.00338215 -0.00312576 -0.00281945 -0.00246759 -0.00207664 -0.00166274 -0.00072982 0.00009209 0.00010886 0.00001649 0.00000483 -0.00000039 -0.00000225 -0.00038952 -0.00526776 -0.00267632 -0.41201225 26.26032 
0.390 0.01685574 5 9032132.67 987653.45 1058287.93 -1814654.07 131181.12 8669664.23 696386702.38 0.00269401 -0.01597367 -0.01405349 -0.00375778 -0.00143143 -0.00533672 -0.00563901 -0.00579440 -0.00585465 -0.00582038 -0.00569278 -0.00547370 -0.00516603 -0.00477434 -0.00430503 -0.00376727 -0.00317640 -0.00256108 -0.00119244 0.00006813 0.00016854 0.00003229 0.00000313 -0.00000193 -0.00000239 -0.00060005 -0.00543676 -0.00286739 -0.45964337 28.44867 
0.420 0.01828229 4 4778103.83 -1245208.14 -1196653.14 -1131928.55 1794904.90 6556988.76 595815723.11 0.00732758 -0.01605213 -0.01828229 -0.00701621 -0.00195843 -0.00186775 -0.00189692 -0.00191394 -0.00193137 -0.00194776 -0.00196082 -0.00196772 -0.00196558 -0.00195235 -0.00192600 -0.00188128 -0.00180879 -0.00169928 -0.00122523 -0.00028853 0.00011551 0.00005747 0.00000150 -0.00000443 -0.00000200 -0.00027486 -0.00663031 -0.00325414 -0.58619564 30.63703 
0.450 0.01927767 4 4817302.02 -2135090.87 -1156733.84 507812.95 1806627.70 5794686.07 617129788.05 0.01104939 -0.01389925 -0.01927767 -0.01159614 -0.00313324 -0.00179493 -0.00183077 -0.00185571 -0.00188202 -0.00190835 -0.00193251 -0.00195176 -0.00196354 -0.00196677 -0.00196064 -0.00193976 -0.00189264 -0.00180725 -0.00137291 -0.00040005 0.00010712 0.00006857 0.00000142 -0.00000508 -0.00000173 -0.00028528 -0.00766494 -0.00374469 -0.74068541 32.82539 
0.480 0.01804852 4 4985012.20 -2664195.09 -673745.29 1236839.96 1703463.46 5382649.16 626640970.25 0.01170175 -0.01076159 -0.01804852 -0.01374104 -0.00287350 -0.00120431 -0.00130667 -0.00138562 -0.00145617 -0.00151805 -0.00157050 -0.00161270 -0.00164519 -0.00167188 -0.00169701 -0.00171677 -0.00171482 -0.00167236 -0.00131829 -0.00041859 0.00009426 0.00006750 0.00000142 -0.00000516 -0.00000197 -0.00024636 -0.00747869 -0.00363671 -0.75217123 35.01375 
0.510 0.01492344 4 -8159370.55 -445948.90 -305486.33 -515875.48 -1038204.04 -5853855.80 -617107093.72 -0.00953299 0.01017360 0.01476020 0.01110366 0.00302262 0.00609833 0.00651788 0.00676410 0.00692578 0.00700297 0.00699581 0.00690399 0.00672345 0.00644278 0.00604971 0.00554680 0.00495644 0.00431148 0.00264998 0.00049443 -0.00020091 -0.00009650 0.00000061 0.00000816 0.00000171 0.00084067 0.00652014 0.00350307 0.70706480 37.20211 
0.540 0.01911909 4 -4209936.31 1769040.18 2814079.63 -44601.60 -1709718.26 -7038736.26 -642728320.98 -0.00955670 0.01765984 0.01898372 0.01139967 0.00464595 0.00141693 0.00118334 0.00100268 0.00085677 0.00074513 0.00066626 0.00061700 0.00058889 0.00056415 0.00052185 0.00045589 0.00038471 0.00033817 0.00037183 0.00021297 -0.00010221 -0.00006989 -0.00000056 0.00000354 -0.00000122 0.00009323 0.00855133 0.00405819 0.75453560 39.39047 
0.570 0.02067998 4 -1633669.33 3628037.08 1827167.99 1092461.29 -1038714.85 -7142620.83 -570889956.43 -0.01087853 0.01872507 0.02047823 0.01343344 0.00465841 -0.00233293 -0.00283791 -0.00319237 -0.00345879 -0.00363689 -0.00372753 -0.00373334 -0.00366212 -0.00353084 -0.00336022 -0.00315811 -0.00290928 -0.00259008 -0.00152702 -0.00020262 0.00003123 -0.00000138 -0.00000403 -0.00000308 -0.00000225 -0.00045271 0.00921458 0.00407909 0.76434349 41.57883 
