0.001 0.00011123 4 56737.62 23186.69 -13187.29 -2724.84 9652.20 39810.87 3617252.56 0.00001581 -0.00003184 -0.00011123 -0.00002720 0.00000782 0.00004232 0.00004592 0.00004243 0.00003788 0.00003270 0.00002710 0.00002147 0.00001617 0.00001142 0.00000723 0.00000354 0.00000035 -0.00000237 -0.00000435 0.00000077 0.00001023 -0.00000005 -0.00001039 -0.00000148 0.00000186 0.00000296 -0.00002706 -0.00001111 -0.00215767 0.10647 
0.030 0.00146372 5 -983218.02 -259833.83 477362.86 171944.89 -80590.77 -1292101.18 -93987072.71 0.00062282 0.00146372 0.00060479 0.00037384 0.00014845 0.00012988 0.00013507 0.00012853 0.00011667 0.00010059 0.00008246 0.00006460 0.00004792 0.00003317 0.00002075 0.00001071 0.00000294 -0.00000287 -0.00000743 -0.00000155 0.00000811 -0.00000131 -0.00001081 -0.00000290 0.00000021 0.00000738 0.00047179 0.00022508 0.02480826 3.19404 
0.060 0.00269930 5 -2065319.19 -558645.54 708769.73 325790.57 -139997.77 -2401236.18 -179258241.18 0.00111360 0.00269930 0.00118868 0.00069513 0.00030222 0.00031992 0.00032370 0.00030556 0.00027396 0.00023212 0.00018360 0.00013268 0.00008466 0.00004542 0.00001667 -0.00000267 -0.00001455 -0.00002098 -0.00001962 -0.00000378 0.00000800 -0.00000118 -0.00001027 -0.00000337 -0.00000076 0.00001471 0.00089280 0.00042634 0.04838383 6.38808 
0.090 0.00387820 5 -2844702.04 -567714.46 1007046.54 388903.38 -232941.78 -3439995.71 -263091226.27 0.00156694 0.00387820 0.00176733 0.00106054 0.00046852 0.00038142 0.00038132 0.00035903 0.00032145 0.00027017 0.00020799 0.00013855 0.00006741 0.00000199 -0.00004969 -0.00008247 -0.00009519 -0.00009359 -0.00005979 -0.00000706 0.00001113 -0.00000009 -0.00000979 -0.00000357 -0.00000128 0.00001183 0.00131536 0.00062290 0.07190595 9.58212 
0.120 0.00507325 5 -3403767.95 -414051.75 1215819.43 539255.62 -276925.96 -4467865.29 -340354938.11 0.00201076 0.00507325 0.00233969 0.00139944 0.00063927 0.00032392 0.00031008 0.00028058 0.00023894 0.00018606 0.00012336 0.00005275 -0.00002275 -0.00009787 -0.00016442 -0.00021230 -0.00023232 -0.00022452 -0.00013961 -0.00001712 0.00001748 0.00000245 -0.00000949 -0.00000375 -0.00000154 -0.00000294 0.00172964 0.00080925 0.09341177 12.77616 
0.150 0.00612293 5 -4076910.02 -293613.07 1026518.09 771215.05 -191570.75 -5389459.34 -407196892.34 0.00239592 0.00612293 0.00278187 0.00159628 0.00081095 0.00048146 0.00046400 0.00042943 0.00038059 0.00031824 0.00024351 0.00015791 0.00006363 -0.00003594 -0.00013512 -0.00022472 -0.00029312 -0.00032798 -0.00026170 -0.00006310 0.00002068 0.00000772 -0.00000940 -0.00000404 -0.00000162 -0.00000144 0.00206689 0.00096814 0.11144363 15.97021 
0.180 0.00736369 5 -3229965.14 239898.23 2271766.64 1399301.72 -755407.07 -6385524.67 -461117301.73 0.00185224 0.00736369 0.00404293 0.00220743 0.00093904 -0.00030509 -0.00038048 -0.00043306 -0.00047054 -0.00049382 -0.00050446 -0.00050461 -0.00049686 -0.00048401 -0.00046857 -0.00045200 -0.00043416 -0.00041170 -0.00029561 -0.00006769 0.00002273 0.00000672 -0.00001120 -0.00000532 -0.00000240 -0.00006684 0.00254264 0.00115643 0.14419290 19.16425 
0.210 0.00929433 5 -2577268.54 388483.65 2654771.34 2436683.03 -682731.87 -7374474.70 -474482798.80 0.00168818 0.00929433 0.00602870 0.00218322 0.00091645 -0.00105679 -0.00121596 -0.00131869 -0.00138796 -0.00142472 -0.00143071 -0.00140835 -0.00136070 -0.00129139 -0.00120436 -0.00110357 -0.00099269 -0.00087477 -0.00056385 -0.00013053 0.00003744 0.00001570 -0.00001136 -0.00000630 -0.00000279 -0.00017096 0.00307463 0.00135049 0.16816404 22.35829 
0.240 0.01100456 5 -1577271.94 519266.37 2789638.10 3610051.26 -761412.49 -7734815.18 -444896080.88 0.00101976 0.01100456 0.00856606 0.00215600 0.00083415 -0.00197238 -0.00223666 -0.00240631 -0.00252330 -0.00258857 -0.00260395 -0.00257198 -0.00249595 -0.00237986 -0.00222824 -0.00204611 -0.00183864 -0.00161105 -0.00100689 -0.00023780 0.00005475 0.00003011 -0.00001140 -0.00000775 -0.00000330 -0.00031281 0.00361514 0.00152852 0.19650019 25.55233 
0.270 0.01187998 5 -7011188.97 739073.44 578804.73 507660.30 -1102997.17 -7733730.27 -700760831.08 -0.00065172 0.01187998 0.01086250 0.00311518 0.00138611 0.00285818 0.00294768 0.00297271 0.00296482 0.00292305 0.00284583 0.00273099 0.00257596 0.00237826 0.00213704 0.00185419 0.00153485 0.00119112 0.00039446 -0.00024133 -0.00011755 -0.00000356 -0.00000592 -0.00000245 -0.00000136 0.00028326 0.00445655 0.00223960 0.34731924 28.74637 
0.300 0.01438044 4 -5525315.93 131897.42 1772290.56 1127984.70 -1209250.26 -7348238.35 -606601459.03 -0.00313054 0.01425903 0.01426154 0.00433030 0.00093900 0.00209263 0.00218189 0.00222536 0.00224820 0.00224928 0.00222673 0.00217786 0.00209910 0.00198662 0.00183794 0.00165266 0.00143196 0.00117962 0.00050352 -0.00017797 -0.00013288 -0.00001350 -0.00000438 -0.00000191 -0.00000193 0.00023496 0.00519449 0.00255987 0.41858315 31.94041 
0.330 0.01579436 4 -5130947.17 229456.78 1903412.54 1000114.68 -1826229.32 -6437701.85 -574676286.91 -0.00565661 0.01335878 0.01573071 0.00621871 0.00118426 0.00226942 0.00238372 0.00244498 0.00248448 0.00250119 0.00249337 0.00245839 0.00239231 0.00229039 0.00215100 0.00197374 0.00175796 0.00150549 0.00077975 -0.00009399 -0.00017061 -0.00003220 -0.00000113 -0.00000012 -0.00000227 0.00027928 0.00564198 0.00279318 0.49988388 35.13445 
0.360 0.01550323 4 -5058567.45 418506.13 1832418.92 554283.81 -2064344.35 -5799431.95 -562008985.85 -0.00747606 0.01114180 0.01547026 0.00794202 0.00184570 0.00279579 0.00292134 0.00298342 0.00302002 0.00303025 0.00301256 0.00296489 0.00288410 0.00276586 0.00260575 0.00240184 0.00215554 0.00186990 0.00104010 -0.00002874 -0.00019817 -0.00004436 0.00000073 0.00000095 -0.00000249 0.00034654 0.00580474 0.00290521 0.56013165 38.32849 
0.390 0.01312718 4 -5632102.84 603190.42 1423362.17 -406297.49 -2165474.45 -5086883.48 -570724880.81 -0.00891552 0.00647039 0.01312718 0.00974033 0.00303881 0.00425540 0.00442752 0.00450812 0.00454841 0.00454756 0.00450413 0.00441612 0.00428047 0.00409258 0.00384730 0.00354228 0.00318001 0.00276549 0.00159569 0.00007475 -0.00025354 -0.00006945 0.00000256 0.00000325 -0.00000226 0.00052495 0.00557504 0.00289231 0.61164878 41.52253 
0.420 0.01188768 4 -8123476.23 -49580.65 -192370.77 -222677.32 -1249257.85 -6409589.64 -660551649.18 -0.00708929 0.00759610 0.01185168 0.00915044 0.00308950 0.00608704 0.00641441 0.00659587 0.00670337 0.00673618 0.00669318 0.00657265 0.00637192 0.00608677 0.00571209 0.00524604 0.00469409 0.00407175 0.00239574 0.00025550 -0.00029111 -0.00009603 0.00000246 0.00000895 0.00000216 0.00078660 0.00554662 0.00301799 0.60646982 44.71658 
0.450 0.01132151 4 -8941867.65 -611391.09 -533010.06 -78997.42 -1146649.41 -6571819.67 -671077380.66 -0.00732220 0.00695790 0.01128510 0.00987364 0.00348786 0.00675586 0.00714851 0.00736719 0.00749598 0.00753480 0.00748368 0.00734269 0.00711128 0.00678739 0.00636770 0.00585162 0.00524580 0.00456704 0.00274340 0.00036419 -0.00030780 -0.00010894 0.00000370 0.00001005 0.00000199 0.00088486 0.00565958 0.00312314 0.63468350 47.91062 
0.480 0.01180360 3 -9104066.59 402688.70 153822.29 -2907511.14 -1812329.80 -4940736.64 -704341058.27 -0.00857673 0.00242605 0.00907404 0.01180360 0.00409492 0.00694690 0.00737443 0.00761545 0.00776655 0.00782668 0.00779449 0.00766817 0.00744520 0.00712267 0.00669782 0.00616988 0.00554604 0.00484801 0.00295049 0.00040911 -0.00033813 -0.00012139 0.00000540 0.00001133 0.00000197 0.00092776 0.00531299 0.00298345 0.65826235 51.10466 
0.510 0.01263273 3 -8607783.28 763207.24 -132549.45 -2767981.59 -1694599.06 -4775860.42 -682522512.64 -0.00937820 0.00222207 0.00936090 0.01263273 0.00416985 0.00627382 0.00668954 0.00693166 0.00709303 0.00717253 0.00716871 0.00707967 0.00690317 0.00663666 0.00627794 0.00582616 0.00528462 0.00466727 0.00292218 0.00045184 -0.00033800 -0.00012849 0.00000537 0.00001188 0.00000203 0.00086844 0.00546628 0.00302380 0.67680310 54.29870 
0.540 0.01422888 4 -9096783.89 -178538.85 -1330965.04 19952.96 -167294.51 -7439938.45 -694576136.69 -0.00725928 0.01159357 0.01408860 0.01223397 0.00298908 0.00488203 0.00527503 0.00551306 0.00568287 0.00578331 0.00581294 0.00577007 0.00565284 0.00545940 0.00518840 0.00483962 0.00441446 0.00391936 0.00246601 0.00035226 -0.00030714 -0.00010569 0.00000314 0.00000898 0.00000145 0.00070884 0.00703044 0.00367226 0.70332190 57.49274 
0.570 0.01709201 4 -8457741.87 -468116.73 -568076.75 -338470.64 -695411.69 -6387666.08 -637428756.31 -0.00989748 0.01211330 0.01691807 0.01416597 0.00178801 0.00369108 0.00417727 0.00449064 0.00473049 0.00489550 0.00498408 0.00499435 0.00492434 0.00477229 0.00453742 0.00422083 0.00382529 0.00335946 0.00199823 0.00009723 -0.00034221 -0.00008339 0.00000417 0.00000724 0.00000119 0.00058882 0.00739148 0.00377775 0.74977098 60.68678 
0.600 0.01915404 4 -9324595.20 -376413.84 -1295254.61 -16208.28 -126430.79 -7510287.68 -698872124.28 -0.01070978 0.01675376 0.01898514 0.01493200 0.00263218 0.00441855 0.00486717 0.00514572 0.00534857 0.00547485 0.00552374 0.00549451 0.00538674 0.00520059 0.00493723 0.00459929 0.00418993 0.00371458 0.00231186 0.00024879 -0.00036757 -0.00011403 0.00000543 0.00000987 0.00000133 0.00066298 0.00859435 0.00438102 0.83894752 63.88082 
