0.001 0.00011209 4 58869.87 1633.57 4528.77 3678.01 5032.98 43996.53 4495209.84 0.00000198 -0.00003985 -0.00011209 -0.00002934 0.00000289 0.00004556 0.00004962 0.00004610 0.00004127 0.00003568 0.00002957 0.00002341 0.00001759 0.00001238 0.00000781 0.00000383 0.00000042 -0.00000243 -0.00000453 0.00000059 0.00001004 -0.00000017 -0.00001044 -0.00000156 0.00000179 0.00000314 -0.00003170 -0.00001320 -0.00233851 0.05227 
0.030 0.00132010 5 1609623.30 45398.82 138304.66 93279.74 133411.17 1199228.92 122348512.88 -0.00036868 -0.00125073 -0.00071071 -0.00045062 -0.00028943 -0.00031587 -0.00030476 -0.00028591 -0.00025764 -0.00022266 -0.00018373 -0.00014420 -0.00010705 -0.00007444 -0.00004765 -0.00002713 -0.00001263 -0.00000344 0.00000458 0.00000425 0.00000352 -0.00000296 -0.00000777 -0.00000316 -0.00000128 -0.00001576 -0.00051036 -0.00024762 -0.03383587 1.56821 
0.060 0.00246090 5 3174009.21 92549.64 265805.60 246781.38 279272.48 2289600.11 239038880.42 -0.00072287 -0.00238859 -0.00127971 -0.00087058 -0.00058278 -0.00077397 -0.00076770 -0.00073491 -0.00067665 -0.00059719 -0.00050288 -0.00040221 -0.00030442 -0.00021630 -0.00014195 -0.00008316 -0.00003991 -0.00001067 0.00001657 0.00001234 -0.00000016 -0.00000431 -0.00000442 -0.00000331 -0.00000292 -0.00004261 -0.00097625 -0.00048028 -0.06578741 3.13643 
0.090 0.00355177 5 4760096.60 136764.69 447090.64 422537.03 423176.95 3330527.29 354146722.24 -0.00105383 -0.00347665 -0.00182363 -0.00128188 -0.00088514 -0.00128466 -0.00128780 -0.00124442 -0.00116036 -0.00104148 -0.00089634 -0.00073637 -0.00057397 -0.00042137 -0.00028788 -0.00017854 -0.00009505 -0.00003599 0.00002507 0.00002390 -0.00000180 -0.00000518 -0.00000108 -0.00000305 -0.00000396 -0.00007589 -0.00143144 -0.00071134 -0.09810812 4.70464 
0.120 0.00463728 5 -6692413.72 12749.65 -696148.32 -786309.87 -721338.71 -4501366.47 -503192964.20 0.00120898 0.00463728 0.00227458 0.00181008 0.00131803 0.00222656 0.00225439 0.00219611 0.00207551 0.00189937 0.00167812 0.00142602 0.00115920 0.00089400 0.00064644 0.00043086 0.00025637 0.00012474 -0.00002878 -0.00004963 -0.00000072 0.00000203 -0.00000896 -0.00000297 -0.00000090 0.00014309 0.00193006 0.00098078 0.13936431 6.27286 
0.150 0.00576485 5 -8195509.69 55230.67 -830697.66 -977759.12 -891637.18 -5550646.40 -620152240.64 0.00151271 0.00576485 0.00284949 0.00225509 0.00163435 0.00283092 0.00287388 0.00281164 0.00267330 0.00246567 0.00220030 0.00189319 0.00156338 0.00123066 0.00091348 0.00062933 0.00039297 0.00021003 -0.00001631 -0.00006620 -0.00000489 0.00000272 -0.00000940 -0.00000273 -0.00000045 0.00018953 0.00240610 0.00122861 0.17497878 7.84107 
0.180 0.00690273 5 -9620597.68 86284.13 -912207.21 -1158825.34 -1068648.73 -6567200.52 -732603924.05 0.00181368 0.00690273 0.00345129 0.00270292 0.00194001 0.00349262 0.00355968 0.00350210 0.00335522 0.00312537 0.00282371 0.00246594 0.00207288 0.00166811 0.00127442 0.00091242 0.00060055 0.00035066 0.00001885 -0.00008514 -0.00001223 0.00000268 -0.00001008 -0.00000254 0.00000007 0.00024668 0.00288661 0.00148422 0.21206968 9.40929 
0.210 0.00783868 5 -10527835.84 -157144.69 -751615.92 -1186546.72 -1356766.90 -7075761.62 -794058659.02 0.00183566 0.00783868 0.00447415 0.00296257 0.00206732 0.00411971 0.00421968 0.00417873 0.00403870 0.00380452 0.00348556 0.00309532 0.00265314 0.00218422 0.00171549 0.00127241 0.00087816 0.00055041 0.00008313 -0.00010388 -0.00002361 0.00000161 -0.00001029 -0.00000242 0.00000039 0.00030972 0.00329808 0.00171060 0.24829958 10.97750 
0.240 0.00813738 5 -9463017.83 -266092.50 -443513.24 -577281.44 -1239052.28 -6937078.36 -732190281.04 0.00065811 0.00813738 0.00594090 0.00272226 0.00178958 0.00392578 0.00402709 0.00399827 0.00387949 0.00367396 0.00338841 0.00303261 0.00262200 0.00217865 0.00172867 0.00129829 0.00091181 0.00058711 0.00010984 -0.00009874 -0.00002628 0.00000075 -0.00000923 -0.00000196 0.00000062 0.00030348 0.00332929 0.00172191 0.26147937 12.54572 
0.270 0.00906200 5 -11477977.95 -404668.40 -976762.46 -1212904.12 -1082181.79 -7801461.17 -845816234.86 0.00216007 0.00906200 0.00533920 0.00318965 0.00227372 0.00446666 0.00455648 0.00449371 0.00432134 0.00404657 0.00368193 0.00324495 0.00275884 0.00225142 0.00175095 0.00128354 0.00087259 0.00053529 0.00006534 -0.00011017 -0.00002291 0.00000173 -0.00001164 -0.00000358 -0.00000060 0.00032561 0.00375224 0.00193193 0.27773737 14.11393 
0.300 0.01012417 5 -12257248.09 -404300.93 -1222376.75 -1440155.15 -999126.15 -8191289.10 -893094046.55 0.00178682 0.01012417 0.00681020 0.00340185 0.00243300 0.00510656 0.00521342 0.00515324 0.00497379 0.00468175 0.00428900 0.00381249 0.00327524 0.00270608 0.00213625 0.00159600 0.00111305 0.00070820 0.00012091 -0.00012636 -0.00003277 0.00000099 -0.00001152 -0.00000351 -0.00000056 0.00038360 0.00421694 0.00218058 0.32174600 15.68214 
0.330 0.01112426 5 -12505013.56 -499781.67 -1384670.12 -1329921.76 -1070790.12 -8219849.88 -900027996.69 0.00084882 0.01112426 0.00880920 0.00348170 0.00245519 0.00561835 0.00574065 0.00568667 0.00550756 0.00520901 0.00480173 0.00430119 0.00372917 0.00311405 0.00248862 0.00188676 0.00134046 0.00087455 0.00017768 -0.00014013 -0.00004272 0.00000000 -0.00001107 -0.00000345 -0.00000063 0.00043356 0.00463630 0.00240370 0.36770956 17.25036 
0.360 0.01307869 4 -8253311.06 -1791.55 215067.15 51491.06 -1560368.75 -6957708.98 -703030039.26 -0.00292158 0.01242567 0.01283672 0.00315374 0.00171630 0.00422067 0.00431369 0.00429676 0.00420661 0.00404338 0.00380768 0.00350076 0.00312677 0.00269638 0.00222934 0.00175325 0.00129943 0.00089539 0.00024289 -0.00010856 -0.00004728 -0.00000399 -0.00000779 -0.00000320 -0.00000165 0.00035419 0.00476912 0.00242381 0.40399488 18.81857 
0.390 0.01493873 4 -7755097.68 42369.48 373468.38 229041.49 -1491164.57 -6908812.45 -679528890.38 -0.00397404 0.01449959 0.01466424 0.00315434 0.00161705 0.00408885 0.00417301 0.00415517 0.00407016 0.00391798 0.00369886 0.00341336 0.00306402 0.00265837 0.00221244 0.00175163 0.00130632 0.00090502 0.00024839 -0.00010834 -0.00004839 -0.00000423 -0.00000731 -0.00000309 -0.00000165 0.00034615 0.00516327 0.00260430 0.43434134 20.38679 
0.420 0.01604734 4 -7532575.61 -46742.26 652598.39 151016.67 -1361748.23 -6927700.18 -667574343.16 -0.00471037 0.01583621 0.01581822 0.00354635 0.00152745 0.00387914 0.00396928 0.00395883 0.00388374 0.00374391 0.00353943 0.00327067 0.00293968 0.00255297 0.00212508 0.00168007 0.00124737 0.00085607 0.00022109 -0.00011092 -0.00004587 -0.00000338 -0.00000730 -0.00000300 -0.00000145 0.00032998 0.00548939 0.00274859 0.45995771 21.95500 
0.450 0.01717913 5 -8811942.12 -216883.87 -39438.99 -171687.18 -1170864.31 -7213067.77 -717197106.15 -0.00506064 0.01717913 0.01669974 0.00392811 0.00168961 0.00453720 0.00465733 0.00464878 0.00455479 0.00437591 0.00411370 0.00377094 0.00335425 0.00287722 0.00236172 0.00183730 0.00133715 0.00089275 0.00019580 -0.00013725 -0.00004781 -0.00000125 -0.00000806 -0.00000286 -0.00000086 0.00037671 0.00590237 0.00296701 0.49554465 23.52322 
0.480 0.01866208 5 -9356329.83 -230182.05 -336590.41 -303311.46 -1085461.92 -7400783.99 -743418271.90 -0.00537246 0.01866208 0.01766184 0.00412916 0.00175606 0.00480208 0.00493297 0.00492546 0.00482587 0.00463497 0.00435501 0.00398970 0.00354723 0.00304294 0.00250009 0.00194901 0.00142328 0.00095517 0.00021387 -0.00014787 -0.00005177 -0.00000090 -0.00000827 -0.00000259 -0.00000047 0.00039923 0.00626738 0.00315008 0.52273028 25.09143 
0.510 0.02017594 5 -9415214.46 -236615.51 -379573.60 -241745.52 -1118357.82 -7438922.02 -747148929.76 -0.00589926 0.02017594 0.01884898 0.00426519 0.00174436 0.00490186 0.00504266 0.00504312 0.00495142 0.00476808 0.00449480 0.00413455 0.00369445 0.00318874 0.00263988 0.00207792 0.00153670 0.00104944 0.00025644 -0.00015290 -0.00005775 -0.00000161 -0.00000811 -0.00000243 -0.00000038 0.00041539 0.00661085 0.00331968 0.54950968 26.65964 
0.540 0.02183624 5 -9400397.55 -227355.70 -421003.45 -137335.60 -1160005.93 -7454696.87 -747238346.15 -0.00647924 0.02183624 0.02014552 0.00437831 0.00172577 0.00500144 0.00515281 0.00516279 0.00508137 0.00490877 0.00464595 0.00429487 0.00386106 0.00335699 0.00280388 0.00223141 0.00167394 0.00116562 0.00031288 -0.00015529 -0.00006470 -0.00000281 -0.00000788 -0.00000227 -0.00000035 0.00043387 0.00697540 0.00350038 0.57787940 28.22786 
0.570 0.02365796 5 -9238748.86 -141146.47 -415358.35 1156.60 -1253255.47 -7430145.18 -744157795.94 -0.00718825 0.02365796 0.02166169 0.00457482 0.00169695 0.00500644 0.00516502 0.00518512 0.00511762 0.00496238 0.00471965 0.00439016 0.00397726 0.00349029 0.00294768 0.00237747 0.00181367 0.00129122 0.00038313 -0.00015138 -0.00007180 -0.00000465 -0.00000762 -0.00000212 -0.00000038 0.00044707 0.00739850 0.00370574 0.61120129 29.79607 
0.600 0.02572950 5 -8646057.66 86722.19 -199218.34 258405.94 -1533893.52 -7258073.93 -728753652.61 -0.00823446 0.02572950 0.02370519 0.00500114 0.00161936 0.00470071 0.00485622 0.00488722 0.00484247 0.00472149 0.00452368 0.00424843 0.00389629 0.00347120 0.00298449 0.00245813 0.00192220 0.00141097 0.00047153 -0.00013899 -0.00008067 -0.00000764 -0.00000708 -0.00000185 -0.00000045 0.00043874 0.00794450 0.00395726 0.65531042 31.36429 
0.630 0.02821268 5 -7120590.96 337602.36 763400.94 513589.56 -1670716.07 -7064467.76 -678279685.94 -0.00976387 0.02821268 0.02622130 0.00590161 0.00140605 0.00352936 0.00364927 0.00368299 0.00366921 0.00360709 0.00349533 0.00333219 0.00311589 0.00284535 0.00252201 0.00215285 0.00175272 0.00134703 0.00052578 -0.00009366 -0.00007886 -0.00001134 -0.00000645 -0.00000162 -0.00000068 0.00035463 0.00861905 0.00422880 0.70542244 32.93250 
0.660 0.02962920 5 -6419767.37 461727.43 1130559.99 659170.65 -1632854.65 -7038370.80 -654112045.79 -0.01053682 0.02962920 0.02749310 0.00638256 0.00131966 0.00293778 0.00303590 0.00306606 0.00306189 0.00302249 0.00294635 0.00283144 0.00267541 0.00247610 0.00223267 0.00194715 0.00162629 0.00128695 0.00054770 -0.00006998 -0.00007981 -0.00001371 -0.00000593 -0.00000143 -0.00000079 0.00030808 0.00898735 0.00437672 0.73153824 34.50072 
0.690 0.03188400 5 -5665002.75 575706.57 1605354.70 693939.01 -1389745.66 -7150257.36 -629725807.42 -0.01172154 0.03188400 0.02932430 0.00739254 0.00124046 0.00215165 0.00222716 0.00225430 0.00226127 0.00224714 0.00221031 0.00214861 0.00205932 0.00193953 0.00178696 0.00160078 0.00138209 0.00113721 0.00053941 -0.00003434 -0.00007351 -0.00001559 -0.00000573 -0.00000134 -0.00000090 0.00024178 0.00962017 0.00463815 0.77758211 36.06893 
