0.001 0.00010817 4 46305.86 468.23 2704.28 2727.62 3911.30 36494.44 3658872.98 0.00000406 -0.00003212 -0.00010817 -0.00002641 0.00000510 0.00004827 0.00005224 0.00004850 0.00004341 0.00003751 0.00003108 0.00002460 0.00001849 0.00001302 0.00000824 0.00000408 0.00000056 -0.00000238 -0.00000455 0.00000062 0.00001015 -0.00000009 -0.00001042 -0.00000151 0.00000183 0.00000328 -0.00002849 -0.00001161 -0.00211810 0.07488 
0.030 0.00118204 5 1150449.48 -62328.74 23693.04 45604.23 100809.32 1042671.64 100268556.52 -0.00036821 -0.00111307 -0.00063775 -0.00038888 -0.00022550 -0.00015820 -0.00014675 -0.00013580 -0.00012084 -0.00010318 -0.00008413 -0.00006520 -0.00004770 -0.00003260 -0.00002050 -0.00001159 -0.00000568 -0.00000235 0.00000044 0.00000236 0.00000689 -0.00000177 -0.00000963 -0.00000235 0.00000058 -0.00000700 -0.00044477 -0.00021222 -0.02811075 2.24628 
0.060 0.00224594 5 2148166.05 -205745.63 7062.59 119503.47 199807.29 2027538.32 195530816.20 -0.00074196 -0.00217442 -0.00116037 -0.00075777 -0.00045020 -0.00033606 -0.00031968 -0.00029915 -0.00027010 -0.00023362 -0.00019207 -0.00014897 -0.00010891 -0.00007433 -0.00004637 -0.00002529 -0.00001067 -0.00000162 0.00000547 0.00000399 0.00000345 -0.00000310 -0.00000809 -0.00000298 -0.00000079 -0.00001630 -0.00085721 -0.00041050 -0.05379309 4.49256 
0.090 0.00328018 5 3067614.33 -299286.47 -77596.66 175012.88 288128.83 2981355.75 284367016.53 -0.00110052 -0.00320556 -0.00166766 -0.00110781 -0.00064860 -0.00052149 -0.00050692 -0.00048357 -0.00044769 -0.00040003 -0.00034268 -0.00027901 -0.00021393 -0.00015350 -0.00010204 -0.00006112 -0.00003087 -0.00001035 0.00000929 0.00000779 0.00000074 -0.00000418 -0.00000611 -0.00000337 -0.00000207 -0.00002889 -0.00124909 -0.00060089 -0.07836552 6.73884 
0.120 0.00427241 5 4018123.40 -273410.49 -220913.68 240008.94 389199.95 3883238.67 368528652.66 -0.00144594 -0.00419618 -0.00215329 -0.00144409 -0.00082807 -0.00076105 -0.00075485 -0.00073221 -0.00069160 -0.00063364 -0.00056008 -0.00047397 -0.00038072 -0.00028780 -0.00020317 -0.00013180 -0.00007588 -0.00003525 0.00000999 0.00001468 -0.00000042 -0.00000499 -0.00000409 -0.00000356 -0.00000317 -0.00004750 -0.00162292 -0.00078602 -0.10240150 8.98512 
0.150 0.00525042 5 4938497.48 -212874.71 -378452.60 277137.90 497677.63 4755009.25 448769867.90 -0.00179820 -0.00517316 -0.00262883 -0.00176383 -0.00099719 -0.00100933 -0.00101349 -0.00099328 -0.00095005 -0.00088409 -0.00079669 -0.00069051 -0.00057055 -0.00044482 -0.00032303 -0.00021542 -0.00012876 -0.00006419 0.00001128 0.00002319 -0.00000109 -0.00000560 -0.00000180 -0.00000357 -0.00000412 -0.00006779 -0.00198717 -0.00096755 -0.12577502 11.23140 
0.180 0.00622854 5 5797232.58 -122207.79 -537538.41 245882.12 593483.55 5617613.11 523705964.03 -0.00215897 -0.00614989 -0.00309272 -0.00205155 -0.00114718 -0.00129866 -0.00131804 -0.00130474 -0.00126361 -0.00119450 -0.00109802 -0.00097572 -0.00083201 -0.00067493 -0.00051545 -0.00036593 -0.00023832 -0.00013776 -0.00000628 0.00003329 0.00000093 -0.00000551 0.00000069 -0.00000343 -0.00000494 -0.00009571 -0.00233694 -0.00114635 -0.14854144 13.47768 
0.210 0.00727839 5 9250975.34 -66298.47 606531.74 909371.33 974527.42 6826843.31 725736044.77 -0.00195477 -0.00717901 -0.00371352 -0.00267109 -0.00181344 -0.00359422 -0.00371082 -0.00371988 -0.00365461 -0.00351502 -0.00330259 -0.00302057 -0.00267740 -0.00228854 -0.00187507 -0.00146111 -0.00107238 -0.00073099 -0.00019024 0.00009206 0.00003232 -0.00000077 0.00000708 -0.00000127 -0.00000502 -0.00030447 -0.00293631 -0.00153821 -0.21877609 15.72396 
0.240 0.00827613 5 9381419.94 150276.90 338559.75 371260.96 1107250.12 7414072.21 749636930.96 -0.00196623 -0.00802590 -0.00462863 -0.00280258 -0.00180244 -0.00380418 -0.00394522 -0.00397748 -0.00393755 -0.00382474 -0.00363872 -0.00337984 -0.00305164 -0.00266434 -0.00223609 -0.00179168 -0.00135962 -0.00096663 -0.00029970 0.00009368 0.00004454 0.00000253 0.00000830 -0.00000034 -0.00000424 -0.00034447 -0.00323330 -0.00169869 -0.24305492 17.97024 
0.270 0.00929059 5 9026989.09 589982.24 -64610.71 -212179.17 1058237.49 7655559.22 724505661.48 -0.00094559 -0.00883266 -0.00670786 -0.00279015 -0.00161112 -0.00395431 -0.00411679 -0.00416697 -0.00414411 -0.00404730 -0.00387576 -0.00362901 -0.00330877 -0.00292230 -0.00248563 -0.00202338 -0.00156524 -0.00113988 -0.00038797 0.00009037 0.00005387 0.00000506 0.00000824 -0.00000002 -0.00000362 -0.00037334 -0.00354442 -0.00185987 -0.27948069 20.21652 
0.300 0.00985862 5 8587701.19 861846.52 -213123.51 -747878.34 1172631.57 7514224.96 688091531.78 -0.00000050 -0.00931375 -0.00838035 -0.00267020 -0.00142147 -0.00399640 -0.00416740 -0.00422476 -0.00420955 -0.00412086 -0.00395786 -0.00371990 -0.00340805 -0.00302810 -0.00259409 -0.00212975 -0.00166452 -0.00122784 -0.00043832 0.00008416 0.00005812 0.00000615 0.00000722 -0.00000042 -0.00000354 -0.00038531 -0.00372489 -0.00195083 -0.30400901 22.46280 
0.330 0.01032302 5 8304610.38 652094.16 -55304.07 -920561.10 1176802.83 7451578.57 678367876.38 0.00069847 -0.00972728 -0.00944989 -0.00263035 -0.00137550 -0.00397885 -0.00414441 -0.00419989 -0.00418627 -0.00410255 -0.00394770 -0.00372071 -0.00342200 -0.00305602 -0.00263482 -0.00218011 -0.00172001 -0.00128403 -0.00047839 0.00007471 0.00006011 0.00000698 0.00000635 -0.00000081 -0.00000352 -0.00038855 -0.00387001 -0.00202058 -0.32215980 24.70909 
0.360 0.01095113 5 -9962398.32 355635.46 -346839.18 -453861.58 -279421.72 -9237911.30 -851634194.50 0.00419977 0.01095113 0.00499615 0.00330597 0.00220549 0.00244743 0.00244049 0.00235171 0.00220032 0.00199218 0.00173649 0.00144448 0.00113033 0.00081115 0.00050621 0.00023622 0.00002037 -0.00012879 -0.00021969 -0.00009270 0.00001228 0.00000701 -0.00001374 -0.00000477 -0.00000095 0.00013181 0.00407087 0.00197835 0.24827065 26.95537 
0.390 0.01143102 5 -9961574.21 394858.62 -410036.82 -308433.13 -433109.45 -9204853.42 -853977362.23 0.00385573 0.01143102 0.00599473 0.00327416 0.00216433 0.00265669 0.00266691 0.00259624 0.00246470 0.00227563 0.00203507 0.00175054 0.00143322 0.00109843 0.00076493 0.00045390 0.00018652 -0.00001865 -0.00020782 -0.00012030 0.00000458 0.00000788 -0.00001367 -0.00000482 -0.00000093 0.00015973 0.00425921 0.00208147 0.26837612 29.20165 
0.420 0.01195820 5 -8969153.61 752977.69 17470.89 -186453.00 -339848.32 -9213300.88 -827818251.47 0.00300348 0.01195820 0.00720575 0.00320071 0.00195530 0.00230044 0.00231132 0.00226329 0.00217254 0.00204040 0.00186879 0.00166033 0.00141902 0.00115162 0.00086938 0.00058864 0.00032837 0.00010876 -0.00015246 -0.00012658 -0.00000288 0.00000696 -0.00001297 -0.00000455 -0.00000090 0.00015235 0.00435773 0.00212373 0.28206065 31.44793 
0.450 0.01238856 5 -7846517.84 1085777.99 610305.68 94369.73 -464207.76 -9172763.49 -799564564.92 0.00219337 0.01238856 0.00822092 0.00317283 0.00174510 0.00160115 0.00158841 0.00154385 0.00147654 0.00138734 0.00127718 0.00114734 0.00099936 0.00083518 0.00065773 0.00047227 0.00028706 0.00011599 -0.00012449 -0.00012218 -0.00000305 0.00000667 -0.00001364 -0.00000452 -0.00000065 0.00010512 0.00441682 0.00212634 0.28831075 33.69421 
0.480 0.01319498 5 2069850.73 -1757130.20 -2967197.15 -2509673.04 1179115.86 8124735.26 558972999.72 -0.00031119 -0.01252808 -0.01144689 -0.00329900 -0.00115620 0.00127843 0.00144492 0.00150152 0.00148180 0.00139125 0.00123930 0.00103627 0.00079635 0.00053677 0.00027554 0.00003033 -0.00018400 -0.00035300 -0.00046462 -0.00019078 0.00000993 0.00002022 0.00000168 -0.00000270 -0.00000313 0.00006468 -0.00464785 -0.00214444 -0.31202459 35.94049 
0.510 0.01454219 5 325575.57 -2423831.13 -3406968.25 -2914365.07 1176192.52 7894547.50 502844671.49 0.00085844 -0.01379295 -0.01315648 -0.00352278 -0.00102816 0.00228450 0.00251592 0.00259413 0.00256656 0.00244089 0.00222937 0.00194669 0.00161165 0.00124663 0.00087455 0.00051726 0.00019330 -0.00008074 -0.00040591 -0.00025175 -0.00000320 0.00002348 0.00000055 -0.00000243 -0.00000229 0.00015608 -0.00496027 -0.00224234 -0.33406851 38.18677 
0.540 0.01591932 5 -1739657.11 -3514557.60 -3583559.15 -3427218.75 1244538.06 7541140.33 442850899.38 0.00216995 -0.01509091 -0.01490507 -0.00377373 -0.00094825 0.00353078 0.00385042 0.00396236 0.00393452 0.00377606 0.00350166 0.00313019 0.00268524 0.00219453 0.00168673 0.00118945 0.00072692 0.00031976 -0.00028683 -0.00033686 -0.00003694 0.00002491 0.00000082 -0.00000190 -0.00000157 0.00027564 -0.00528344 -0.00233032 -0.35541046 40.43305 
0.570 0.01773357 5 -3896037.24 -4275374.92 -3912279.91 -4141100.81 1286589.15 7146129.25 362645087.91 0.00372161 -0.01684083 -0.01697238 -0.00392037 -0.00078395 0.00481010 0.00521499 0.00535835 0.00533264 0.00514801 0.00482045 0.00437129 0.00382717 0.00321943 0.00258149 0.00194648 0.00134491 0.00080270 -0.00009732 -0.00040429 -0.00007919 0.00002339 0.00000098 -0.00000119 -0.00000073 0.00040509 -0.00562930 -0.00242369 -0.37685688 42.67933 
0.600 0.01894507 5 -6732583.26 246768.69 717253.45 678608.32 -418642.98 -7956570.74 -658583806.12 -0.00309548 0.01894507 0.01593967 0.00353006 0.00089472 0.00292283 0.00307030 0.00314818 0.00319589 0.00321222 0.00319531 0.00314268 0.00305120 0.00291698 0.00273606 0.00250620 0.00222738 0.00190297 0.00098984 -0.00009244 -0.00020500 -0.00004139 -0.00000203 0.00000287 0.00000112 0.00035845 0.00576527 0.00289304 0.44568931 44.92561 
