0.001 0.00011285 4 56408.58 -1381.01 2546.86 4606.39 6090.15 44546.19 4601157.26 0.00000324 -0.00004012 -0.00011285 -0.00003044 0.00000263 0.00004657 0.00005068 0.00004714 0.00004226 0.00003658 0.00003037 0.00002410 0.00001817 0.00001285 0.00000818 0.00000410 0.00000062 -0.00000229 -0.00000446 0.00000068 0.00001022 -0.00000003 -0.00001038 -0.00000147 0.00000186 0.00000323 -0.00003206 -0.00001331 -0.00237510 0.06730 
0.030 0.00137126 5 1574850.02 -48413.28 67304.04 128578.18 172008.51 1255372.58 129475009.51 -0.00034442 -0.00130171 -0.00075708 -0.00050225 -0.00030629 -0.00029497 -0.00028398 -0.00026751 -0.00024215 -0.00021010 -0.00017396 -0.00013696 -0.00010198 -0.00007115 -0.00004576 -0.00002629 -0.00001254 -0.00000383 0.00000386 0.00000429 0.00000527 -0.00000259 -0.00000896 -0.00000283 -0.00000029 -0.00001471 -0.00053889 -0.00026044 -0.03620447 2.01910 
0.060 0.00256071 5 3387473.29 210582.88 133805.51 253649.27 372652.36 2416783.26 253198767.77 -0.00061920 -0.00248814 -0.00138143 -0.00095692 -0.00061550 -0.00088192 -0.00088056 -0.00084699 -0.00078458 -0.00069795 -0.00059366 -0.00048049 -0.00036828 -0.00026542 -0.00017737 -0.00010680 -0.00005414 -0.00001791 0.00001747 0.00001544 0.00000351 -0.00000423 -0.00000737 -0.00000314 -0.00000133 -0.00004988 -0.00102645 -0.00050767 -0.07151294 4.03821 
0.090 0.00370961 5 -4593588.53 4249.53 -181643.39 -419599.97 -475028.14 -3521566.56 -365780637.11 0.00114302 0.00370961 0.00176427 0.00134636 0.00090151 0.00125725 0.00126161 0.00121358 0.00112782 0.00101021 0.00086891 0.00071459 0.00055881 0.00041302 0.00028426 0.00017732 0.00009427 0.00003403 -0.00002854 -0.00002406 0.00000590 0.00000004 -0.00001159 -0.00000366 -0.00000066 0.00007375 0.00147117 0.00072883 0.09862871 6.05731 
0.120 0.00483054 5 6635561.51 330241.09 420194.02 561520.26 725646.17 4597959.96 492056405.93 -0.00116379 -0.00475340 -0.00255150 -0.00183992 -0.00124766 -0.00191922 -0.00193513 -0.00187746 -0.00176025 -0.00159111 -0.00138151 -0.00114706 -0.00090531 -0.00067324 -0.00046539 -0.00029286 -0.00015971 -0.00006434 0.00003667 0.00003835 -0.00000056 -0.00000685 -0.00000163 -0.00000351 -0.00000421 -0.00011652 -0.00197071 -0.00098572 -0.13985763 8.07642 
0.150 0.00597896 5 8087614.47 308590.77 573061.13 686773.13 866401.38 5652788.07 604485472.82 -0.00148756 -0.00589941 -0.00312614 -0.00226482 -0.00155370 -0.00246247 -0.00248564 -0.00241898 -0.00228046 -0.00207783 -0.00182314 -0.00153304 -0.00122759 -0.00092797 -0.00065291 -0.00041766 -0.00023324 -0.00009954 0.00004601 0.00005374 -0.00000053 -0.00000734 0.00000164 -0.00000324 -0.00000524 -0.00015382 -0.00244153 -0.00122624 -0.17364314 10.09552 
0.180 0.00711658 5 9424827.20 176969.65 811361.00 799211.51 986882.74 6650402.29 712291881.25 -0.00181218 -0.00702494 -0.00370447 -0.00267971 -0.00186826 -0.00304398 -0.00307522 -0.00300245 -0.00284717 -0.00261668 -0.00232300 -0.00198294 -0.00161742 -0.00125022 -0.00090457 -0.00060020 -0.00035255 -0.00016797 0.00004415 0.00007209 0.00000242 -0.00000699 0.00000488 -0.00000259 -0.00000585 -0.00019748 -0.00291243 -0.00147018 -0.20826515 12.11463 
0.210 0.00831014 5 9866622.91 -170869.41 669948.65 1095108.15 970393.83 7302041.69 778050950.74 -0.00280368 -0.00821288 -0.00431609 -0.00322063 -0.00221282 -0.00281188 -0.00279496 -0.00269219 -0.00251621 -0.00227534 -0.00198220 -0.00165388 -0.00131111 -0.00097672 -0.00067168 -0.00041300 -0.00021262 -0.00007114 0.00007054 0.00005996 -0.00000124 -0.00000819 0.00000105 -0.00000273 -0.00000409 -0.00016609 -0.00350380 -0.00173073 -0.23802665 14.13373 
0.240 0.00984841 5 10743462.69 1882.27 673770.88 951547.37 903722.30 8212539.87 844724745.50 -0.00262634 -0.00950552 -0.00574134 -0.00354699 -0.00236937 -0.00326538 -0.00325994 -0.00315565 -0.00296799 -0.00270532 -0.00238059 -0.00201144 -0.00161939 -0.00122872 -0.00086392 -0.00054602 -0.00029159 -0.00010772 0.00008250 0.00007757 0.00000061 -0.00000877 0.00000268 -0.00000257 -0.00000467 -0.00019958 -0.00402707 -0.00199382 -0.28071492 16.15284 
0.270 0.01128815 5 11246725.26 -42504.57 757642.93 1037109.13 813721.14 8680756.63 885736443.30 -0.00221211 -0.01078959 -0.00765541 -0.00381895 -0.00249464 -0.00361495 -0.00361696 -0.00351459 -0.00332405 -0.00305270 -0.00271270 -0.00232082 -0.00189802 -0.00146857 -0.00105802 -0.00069081 -0.00038796 -0.00016168 0.00008436 0.00009414 0.00000362 -0.00000893 0.00000417 -0.00000232 -0.00000511 -0.00022860 -0.00459574 -0.00227581 -0.32983144 18.17194 
0.300 0.01297589 5 11391804.51 99641.97 679785.35 951845.65 851063.78 8809467.77 892863053.39 -0.00129273 -0.01233879 -0.01013822 -0.00399214 -0.00250155 -0.00392029 -0.00393290 -0.00383700 -0.00365066 -0.00337994 -0.00303553 -0.00263244 -0.00219017 -0.00173202 -0.00128336 -0.00087052 -0.00051806 -0.00024292 0.00007781 0.00011414 0.00000913 -0.00000877 0.00000523 -0.00000193 -0.00000524 -0.00025797 -0.00517941 -0.00256503 -0.38397329 20.19105 
0.330 0.01563212 5 10419432.96 193159.08 237898.19 514465.83 1027396.23 8446513.63 837598152.76 0.00078558 -0.01482921 -0.01345210 -0.00398614 -0.00228997 -0.00401077 -0.00404019 -0.00396788 -0.00381327 -0.00357892 -0.00327076 -0.00289777 -0.00247417 -0.00201975 -0.00155845 -0.00111699 -0.00072233 -0.00039726 0.00002800 0.00013091 0.00002012 -0.00000708 0.00000524 -0.00000142 -0.00000483 -0.00028353 -0.00575543 -0.00284863 -0.44267494 22.21015 
0.360 0.01921326 5 9219286.78 107946.85 -7068.77 -73612.70 1069916.78 8122104.62 773891800.42 0.00301103 -0.01826513 -0.01694682 -0.00389445 -0.00207508 -0.00402242 -0.00406524 -0.00401697 -0.00389724 -0.00370629 -0.00344562 -0.00311814 -0.00273117 -0.00229868 -0.00184114 -0.00138415 -0.00095585 -0.00058343 -0.00003797 0.00014916 0.00003330 -0.00000514 0.00000491 -0.00000081 -0.00000416 -0.00030599 -0.00641035 -0.00316757 -0.50234738 24.22926 
0.390 0.02288094 5 7941798.12 143499.09 -288950.16 -899020.18 1345175.44 7641093.92 699854115.76 0.00527145 -0.02181108 -0.02056801 -0.00376789 -0.00182296 -0.00387933 -0.00392683 -0.00389700 -0.00380803 -0.00365935 -0.00345059 -0.00318157 -0.00285390 -0.00247355 -0.00205363 -0.00161518 -0.00118451 -0.00079027 -0.00014578 0.00015250 0.00004777 -0.00000181 0.00000404 -0.00000032 -0.00000327 -0.00031759 -0.00707344 -0.00348457 -0.56116372 26.24836 
0.420 0.02644125 5 6315364.63 69372.43 -797284.78 -1634203.40 1653259.92 7024220.47 614037399.64 0.00769796 -0.02525806 -0.02422794 -0.00374160 -0.00153664 -0.00337290 -0.00340295 -0.00337990 -0.00331554 -0.00320903 -0.00305935 -0.00286521 -0.00262564 -0.00234096 -0.00201485 -0.00165711 -0.00128419 -0.00091991 -0.00024313 0.00014852 0.00006073 0.00000145 0.00000257 -0.00000000 -0.00000229 -0.00029349 -0.00772160 -0.00377561 -0.61761196 28.26747 
0.450 0.02956903 5 4786312.06 -90454.19 -1271576.60 -1961895.37 1755061.78 6355176.44 531374893.69 0.01059138 -0.02827092 -0.02766469 -0.00440968 -0.00134359 -0.00276832 -0.00278589 -0.00277016 -0.00272744 -0.00265686 -0.00255725 -0.00242704 -0.00226454 -0.00206838 -0.00183829 -0.00157627 -0.00128788 -0.00098657 -0.00034451 0.00012568 0.00007372 0.00000604 0.00000043 0.00000002 -0.00000127 -0.00025753 -0.00842333 -0.00408547 -0.68647459 30.28657 
0.480 0.03329228 5 3971059.85 -218305.30 -1621195.94 -2052733.59 1686982.15 6176312.54 495279513.74 0.01250547 -0.03190367 -0.03086347 -0.00485320 -0.00125159 -0.00237134 -0.00236995 -0.00234985 -0.00231346 -0.00225989 -0.00218792 -0.00209589 -0.00198183 -0.00184373 -0.00167993 -0.00148953 -0.00127280 -0.00103393 -0.00044339 0.00009905 0.00008897 0.00001156 -0.00000098 -0.00000010 -0.00000052 -0.00023183 -0.00923464 -0.00445213 -0.75029444 32.30568 
