0.001 0.00011772 5 37759.12 -610.71 -333.60 -7256.80 -2984.16 48944.40 3617889.31 -0.00001353 -0.00005022 -0.00011295 -0.00002488 0.00000676 0.00005436 0.00005831 0.00005422 0.00004858 0.00004200 0.00003481 0.00002754 0.00002070 0.00001458 0.00000926 0.00000468 0.00000084 -0.00000230 -0.00000466 0.00000058 0.00001025 -0.00000000 -0.00001037 -0.00000146 0.00000187 0.00000362 -0.00003225 -0.00001320 -0.00208199 0.15432 
0.030 0.00184395 5 1077700.72 -9165.23 -131397.81 -241298.63 -72931.37 1532493.77 110294777.54 -0.00090267 -0.00177424 -0.00085356 -0.00039892 -0.00019547 0.00001619 0.00003010 0.00003475 0.00003664 0.00003601 0.00003323 0.00002877 0.00002336 0.00001771 0.00001227 0.00000731 0.00000301 -0.00000059 -0.00000416 -0.00000118 0.00000553 -0.00000189 -0.00000914 -0.00000260 0.00000012 0.00000268 -0.00060375 -0.00028160 -0.03019905 4.62955 
0.060 0.00360200 5 2135705.43 -38067.59 -207990.84 -506439.35 -159894.23 3048097.44 218522901.63 -0.00178518 -0.00352817 -0.00159685 -0.00075793 -0.00040291 -0.00012061 -0.00010733 -0.00010224 -0.00009935 -0.00009675 -0.00009230 -0.00008372 -0.00007101 -0.00005684 -0.00004304 -0.00003071 -0.00002061 -0.00001308 -0.00000303 0.00000193 0.00000256 -0.00000314 -0.00000721 -0.00000324 -0.00000143 -0.00000794 -0.00117749 -0.00055620 -0.05936592 9.25911 
0.090 0.00533998 5 3117821.55 -115125.06 -250753.45 -770441.87 -258997.33 4513139.26 322537095.20 -0.00265217 -0.00526462 -0.00231085 -0.00109731 -0.00060657 -0.00026024 -0.00025101 -0.00025040 -0.00025345 -0.00025726 -0.00025762 -0.00024945 -0.00022948 -0.00019841 -0.00016086 -0.00012200 -0.00008635 -0.00005655 -0.00001259 0.00000767 0.00000148 -0.00000390 -0.00000483 -0.00000357 -0.00000281 -0.00002339 -0.00173580 -0.00082613 -0.08795841 13.88866 
0.120 0.00704984 5 4006276.99 -229699.33 -360107.91 -994798.98 -324929.88 5915813.09 423518198.92 -0.00350887 -0.00697055 -0.00302871 -0.00145852 -0.00081102 -0.00031877 -0.00030748 -0.00030854 -0.00031709 -0.00033099 -0.00034487 -0.00035178 -0.00034395 -0.00031677 -0.00027164 -0.00021590 -0.00015988 -0.00011005 -0.00003036 0.00001161 0.00000126 -0.00000400 -0.00000219 -0.00000370 -0.00000400 -0.00003383 -0.00229495 -0.00109379 -0.11647886 18.51821 
0.150 0.00871752 5 4757525.67 -434508.25 -521914.32 -1139014.85 -349913.95 7202877.04 519909802.87 -0.00430349 -0.00861922 -0.00378419 -0.00187179 -0.00102511 -0.00023421 -0.00020721 -0.00020112 -0.00020824 -0.00022706 -0.00025458 -0.00028704 -0.00031589 -0.00032907 -0.00031830 -0.00028399 -0.00023379 -0.00017922 -0.00007081 0.00000678 0.00000216 -0.00000269 0.00000055 -0.00000368 -0.00000499 -0.00003240 -0.00286209 -0.00135889 -0.14567036 23.14777 
0.180 0.01089370 5 5020168.07 -640368.02 -901794.70 -1564708.96 -567565.65 8694605.40 598607377.96 -0.00433572 -0.01056725 -0.00527037 -0.00226277 -0.00113310 -0.00000322 0.00004745 0.00006525 0.00006158 0.00003789 -0.00000352 -0.00005981 -0.00012624 -0.00019199 -0.00024160 -0.00026297 -0.00025368 -0.00022159 -0.00011642 -0.00000873 0.00000206 -0.00000055 0.00000267 -0.00000357 -0.00000560 -0.00001639 -0.00346907 -0.00163493 -0.18322921 27.77732 
0.210 0.01303075 5 4962099.90 -880428.94 -1273372.05 -2029978.37 -744980.10 9890859.36 652780660.70 -0.00411402 -0.01254032 -0.00682307 -0.00256835 -0.00118737 0.00039976 0.00048518 0.00052085 0.00052397 0.00049601 0.00043924 0.00035662 0.00025193 0.00013170 0.00001013 -0.00009333 -0.00016243 -0.00019228 -0.00014974 -0.00003728 -0.00000209 0.00000190 0.00000465 -0.00000327 -0.00000592 0.00001908 -0.00401922 -0.00187398 -0.21627262 32.40688 
0.240 0.01503848 5 4086021.32 -1463665.77 -1675891.04 -2375798.43 -783523.51 10384900.06 661031215.60 -0.00347147 -0.01441791 -0.00849944 -0.00280802 -0.00117000 0.00137863 0.00153794 0.00160927 0.00162524 0.00158733 0.00149797 0.00136029 0.00117843 0.00095926 0.00071729 0.00047473 0.00025518 0.00007965 -0.00010464 -0.00008644 -0.00001846 0.00000347 0.00000631 -0.00000276 -0.00000590 0.00011650 -0.00448429 -0.00204024 -0.24066766 37.03643 
0.270 0.01709206 5 2781048.66 -2113865.79 -1989810.48 -2685505.43 -866882.52 10437112.87 632449557.14 -0.00245400 -0.01635419 -0.01034882 -0.00295982 -0.00110883 0.00258595 0.00284042 0.00296149 0.00300201 0.00296342 0.00284824 0.00265973 0.00240237 0.00208403 0.00172088 0.00133676 0.00095791 0.00061355 0.00008123 -0.00012219 -0.00004281 0.00000212 0.00000791 -0.00000185 -0.00000559 0.00025249 -0.00490388 -0.00216469 -0.26069655 41.66598 
0.300 0.01828856 5 1576404.83 -2549419.00 -2399588.64 -2795407.45 -940156.42 10260976.34 592835646.90 -0.00144429 -0.01748037 -0.01170238 -0.00323630 -0.00104090 0.00372724 0.00406902 0.00423763 0.00430500 0.00427261 0.00414302 0.00391964 0.00360719 0.00321408 0.00275742 0.00226217 0.00175580 0.00126985 0.00038610 -0.00013936 -0.00007801 -0.00000311 0.00000963 -0.00000074 -0.00000527 0.00039245 -0.00518007 -0.00221981 -0.27361600 46.29554 
0.330 0.01847226 5 452243.59 -2755423.99 -2677157.97 -2983205.93 -916896.73 9784928.21 534583387.93 -0.00021355 -0.01767278 -0.01267459 -0.00328011 -0.00107998 0.00447529 0.00490089 0.00512523 0.00523666 0.00523657 0.00512747 0.00491268 0.00459665 0.00418636 0.00369587 0.00314789 0.00256836 0.00198824 0.00080193 -0.00010099 -0.00011368 -0.00001324 0.00001063 0.00000039 -0.00000501 0.00051432 -0.00525311 -0.00218931 -0.27991807 50.92509 
0.360 0.01768189 5 -990270.21 -2894803.47 -3081699.83 -3231875.29 -978219.99 9196328.36 453550438.19 0.00029182 -0.01689523 -0.01285492 -0.00300385 -0.00077877 0.00560616 0.00611194 0.00638351 0.00652408 0.00653501 0.00641882 0.00617888 0.00581979 0.00534894 0.00478150 0.00414184 0.00345897 0.00276604 0.00126578 -0.00004589 -0.00016131 -0.00002901 0.00001141 0.00000171 -0.00000484 0.00066563 -0.00497434 -0.00197826 -0.25068112 55.55464 
0.390 0.01661860 4 -5718205.69 839795.37 726134.11 -54760.36 -1538402.67 -5690972.14 -580527466.72 -0.00502534 0.01398487 0.01648467 0.00632771 -0.00239433 0.00015338 0.00057350 0.00087367 0.00113769 0.00136411 0.00155084 0.00169525 0.00179415 0.00184351 0.00183869 0.00177735 0.00166019 0.00148731 0.00083699 -0.00009313 -0.00013489 0.00000824 -0.00000545 -0.00000307 -0.00000111 0.00019470 0.00477252 0.00234068 0.39968803 60.18420 
0.420 0.01901014 4 -5744394.24 374495.93 930835.69 -146270.33 -1542412.30 -5361043.23 -551646146.06 -0.00547049 0.01592453 0.01885992 0.00836523 -0.00456027 -0.00177640 -0.00118510 -0.00074368 -0.00034093 0.00002139 0.00034093 0.00061482 0.00083944 0.00100966 0.00111921 0.00116610 0.00115394 0.00108476 0.00064649 -0.00013388 -0.00013149 0.00002837 -0.00000527 -0.00000477 -0.00000134 0.00006504 0.00514136 0.00244470 0.40932529 64.81375 
0.450 0.02162866 5 -16591373.21 -4390043.01 -3394290.90 126192.77 -105103.17 -8828128.89 -875080218.24 -0.00541846 0.02162866 0.01767784 0.00369790 0.00207007 0.01198264 0.01258119 0.01277869 0.01272258 0.01242315 0.01189722 0.01116783 0.01026434 0.00922209 0.00808073 0.00688395 0.00567786 0.00450878 0.00210225 -0.00001648 -0.00025220 -0.00005686 -0.00000422 0.00000190 -0.00000076 0.00121724 0.00665655 0.00376706 0.62026639 69.44331 
0.480 0.02478318 5 -17137597.47 -4792619.72 -3016564.87 -315667.57 -74436.17 -8938309.14 -894779220.38 -0.00673297 0.02478318 0.02002147 0.00412704 0.00224684 0.01283884 0.01347437 0.01369404 0.01365360 0.01336306 0.01283879 0.01210339 0.01118561 0.01011966 0.00894365 0.00770020 0.00643649 0.00520111 0.00259070 0.00013869 -0.00024730 -0.00006347 -0.00000399 0.00000263 -0.00000057 0.00134420 0.00743017 0.00419716 0.69326559 74.07286 
0.510 0.02459844 5 -19005352.15 -4139240.85 -4651740.92 -1247585.92 -81009.06 -8885775.39 -989168605.38 -0.00793858 0.02459844 0.02015037 0.00467682 0.00346744 0.01536272 0.01600525 0.01619901 0.01611476 0.01576249 0.01515900 0.01432782 0.01329840 0.01210237 0.01077085 0.00934500 0.00788479 0.00645924 0.00343486 0.00039397 -0.00029002 -0.00010400 0.00000132 0.00000689 -0.00000064 0.00162388 0.00786109 0.00454774 0.77661502 78.70241 
0.540 0.02399620 5 -7206948.00 2936.72 -2352094.88 873763.58 -279584.47 -5451968.95 -517030430.99 -0.00090990 0.02399620 0.01949490 0.00177018 -0.00636243 0.00027951 0.00096627 0.00145737 0.00188754 0.00225568 0.00256062 0.00280063 0.00297151 0.00306068 0.00305224 0.00294883 0.00277303 0.00254749 0.00175372 0.00030789 -0.00009838 0.00001523 -0.00000043 -0.00000227 -0.00000137 0.00036109 0.00441730 0.00226254 0.25738702 83.33197 
0.570 0.02526750 5 -7518306.43 -471277.32 -2127695.41 811462.63 -37611.65 -5693184.67 -517728535.91 0.00012226 0.02526750 0.01819559 -0.00025033 -0.00544010 0.00194021 0.00258307 0.00302970 0.00341098 0.00372586 0.00397325 0.00415140 0.00425481 0.00426530 0.00416002 0.00394175 0.00364120 0.00329109 0.00225857 0.00061165 0.00005836 0.00002633 -0.00000695 -0.00000383 -0.00000094 0.00054580 0.00422731 0.00227161 0.23635241 87.96152 
0.600 0.02539454 5 2309952.12 -357708.33 -2815375.04 5422037.23 2121995.36 -2060997.10 172833467.87 0.00797363 0.02539454 0.01371626 -0.00839610 -0.01034603 -0.00954424 -0.00952215 -0.00944582 -0.00932041 -0.00914502 -0.00891840 -0.00863929 -0.00831190 -0.00796123 -0.00762133 -0.00728089 -0.00689429 -0.00641934 -0.00467344 -0.00146309 0.00025502 0.00023794 -0.00001449 -0.00002394 -0.00000466 -0.00118707 0.00053722 -0.00037876 -0.36839749 92.59107 
0.630 0.02540138 5 1494705.44 -503147.69 -3640899.62 5910773.55 2279964.53 -2551985.32 141875854.95 0.00931906 0.02540138 0.01241326 -0.01065321 -0.00995851 -0.00767401 -0.00761214 -0.00751676 -0.00738546 -0.00721727 -0.00701085 -0.00676508 -0.00648720 -0.00621656 -0.00600021 -0.00582219 -0.00563807 -0.00537756 -0.00410485 -0.00134005 0.00024592 0.00022176 -0.00001407 -0.00002208 -0.00000397 -0.00096271 0.00004966 -0.00048814 -0.40487316 97.22063 
0.660 0.02659779 5 654683.92 -768842.80 -3926916.46 6339469.46 2314735.19 -3303761.48 92829070.05 0.00950241 0.02659779 0.01313751 -0.01201315 -0.00925318 -0.00564712 -0.00555732 -0.00544845 -0.00531430 -0.00515419 -0.00496706 -0.00475217 -0.00452051 -0.00432785 -0.00423104 -0.00423213 -0.00427705 -0.00426397 -0.00351626 -0.00126248 0.00020831 0.00020187 -0.00001505 -0.00002003 -0.00000281 -0.00072527 0.00026183 -0.00026254 -0.37256781 101.85018 
0.690 0.02727920 5 -1332769.01 1629386.48 -8165566.43 5993127.45 2947119.54 -3736836.06 -44072814.81 0.01136048 0.02727920 0.01106015 -0.01330425 -0.00900658 -0.00275744 -0.00251344 -0.00231031 -0.00208690 -0.00184400 -0.00158298 -0.00130678 -0.00103558 -0.00084866 -0.00082687 -0.00100067 -0.00128209 -0.00155513 -0.00165460 -0.00068911 0.00021344 0.00016240 -0.00001046 -0.00001575 -0.00000302 -0.00025453 -0.00005435 -0.00016069 -0.37947154 106.47974 
0.720 0.02823110 5 -1726146.71 2281169.31 -8987737.74 6591351.71 2958608.13 -4569538.13 -107775243.50 0.01190673 0.02823110 0.01160543 -0.01475811 -0.00821210 -0.00140101 -0.00120196 -0.00103124 -0.00083661 -0.00061887 -0.00037955 -0.00012210 0.00012764 0.00027389 0.00021666 -0.00006616 -0.00046324 -0.00085889 -0.00127853 -0.00066957 0.00018752 0.00015691 -0.00001107 -0.00001519 -0.00000250 -0.00011184 0.00013793 0.00000524 -0.36096269 111.10929 
0.750 0.02905295 5 -2072624.11 2778898.76 -9721317.91 7285109.34 2896941.78 -5312256.08 -161431846.98 0.01216029 0.02905295 0.01220313 -0.01620455 -0.00746043 0.00004661 0.00021617 0.00036366 0.00053579 0.00073174 0.00094996 0.00118657 0.00141077 0.00151376 0.00138006 0.00100540 0.00049329 -0.00003555 -0.00076742 -0.00057973 0.00016941 0.00014957 -0.00001177 -0.00001438 -0.00000179 0.00005342 0.00028285 0.00016097 -0.34013569 115.73884 
0.780 0.02972906 5 -2394762.52 3083665.77 -10317911.96 8000005.66 2818102.42 -5978624.41 -204717981.11 0.01234015 0.02972906 0.01272838 -0.01770380 -0.00681706 0.00150659 0.00166117 0.00179474 0.00195147 0.00213049 0.00233025 0.00254677 0.00274612 0.00281094 0.00261742 0.00217261 0.00154182 0.00086062 -0.00016860 -0.00043691 0.00013625 0.00012987 -0.00001166 -0.00001247 -0.00000103 0.00022997 0.00034357 0.00028322 -0.32371168 120.36840 
0.810 0.03035119 5 -2629061.49 3251111.30 -10741319.17 8699895.63 2721426.02 -6560175.27 -237648922.15 0.01257387 0.03035119 0.01317195 -0.01928211 -0.00638359 0.00282626 0.00297108 0.00309520 0.00324128 0.00340829 0.00359464 0.00379672 0.00397791 0.00401541 0.00378048 0.00328316 0.00254758 0.00173460 0.00043550 -0.00026444 0.00010480 0.00010499 -0.00001121 -0.00001010 -0.00000029 0.00039678 0.00030045 0.00035162 -0.31791654 124.99795 
0.840 0.03137099 5 -2815752.63 3275162.45 -10989442.41 9259534.91 2703975.85 -7064983.44 -260535611.52 0.01262112 0.03137099 0.01374564 -0.02066178 -0.00606249 0.00392881 0.00406562 0.00418058 0.00431577 0.00446994 0.00464146 0.00482744 0.00499367 0.00501156 0.00475257 0.00422248 0.00342494 0.00252914 0.00101868 -0.00003997 0.00009944 0.00007860 -0.00001055 -0.00000757 0.00000031 0.00054349 0.00030396 0.00043120 -0.31117860 129.62750 
0.870 0.03203997 5 -2904240.07 3266230.04 -11109554.34 9783270.75 2687070.35 -7531256.87 -278065333.32 0.01314724 0.03203997 0.01408430 -0.02226829 -0.00612517 0.00461251 0.00473663 0.00484057 0.00496507 0.00510855 0.00526928 0.00544443 0.00560303 0.00561917 0.00536527 0.00484117 0.00404150 0.00312275 0.00148415 0.00014999 0.00010773 0.00005799 -0.00000998 -0.00000557 0.00000077 0.00064163 0.00010225 0.00038878 -0.33078834 134.25706 
0.900 0.03180470 5 -2941633.29 3505755.99 -11475378.11 10406106.49 2813963.76 -8192081.41 -304017154.74 0.01337855 0.03180470 0.01354858 -0.02351280 -0.00559878 0.00546754 0.00555773 0.00563388 0.00573133 0.00584777 0.00598124 0.00612852 0.00626130 0.00627058 0.00602783 0.00551779 0.00475939 0.00385734 0.00209965 0.00041186 0.00013831 0.00003455 -0.00000996 -0.00000346 0.00000118 0.00075974 -0.00011682 0.00034883 -0.33945766 138.88661 
0.930 0.03239693 5 -2868476.21 3391650.45 -11398937.60 10758321.57 2900591.42 -8520102.04 -305383732.12 0.01341630 0.03239693 0.01374348 -0.02458618 -0.00544147 0.00623041 0.00629907 0.00635534 0.00643346 0.00653070 0.00664483 0.00677281 0.00688881 0.00688856 0.00664466 0.00613396 0.00537311 0.00444821 0.00253454 0.00054249 0.00013725 0.00001503 -0.00000885 -0.00000162 0.00000142 0.00085714 -0.00021493 0.00035458 -0.34349842 143.51617 
0.960 0.03300251 5 -2750216.33 3303848.03 -11324530.62 11019838.02 3009303.22 -8758674.98 -302253983.43 0.01336707 0.03300251 0.01390561 -0.02555950 -0.00523697 0.00688562 0.00692686 0.00695817 0.00701231 0.00708623 0.00717726 0.00728301 0.00738070 0.00736957 0.00712666 0.00662092 0.00587357 0.00494714 0.00292417 0.00066855 0.00012997 -0.00000851 -0.00000774 0.00000054 0.00000166 0.00093776 -0.00029217 0.00036120 -0.34644482 148.14572 
0.990 0.03359940 5 -2555340.63 3282439.87 -11280216.65 11235970.45 3117175.36 -8910709.65 -294922779.73 0.01326373 0.03359940 0.01404871 -0.02645272 -0.00502337 0.00739713 0.00740173 0.00740174 0.00742680 0.00747356 0.00753879 0.00762027 0.00769978 0.00767957 0.00744201 0.00694780 0.00622644 0.00531742 0.00322658 0.00075960 0.00013036 -0.00002218 -0.00000735 0.00000175 0.00000183 0.00099545 -0.00036124 0.00035947 -0.35037097 152.77527 
1.020 0.03403161 5 -2354452.08 3345211.40 -11323150.69 11405087.75 3222191.50 -9003792.05 -287732361.24 0.01317263 0.03403161 0.01400734 -0.02735392 -0.00468069 0.00782668 0.00778418 0.00774495 0.00773387 0.00774724 0.00778104 0.00783324 0.00789064 0.00786031 0.00763106 0.00715567 0.00647625 0.00561198 0.00350637 0.00087344 0.00015095 -0.00002891 -0.00000842 0.00000210 0.00000195 0.00104112 -0.00044347 0.00034518 -0.35567965 157.40483 
1.050 0.03425663 5 -2138270.49 3451475.24 -11403105.15 11566253.71 3310116.51 -9063010.80 -280327071.18 0.01294703 0.03425663 0.01388201 -0.02818529 -0.00416563 0.00838587 0.00828781 0.00820327 0.00815043 0.00812517 0.00812262 0.00814091 0.00816964 0.00812499 0.00789534 0.00743108 0.00677825 0.00594577 0.00380716 0.00099192 0.00017620 -0.00003412 -0.00001066 0.00000207 0.00000208 0.00109816 -0.00050354 0.00034732 -0.35464016 162.03438 
1.080 0.03486486 5 -2143988.54 3542322.10 -11546605.45 11506119.63 3394221.13 -9040045.96 -279767011.98 0.01367506 0.03486486 0.01369741 -0.02993026 -0.00404566 0.00857968 0.00843088 0.00830597 0.00821544 0.00815455 0.00811821 0.00810458 0.00810416 0.00803978 0.00781065 0.00736638 0.00675524 0.00598592 0.00395799 0.00116006 0.00024849 -0.00001744 -0.00001230 0.00000064 0.00000218 0.00111407 -0.00077754 0.00022733 -0.39149968 166.66393 
