0.001 0.00011669 4 59855.61 -3124.22 -181.57 4853.02 7112.52 51195.85 5174464.08 0.00000120 -0.00004735 -0.00011669 -0.00003320 0.00000156 0.00004717 0.00005139 0.00004790 0.00004303 0.00003731 0.00003103 0.00002465 0.00001861 0.00001318 0.00000842 0.00000425 0.00000071 -0.00000225 -0.00000447 0.00000066 0.00001022 -0.00000003 -0.00001037 -0.00000147 0.00000186 0.00000328 -0.00003475 -0.00001454 -0.00253276 0.12041 
0.030 0.00162975 5 1778530.92 -97222.63 9371.67 162063.70 215918.43 1488399.75 152636993.45 -0.00042127 -0.00155979 -0.00089899 -0.00061497 -0.00036379 -0.00029509 -0.00027776 -0.00025494 -0.00022259 -0.00018343 -0.00014172 -0.00010263 -0.00006906 -0.00004204 -0.00002176 -0.00000782 0.00000070 0.00000493 0.00000583 0.00000300 0.00000484 -0.00000246 -0.00000881 -0.00000266 -0.00000011 -0.00001219 -0.00064617 -0.00030938 -0.04275644 3.61238 
0.060 0.00314255 5 3409254.70 -197129.65 -29647.09 301373.58 421262.83 2913395.03 296346796.52 -0.00085266 -0.00306845 -0.00168064 -0.00118857 -0.00071656 -0.00067383 -0.00065382 -0.00061551 -0.00055658 -0.00048019 -0.00039157 -0.00029794 -0.00020821 -0.00013089 -0.00007088 -0.00002807 -0.00000018 0.00001571 0.00002239 0.00000854 0.00000025 -0.00000417 -0.00000632 -0.00000320 -0.00000180 -0.00003210 -0.00125292 -0.00060440 -0.08295211 7.22476 
0.090 0.00474508 5 4840722.72 -330870.53 -145340.78 353267.36 590326.33 4373340.34 433443927.10 -0.00134997 -0.00466817 -0.00248473 -0.00174720 -0.00104525 -0.00098061 -0.00096032 -0.00091395 -0.00084064 -0.00074297 -0.00062592 -0.00049670 -0.00036475 -0.00024110 -0.00013636 -0.00005747 -0.00000460 0.00002670 0.00004236 0.00001638 -0.00000379 -0.00000556 -0.00000336 -0.00000332 -0.00000319 -0.00005020 -0.00186787 -0.00090228 -0.12223481 10.83714 
0.120 0.00648256 5 6016415.29 -511445.69 -385937.61 301498.23 717187.68 5895112.69 563460015.91 -0.00195528 -0.00640279 -0.00332743 -0.00228972 -0.00133976 -0.00122496 -0.00121150 -0.00116974 -0.00110040 -0.00100420 -0.00088344 -0.00074194 -0.00058684 -0.00042889 -0.00028039 -0.00015382 -0.00005908 0.00000345 0.00005346 0.00002909 -0.00000509 -0.00000641 -0.00000023 -0.00000317 -0.00000432 -0.00007141 -0.00250013 -0.00120994 -0.16112594 14.44953 
0.150 0.00825033 5 6982757.85 -703341.49 -661873.03 172721.99 816105.65 7359144.74 681318041.25 -0.00258755 -0.00815882 -0.00417817 -0.00280557 -0.00159954 -0.00143343 -0.00142361 -0.00138699 -0.00132564 -0.00123902 -0.00112691 -0.00098949 -0.00082919 -0.00065276 -0.00047185 -0.00030154 -0.00015803 -0.00005226 0.00005433 0.00004526 -0.00000356 -0.00000650 0.00000296 -0.00000272 -0.00000510 -0.00009354 -0.00312104 -0.00151276 -0.19862199 18.06191 
0.180 0.00995414 5 7261061.23 -744632.95 -820456.36 -392417.78 958142.62 8260425.70 734504244.36 -0.00286358 -0.00963775 -0.00558738 -0.00308510 -0.00168308 -0.00144849 -0.00143911 -0.00141112 -0.00136585 -0.00130221 -0.00121869 -0.00111355 -0.00098541 -0.00083451 -0.00066492 -0.00048692 -0.00031607 -0.00016956 0.00002142 0.00005990 0.00000262 -0.00000525 0.00000541 -0.00000201 -0.00000529 -0.00010717 -0.00367107 -0.00177784 -0.23508830 21.67429 
0.210 0.01186392 5 7327203.85 -698529.06 -1013800.76 -633999.07 640438.65 9033094.10 759853897.41 -0.00253789 -0.01135093 -0.00762496 -0.00327937 -0.00169725 -0.00154063 -0.00153395 -0.00151186 -0.00147650 -0.00142659 -0.00136024 -0.00127512 -0.00116876 -0.00103918 -0.00088610 -0.00071318 -0.00052957 -0.00035167 -0.00005432 0.00007311 0.00001414 -0.00000288 0.00000697 -0.00000114 -0.00000494 -0.00012819 -0.00425486 -0.00206268 -0.28036897 25.28667 
0.240 0.01403089 5 6760710.44 -587390.78 -1253920.14 -1106690.73 490972.98 9217739.11 732938362.14 -0.00154436 -0.01335815 -0.01021357 -0.00331898 -0.00158279 -0.00139307 -0.00137494 -0.00135226 -0.00132432 -0.00128975 -0.00124649 -0.00119195 -0.00112317 -0.00103706 -0.00093098 -0.00080344 -0.00065527 -0.00049376 -0.00014834 0.00007774 0.00002921 0.00000074 0.00000733 -0.00000024 -0.00000397 -0.00012660 -0.00481177 -0.00232290 -0.32612113 28.89905 
0.270 0.01706063 5 5569271.73 -504511.00 -1637250.69 -1679955.18 205443.55 9185545.04 667797023.30 0.00005097 -0.01624090 -0.01295227 -0.00325495 -0.00136849 -0.00093498 -0.00088861 -0.00085624 -0.00083106 -0.00081166 -0.00079588 -0.00078103 -0.00076395 -0.00074122 -0.00070918 -0.00066390 -0.00060152 -0.00051981 -0.00025559 0.00004791 0.00004780 0.00000794 0.00000636 0.00000032 -0.00000250 -0.00009346 -0.00533877 -0.00255234 -0.36574303 32.51143 
0.300 0.01880691 5 4265800.64 -692400.81 -1830146.92 -2195427.32 95395.40 8888380.28 600789687.90 0.00169746 -0.01789914 -0.01495390 -0.00356391 -0.00115645 -0.00015807 -0.00007312 -0.00002503 0.00000186 0.00000894 -0.00000162 -0.00002712 -0.00006462 -0.00011099 -0.00016089 -0.00020977 -0.00025309 -0.00028608 -0.00027360 -0.00004281 0.00005736 0.00002027 0.00000425 -0.00000019 -0.00000132 -0.00002150 -0.00568457 -0.00267621 -0.39521033 36.12382 
0.330 0.01968503 5 5807165.21 -346353.72 -1449526.88 -1268322.19 914540.12 7956827.88 640227908.29 0.00384775 -0.01869558 -0.01727665 -0.00383168 -0.00118768 -0.00240974 -0.00249461 -0.00254890 -0.00259160 -0.00262114 -0.00263521 -0.00263103 -0.00260572 -0.00255603 -0.00247613 -0.00236210 -0.00220927 -0.00201307 -0.00133069 -0.00025603 0.00010798 0.00004823 0.00000077 -0.00000479 -0.00000251 -0.00034524 -0.00608243 -0.00303470 -0.48298085 39.73620 
0.360 0.02061985 5 5507481.93 -382541.06 -1559228.43 -1352408.36 912216.04 7889443.74 626363868.79 0.00453747 -0.01959017 -0.01812146 -0.00384380 -0.00130737 -0.00246156 -0.00253346 -0.00258127 -0.00262099 -0.00265103 -0.00266906 -0.00267221 -0.00265698 -0.00261923 -0.00255561 -0.00246182 -0.00233175 -0.00215944 -0.00151359 -0.00037192 0.00009828 0.00005693 0.00000049 -0.00000551 -0.00000249 -0.00036439 -0.00629161 -0.00314293 -0.50455644 43.34858 
0.390 0.02152154 5 5179119.81 -620752.22 -1744024.60 -1242746.27 867688.92 7918953.98 625419523.01 0.00468861 -0.02050949 -0.01874388 -0.00389024 -0.00112353 -0.00177209 -0.00180797 -0.00183688 -0.00186703 -0.00189685 -0.00192396 -0.00194536 -0.00195746 -0.00195671 -0.00193968 -0.00190185 -0.00183653 -0.00173647 -0.00128581 -0.00036151 0.00007251 0.00005041 0.00000175 -0.00000511 -0.00000300 -0.00027964 -0.00642157 -0.00315883 -0.50184271 46.96096 
0.420 0.02041188 5 5330896.23 -542965.22 -1713232.75 -1307059.90 773620.94 8120533.14 633778435.23 0.00349845 -0.01942182 -0.01738988 -0.00319074 -0.00090644 -0.00166543 -0.00170062 -0.00172821 -0.00175681 -0.00178483 -0.00180989 -0.00182897 -0.00183861 -0.00183555 -0.00181706 -0.00177913 -0.00171461 -0.00161473 -0.00116254 -0.00027365 0.00009260 0.00004611 0.00000250 -0.00000462 -0.00000330 -0.00025731 -0.00595422 -0.00292788 -0.45238857 50.57334 
0.450 0.01816637 5 5222222.31 -401163.81 -1740013.80 -1512133.64 623431.40 8252102.15 622981021.92 0.00187271 -0.01723034 -0.01525840 -0.00241392 -0.00040885 -0.00116857 -0.00120831 -0.00124158 -0.00127730 -0.00131388 -0.00134889 -0.00137933 -0.00140217 -0.00141546 -0.00141853 -0.00140869 -0.00137716 -0.00131086 -0.00093070 -0.00016392 0.00010290 0.00003631 0.00000348 -0.00000371 -0.00000358 -0.00019444 -0.00516784 -0.00252586 -0.37360109 54.18572 
0.480 0.01426932 5 4441401.81 -636841.56 -1846891.37 -1474474.69 471664.47 7927944.97 582430733.00 0.00054555 -0.01345784 -0.01242400 -0.00201145 -0.00000826 -0.00008618 -0.00008910 -0.00010631 -0.00013615 -0.00017705 -0.00022658 -0.00028174 -0.00033938 -0.00039758 -0.00045776 -0.00052235 -0.00058145 -0.00061276 -0.00048397 -0.00003955 0.00010847 0.00002843 0.00000372 -0.00000305 -0.00000358 -0.00005416 -0.00417073 -0.00198391 -0.28370090 57.79810 
0.510 0.01521908 5 -9141375.53 -443675.95 73818.78 54098.77 -859962.48 -7965654.65 -744907270.17 -0.00539759 0.01521908 0.01445853 0.00537467 0.00384249 0.00833736 0.00862688 0.00876909 0.00883251 0.00881625 0.00871902 0.00853900 0.00827292 0.00790879 0.00742503 0.00681668 0.00611143 0.00535327 0.00338756 0.00074234 -0.00022017 -0.00013005 0.00000208 0.00001092 0.00000080 0.00106208 0.00633588 0.00353431 0.62593006 61.41049 
0.540 0.01703588 5 -9867600.16 -452337.94 -995305.79 330137.73 -677206.65 -8072887.52 -759458221.58 -0.00742555 0.01703588 0.01594261 0.00651688 0.00468149 0.00957466 0.00987672 0.01000857 0.01004287 0.00997995 0.00982036 0.00956442 0.00920493 0.00871456 0.00807000 0.00729402 0.00644024 0.00556400 0.00341772 0.00065999 -0.00027090 -0.00013684 0.00000427 0.00001220 0.00000134 0.00115874 0.00711712 0.00395189 0.71566515 65.02287 
0.570 0.01484535 4 -10225877.91 107933.15 -1180633.37 -358540.35 -1098035.05 -7696602.29 -798195728.06 -0.00857346 0.01429778 0.01470690 0.00785910 0.00610917 0.01071650 0.01100410 0.01112060 0.01113888 0.01105854 0.01087896 0.01059655 0.01018492 0.00958811 0.00879755 0.00786679 0.00686205 0.00584711 0.00349891 0.00058835 -0.00032928 -0.00014729 0.00000532 0.00001434 0.00000294 0.00125722 0.00728120 0.00408112 0.77599681 68.63525 
0.600 0.01576195 4 -9160095.82 1029700.44 -1439577.47 -638765.40 -544148.89 -7567304.52 -768606717.01 -0.01101863 0.01459754 0.01560474 0.01051712 0.00684686 0.01007452 0.01031814 0.01042353 0.01045117 0.01040023 0.01026944 0.01004998 0.00969099 0.00911988 0.00832982 0.00736937 0.00636133 0.00538029 0.00323105 0.00054485 -0.00031609 -0.00013959 0.00000462 0.00001356 0.00000316 0.00118004 0.00805519 0.00440295 0.86365845 72.24763 
0.630 0.01675998 4 -6456150.87 -47425.59 1328180.26 -155612.03 -970052.79 -6611240.71 -607609739.14 -0.01281125 0.01396274 0.01658307 0.01319341 0.00647306 0.00760292 0.00782742 0.00795833 0.00804954 0.00809969 0.00810657 0.00805631 0.00787686 0.00747717 0.00680654 0.00594580 0.00504702 0.00423610 0.00266310 0.00056287 -0.00025586 -0.00013078 0.00000380 0.00001236 0.00000266 0.00094100 0.00845929 0.00446539 0.90083697 75.86001 
0.660 0.01644938 4 -656682.96 -1444975.39 7102393.19 877609.45 -3265201.17 -3926509.04 -310006126.97 -0.01289415 0.01175195 0.01635283 0.00823817 0.00597356 0.00490992 0.00478814 0.00470023 0.00463206 0.00458236 0.00454883 0.00451583 0.00439956 0.00408041 0.00347519 0.00268194 0.00187901 0.00123814 0.00060991 0.00009231 -0.00019900 -0.00008527 0.00000549 0.00000356 -0.00000458 0.00045820 0.00679718 0.00342976 0.71843782 79.47239 
0.690 0.01703457 4 -560254.15 -1573260.85 7278715.68 716180.45 -3051420.20 -3930469.22 -298363185.83 -0.01401973 0.01164990 0.01693928 0.00950425 0.00611802 0.00492672 0.00483535 0.00477569 0.00473573 0.00471409 0.00470841 0.00470579 0.00462833 0.00434694 0.00375951 0.00294766 0.00208930 0.00137556 0.00064001 0.00009040 -0.00021729 -0.00009665 0.00000565 0.00000462 -0.00000434 0.00047863 0.00712171 0.00359275 0.76373789 83.08478 
0.720 0.01775178 4 -707713.73 -1808471.82 7406974.60 508877.25 -2876680.73 -3938413.04 -293941655.17 -0.01509960 0.01177739 0.01765946 0.01078159 0.00623309 0.00482398 0.00475977 0.00472258 0.00470220 0.00469717 0.00470512 0.00471595 0.00466421 0.00442664 0.00389568 0.00312616 0.00228738 0.00156717 0.00078391 0.00011868 -0.00023609 -0.00010835 0.00000573 0.00000573 -0.00000405 0.00049053 0.00749083 0.00377211 0.80985326 86.69716 
0.750 0.01841408 4 -903072.47 -1944951.29 7441252.98 404602.98 -2722031.59 -4081945.55 -299951200.60 -0.01581102 0.01241262 0.01831278 0.01137048 0.00659670 0.00496181 0.00486743 0.00480637 0.00476091 0.00473000 0.00471182 0.00469970 0.00464508 0.00443359 0.00396061 0.00324016 0.00242864 0.00170763 0.00087361 0.00012697 -0.00025596 -0.00011964 0.00000622 0.00000688 -0.00000379 0.00050026 0.00785427 0.00394764 0.84699533 90.30954 
0.780 0.01890886 4 -2059173.45 -2640907.23 7338694.68 383406.21 -2577913.80 -4562453.31 -336587709.86 -0.01553770 0.01441417 0.01877849 0.00970241 0.00691375 0.00694748 0.00690623 0.00686751 0.00682197 0.00676947 0.00670953 0.00663664 0.00650162 0.00618829 0.00558590 0.00471215 0.00372696 0.00281906 0.00154744 0.00026195 -0.00030348 -0.00014713 0.00000790 0.00000959 -0.00000335 0.00073533 0.00789556 0.00409188 0.85610900 93.92192 
0.810 0.01884089 4 -3032369.30 -3419127.86 7436229.66 96162.45 -2417025.78 -4728607.77 -352907086.01 -0.01621398 0.01405779 0.01871771 0.01062188 0.00739243 0.00761100 0.00760241 0.00756874 0.00750836 0.00742168 0.00730937 0.00716892 0.00696410 0.00659484 0.00597106 0.00508819 0.00408793 0.00315407 0.00174539 0.00027256 -0.00032811 -0.00015486 0.00000864 0.00001049 -0.00000312 0.00080244 0.00815546 0.00424936 0.89730512 97.53430 
0.840 0.02015465 2 -9099528.92 4645065.58 -6338023.82 269661.66 -525359.75 -7150872.60 -828066093.58 -0.02109992 0.01092675 0.01295937 0.01012788 0.01999789 0.02221360 0.02186851 0.02146036 0.02096734 0.02039102 0.01973216 0.01897919 0.01806339 0.01686498 0.01526591 0.01331992 0.01119815 0.00909985 0.00501233 0.00071846 -0.00058248 -0.00026018 0.00001966 0.00002206 -0.00000128 0.00220329 0.01027143 0.00598545 1.31581457 101.14668 
0.870 0.02208882 2 -9095591.52 4857995.72 -6277198.24 -86876.09 -4310.53 -7585202.38 -844875537.95 -0.02241820 0.01055795 0.01220119 0.01143684 0.02191289 0.02324751 0.02282972 0.02236697 0.02182353 0.02120108 0.02049995 0.01970215 0.01871838 0.01740367 0.01564955 0.01355339 0.01128968 0.00909613 0.00493197 0.00068808 -0.00057860 -0.00025263 0.00001914 0.00002125 -0.00000136 0.00226663 0.01086731 0.00629843 1.39437235 104.75906 
0.900 0.02410719 2 -9161707.20 5027169.94 -6218267.82 -465272.37 395040.30 -7900377.24 -861391228.07 -0.02365376 0.00969033 0.01122585 0.01273389 0.02390051 0.02440845 0.02391954 0.02340197 0.02280663 0.02213531 0.02138746 0.02053581 0.01947061 0.01802741 0.01613188 0.01386715 0.01142699 0.00914158 0.00490030 0.00066743 -0.00057768 -0.00024947 0.00001903 0.00002092 -0.00000141 0.00234358 0.01140753 0.00659255 1.47234521 108.37145 
0.930 0.02615138 2 -9143355.95 5209278.01 -6111706.95 -782415.30 560630.54 -8019142.24 -872950910.78 -0.02481070 0.00798052 0.00992993 0.01407635 0.02590076 0.02551185 0.02495069 0.02437753 0.02372970 0.02300900 0.02221370 0.02130690 0.02016428 0.01861356 0.01660774 0.01419692 0.01162300 0.00926182 0.00493834 0.00066371 -0.00057912 -0.00024902 0.00001907 0.00002081 -0.00000150 0.00242067 0.01183125 0.00683212 1.54560528 111.98383 
0.960 0.02814243 2 -9212732.21 5330739.51 -6099968.28 -943931.99 516752.53 -8016323.97 -883806777.22 -0.02585381 0.00640098 0.00879412 0.01514293 0.02784787 0.02674023 0.02610959 0.02548059 0.02477803 0.02400380 0.02315428 0.02218072 0.02094571 0.01927561 0.01714035 0.01456361 0.01184364 0.00938473 0.00496008 0.00064155 -0.00058648 -0.00024813 0.00001949 0.00002077 -0.00000155 0.00250590 0.01223222 0.00706537 1.61534328 115.59621 
0.990 0.03003067 2 -9312142.68 5422288.38 -6202919.33 -958202.82 327201.85 -7900510.76 -891138042.79 -0.02689755 0.00495061 0.00788159 0.01588989 0.02969372 0.02804223 0.02734420 0.02665987 0.02590213 0.02507280 0.02416514 0.02311583 0.02177430 0.01997354 0.01767999 0.01491816 0.01204330 0.00947690 0.00495808 0.00060426 -0.00060143 -0.00024883 0.00002018 0.00002092 -0.00000160 0.00259375 0.01258213 0.00727607 1.67973176 119.20859 
1.020 0.03184223 2 -9398887.42 5502510.25 -6345431.64 -907284.74 108834.43 -7757515.73 -895980035.02 -0.02787515 0.00344316 0.00693875 0.01641757 0.03146668 0.02936739 0.02860462 0.02786689 0.02705560 0.02617235 0.02520554 0.02407559 0.02261873 0.02068217 0.01820553 0.01525136 0.01221930 0.00954256 0.00494097 0.00056635 -0.00061225 -0.00024702 0.00002076 0.00002083 -0.00000167 0.00268228 0.01285305 0.00745010 1.73668995 122.82097 
1.050 0.03353519 2 -9391101.21 5611018.30 -6496466.57 -815887.55 -85358.30 -7604407.09 -896296353.09 -0.02880224 0.00195892 0.00603383 0.01676066 0.03313042 0.03068583 0.02986440 0.02907876 0.02821978 0.02728840 0.02626596 0.02505575 0.02348100 0.02140443 0.01872417 0.01557774 0.01239013 0.00960290 0.00492421 0.00052800 -0.00063062 -0.00024893 0.00002178 0.00002112 -0.00000175 0.00277115 0.01306037 0.00759449 1.78719184 126.43335 
1.080 0.03515735 2 -9307962.30 5748459.53 -6679471.13 -668258.16 -237917.30 -7470775.23 -893281982.69 -0.02968593 0.00061416 0.00522508 0.01696826 0.03472920 0.03195278 0.03107280 0.03024048 0.02933611 0.02835950 0.02728295 0.02599362 0.02430439 0.02208652 0.01920817 0.01589055 0.01256789 0.00968399 0.00493227 0.00050201 -0.00064852 -0.00025198 0.00002293 0.00002154 -0.00000182 0.00285777 0.01325066 0.00772971 1.83430060 130.04574 
1.110 0.03668922 2 -9088296.36 5944275.43 -6847071.47 -510457.00 -352148.67 -7322894.65 -885184413.79 -0.03062218 -0.00062282 0.00453820 0.01709785 0.03624147 0.03314078 0.03220431 0.03132880 0.03038399 0.02936813 0.02824377 0.02688421 0.02509537 0.02273978 0.01968523 0.01622092 0.01278128 0.00981033 0.00498286 0.00048327 -0.00068643 -0.00026626 0.00002513 0.00002308 -0.00000183 0.00294175 0.01342097 0.00785416 1.87918041 133.65812 
1.140 0.03817115 2 -8804459.38 6179859.59 -7025753.43 -309874.47 -444740.45 -7203950.62 -876051885.39 -0.03158559 -0.00152569 0.00405002 0.01712598 0.03771221 0.03430514 0.03330968 0.03238992 0.03140447 0.03034889 0.02917262 0.02773268 0.02583138 0.02330116 0.02005208 0.01643471 0.01288037 0.00983287 0.00496553 0.00044838 -0.00071489 -0.00027453 0.00002686 0.00002403 -0.00000189 0.00301550 0.01362000 0.00798664 1.92319468 137.27050 
