0.001 0.00011593 5 48655.28 -394.14 -4153.16 -1189.51 3829.17 50562.93 4448184.39 -0.00000324 -0.00004840 -0.00011566 -0.00002993 0.00000440 0.00005109 0.00005523 0.00005151 0.00004628 0.00004011 0.00003331 0.00002642 0.00001989 0.00001404 0.00000892 0.00000450 0.00000077 -0.00000231 -0.00000463 0.00000055 0.00001014 -0.00000008 -0.00001041 -0.00000151 0.00000183 0.00000346 -0.00003341 -0.00001382 -0.00233284 0.06195 
0.030 0.00181158 5 -735096.31 181555.02 389359.35 310965.18 -4710.66 -1612265.20 -110821119.90 0.00074210 0.00181158 0.00073601 0.00041181 0.00018246 -0.00004961 -0.00005056 -0.00004950 -0.00004306 -0.00003329 -0.00002217 -0.00001189 -0.00000325 0.00000262 0.00000574 0.00000653 0.00000562 0.00000359 -0.00000006 0.00000120 0.00000824 -0.00000145 -0.00001084 -0.00000279 0.00000033 -0.00000125 0.00056109 0.00026236 0.02789758 1.85856 
0.060 0.00333987 5 -1663749.94 309904.31 624205.26 447315.38 -58156.47 -2987018.43 -218691012.87 0.00133816 0.00333987 0.00144860 0.00082530 0.00038285 -0.00000451 -0.00000952 -0.00001076 -0.00000512 0.00000523 0.00001689 0.00002580 0.00002985 0.00002948 0.00002670 0.00002192 0.00001603 0.00000990 0.00000068 0.00000003 0.00000772 -0.00000150 -0.00001078 -0.00000317 -0.00000038 0.00000204 0.00108209 0.00050834 0.05660786 3.71711 
0.090 0.00468883 5 -2829614.53 395445.77 682649.14 438952.65 -150714.51 -4195947.59 -328188408.05 0.00183860 0.00468883 0.00208794 0.00124619 0.00063124 0.00015919 0.00014629 0.00013258 0.00012139 0.00011225 0.00010442 0.00009688 0.00008767 0.00007446 0.00005789 0.00004157 0.00002683 0.00001426 -0.00000170 -0.00000223 0.00000793 -0.00000122 -0.00001102 -0.00000332 -0.00000063 0.00001020 0.00157964 0.00074592 0.08620322 5.57567 
0.120 0.00583358 5 -4097970.55 416567.62 668439.53 379205.38 -287140.63 -5275042.44 -434674737.41 0.00213317 0.00583358 0.00264909 0.00162823 0.00087822 0.00062117 0.00062572 0.00061462 0.00059620 0.00057001 0.00053533 0.00049118 0.00043724 0.00037463 0.00030559 0.00023494 0.00016889 0.00011177 0.00002459 -0.00001414 0.00000259 -0.00000124 -0.00001099 -0.00000333 -0.00000074 0.00004984 0.00201312 0.00097018 0.11722065 7.43422 
0.150 0.00714441 5 -4863899.00 564129.76 882140.33 492901.86 -371915.01 -6431155.95 -527723434.91 0.00253865 0.00714441 0.00327672 0.00200567 0.00106708 0.00071702 0.00072299 0.00071341 0.00069715 0.00067374 0.00064221 0.00060119 0.00054929 0.00048579 0.00041156 0.00032931 0.00024493 0.00016685 0.00004343 -0.00001833 -0.00000013 -0.00000135 -0.00001097 -0.00000326 -0.00000075 0.00006166 0.00246220 0.00118698 0.14418664 9.29278 
0.180 0.00851700 5 -5436128.49 746605.92 1126339.84 676148.26 -422619.94 -7562602.57 -611534008.85 0.00299729 0.00851700 0.00391591 0.00236248 0.00123066 0.00070962 0.00071376 0.00070689 0.00069755 0.00068491 0.00066744 0.00064309 0.00060944 0.00056411 0.00050534 0.00043282 0.00034813 0.00025744 0.00008222 -0.00002654 -0.00000689 -0.00000196 -0.00001091 -0.00000310 -0.00000066 0.00006829 0.00291073 0.00140076 0.16949509 11.15133 
0.210 0.00946269 5 -6138773.20 827784.01 1163115.05 670636.09 -447000.10 -8353308.25 -680568298.62 0.00314597 0.00946269 0.00437714 0.00260342 0.00137099 0.00108021 0.00111139 0.00112217 0.00112694 0.00112472 0.00111379 0.00109185 0.00105611 0.00100357 0.00093143 0.00083756 0.00072086 0.00058471 0.00025770 -0.00001391 -0.00002158 -0.00000605 -0.00001042 -0.00000250 -0.00000046 0.00012336 0.00321786 0.00157399 0.19391619 13.00989 
0.240 0.00977009 5 -7026124.98 838693.59 843318.79 135922.51 -275127.59 -8568932.29 -724951016.38 0.00304429 0.00977009 0.00463674 0.00267088 0.00149381 0.00197912 0.00207413 0.00212235 0.00215176 0.00216136 0.00214942 0.00211367 0.00205138 0.00195954 0.00183537 0.00167681 0.00148261 0.00125524 0.00065134 0.00003209 -0.00005556 -0.00001767 -0.00000888 -0.00000108 -0.00000018 0.00024754 0.00335824 0.00170577 0.21835498 14.86844 
0.270 0.01042176 5 -4414400.55 1177181.51 1668139.70 1220248.03 50132.82 -8530102.61 -615097276.97 0.00480734 0.01042176 0.00452758 0.00260982 0.00149645 -0.00098712 -0.00113980 -0.00123262 -0.00128424 -0.00129566 -0.00126890 -0.00120676 -0.00111291 -0.00099191 -0.00084909 -0.00069024 -0.00052126 -0.00034829 0.00000259 0.00008778 -0.00004863 -0.00003111 -0.00000976 -0.00000073 -0.00000051 -0.00011515 0.00354370 0.00160003 0.17258209 16.72700 
0.300 0.01105844 5 -5546453.14 1059035.91 1620874.98 1047292.86 -89721.87 -9183935.01 -692343719.18 0.00468390 0.01105844 0.00478080 0.00280046 0.00182409 0.00011284 0.00002901 -0.00002276 -0.00004807 -0.00004807 -0.00002495 0.00001836 0.00007803 0.00014939 0.00022700 0.00030503 0.00037776 0.00043975 0.00048904 0.00018172 -0.00011569 -0.00006388 -0.00000742 0.00000245 -0.00000016 0.00003405 0.00380819 0.00180328 0.20868202 18.58555 
0.330 0.01142360 4 7977434.27 -553168.05 -252784.17 41594.40 1614636.21 7127155.88 724352635.25 0.00385695 -0.00961522 -0.01142360 -0.00473760 -0.00234935 -0.00573250 -0.00602316 -0.00619539 -0.00631271 -0.00637367 -0.00637609 -0.00631722 -0.00619389 -0.00600293 -0.00574191 -0.00540898 -0.00500182 -0.00451995 -0.00304734 -0.00084825 0.00005329 0.00007811 0.00000407 -0.00000568 -0.00000243 -0.00083148 -0.00472776 -0.00265797 -0.48229366 20.44411 
0.360 0.01521225 4 7142972.68 -855915.58 -591695.03 110889.06 1676283.22 6803411.01 693517166.73 0.00653103 -0.01234149 -0.01521225 -0.00651073 -0.00245909 -0.00507399 -0.00533324 -0.00549775 -0.00562209 -0.00570480 -0.00574374 -0.00573608 -0.00567846 -0.00556712 -0.00539839 -0.00516888 -0.00487504 -0.00451366 -0.00328841 -0.00114022 -0.00003310 0.00008267 0.00000483 -0.00000636 -0.00000270 -0.00080066 -0.00586762 -0.00317593 -0.59069557 22.30266 
0.390 0.01632102 4 6988350.22 -965233.78 -984659.72 655079.32 1718852.44 6564311.97 692362718.25 0.00854438 -0.01259613 -0.01632102 -0.00812725 -0.00321103 -0.00545550 -0.00570731 -0.00586789 -0.00599090 -0.00607492 -0.00611780 -0.00611671 -0.00606821 -0.00596834 -0.00581277 -0.00559726 -0.00531794 -0.00497196 -0.00377325 -0.00151547 -0.00014997 0.00008459 0.00000684 -0.00000641 -0.00000275 -0.00088478 -0.00650665 -0.00352018 -0.67751154 24.16122 
0.420 0.01638877 4 6899055.39 -1048121.33 -1224347.82 1139900.58 1685996.83 6345627.13 689205452.59 0.01035053 -0.01154516 -0.01638877 -0.01009048 -0.00415164 -0.00590241 -0.00614672 -0.00630088 -0.00641803 -0.00649675 -0.00653490 -0.00652966 -0.00647756 -0.00637446 -0.00621560 -0.00599603 -0.00571161 -0.00536012 -0.00414451 -0.00178174 -0.00023160 0.00008613 0.00000841 -0.00000638 -0.00000275 -0.00096066 -0.00698739 -0.00378585 -0.75740854 26.01977 
0.450 0.01695145 4 6485816.87 -1189691.96 -1332235.87 1305943.74 1648396.45 6053404.50 666488061.72 0.01230219 -0.01080978 -0.01695145 -0.01250638 -0.00486709 -0.00556407 -0.00577845 -0.00591576 -0.00602184 -0.00609526 -0.00613385 -0.00613476 -0.00609447 -0.00600882 -0.00587302 -0.00568201 -0.00543145 -0.00511884 -0.00401573 -0.00178914 -0.00025497 0.00008345 0.00000900 -0.00000607 -0.00000268 -0.00091543 -0.00760264 -0.00405024 -0.83656102 27.87833 
0.480 0.01760108 4 6077341.39 -1298474.27 -1240281.36 1129093.83 1641550.59 5845452.59 641353509.39 0.01386075 -0.01050224 -0.01760108 -0.01440297 -0.00543095 -0.00522348 -0.00540705 -0.00552776 -0.00562270 -0.00569044 -0.00572877 -0.00573481 -0.00570505 -0.00563536 -0.00552103 -0.00535707 -0.00513893 -0.00486352 -0.00386637 -0.00177023 -0.00026569 0.00008055 0.00000920 -0.00000573 -0.00000251 -0.00086711 -0.00814829 -0.00428035 -0.90125858 29.73688 
0.510 0.01834257 4 10520034.50 634726.55 1117574.36 1037112.54 1226160.90 6504460.15 739580939.16 0.01429281 -0.01206990 -0.01834257 -0.01519510 -0.00577950 -0.00948279 -0.00998804 -0.01027710 -0.01045592 -0.01052350 -0.01047864 -0.01031974 -0.01004519 -0.00965380 -0.00914583 -0.00852590 -0.00780485 -0.00700545 -0.00485270 -0.00171619 -0.00015574 0.00009161 0.00000652 -0.00000795 -0.00000316 -0.00136775 -0.00876832 -0.00483696 -1.00216490 31.59544 
0.540 0.01979946 4 11139620.59 983222.17 1327356.38 978218.79 1158464.36 6692358.89 754904501.02 0.01584844 -0.01328413 -0.01979946 -0.01720115 -0.00620137 -0.00980607 -0.01034017 -0.01063959 -0.01081707 -0.01087197 -0.01080359 -0.01061104 -0.01029369 -0.00985164 -0.00928730 -0.00860945 -0.00783365 -0.00698651 -0.00475914 -0.00161132 -0.00012295 0.00008955 0.00000643 -0.00000753 -0.00000300 -0.00138530 -0.00960828 -0.00524004 -1.08844656 33.45399 
0.570 0.02246676 4 12360447.76 1356738.79 1881698.15 1093271.02 1126240.66 6902499.13 794525059.45 0.01764733 -0.01614770 -0.02246676 -0.01902347 -0.00652235 -0.01035589 -0.01093174 -0.01124097 -0.01140865 -0.01143507 -0.01132109 -0.01106808 -0.01067826 -0.01015523 -0.00950625 -0.00874698 -0.00789812 -0.00698841 -0.00466069 -0.00149585 -0.00009032 0.00008791 0.00000641 -0.00000735 -0.00000305 -0.00141888 -0.01074025 -0.00578852 -1.19248367 35.31255 
0.600 0.02578048 4 11572660.76 646875.05 1361931.31 1702513.40 1445130.15 6416210.84 790306896.47 0.02078831 -0.01858059 -0.02578048 -0.02154165 -0.00710735 -0.00981409 -0.01035386 -0.01065555 -0.01083444 -0.01088949 -0.01081947 -0.01062283 -0.01029832 -0.00984663 -0.00927316 -0.00858760 -0.00780264 -0.00694104 -0.00466195 -0.00148792 -0.00007021 0.00009463 0.00000553 -0.00000803 -0.00000305 -0.00137439 -0.01203271 -0.00637076 -1.32165265 37.17110 
0.630 0.03009626 4 8676382.85 9630.13 355451.80 830387.76 1445727.42 6035185.74 679323492.13 0.02452616 -0.02231470 -0.03009626 -0.02367939 -0.00748588 -0.00790623 -0.00829950 -0.00853291 -0.00869034 -0.00877051 -0.00877154 -0.00869108 -0.00852657 -0.00827661 -0.00794261 -0.00752435 -0.00701550 -0.00641221 -0.00457530 -0.00165643 -0.00014286 0.00008975 0.00000570 -0.00000714 -0.00000228 -0.00119136 -0.01338823 -0.00690896 -1.43807506 39.02966 
