0.001 0.00011357 4 58285.67 -1236.97 2057.37 5221.37 6403.33 45840.57 4752960.89 0.00000269 -0.00004146 -0.00011357 -0.00003112 0.00000232 0.00004611 0.00005023 0.00004670 0.00004186 0.00003624 0.00003009 0.00002388 0.00001801 0.00001274 0.00000812 0.00000407 0.00000062 -0.00000228 -0.00000444 0.00000070 0.00001024 -0.00000002 -0.00001037 -0.00000146 0.00000187 0.00000321 -0.00003267 -0.00001361 -0.00241572 0.03709 
0.030 0.00167246 5 -1658020.37 60501.91 -9776.49 -45620.65 -129532.69 -1533592.44 -144285109.01 0.00061190 0.00167246 0.00071821 0.00053109 0.00035399 0.00036512 0.00036059 0.00033778 0.00030428 0.00026289 0.00021677 0.00016988 0.00012573 0.00008680 0.00005441 0.00002892 0.00001001 -0.00000317 -0.00001364 -0.00000460 0.00000978 -0.00000059 -0.00001182 -0.00000261 0.00000101 0.00001896 0.00062046 0.00030093 0.03795299 1.11281 
0.060 0.00323007 5 -3254936.00 142449.30 -26672.49 -124697.24 -272841.19 -2973174.38 -283388217.79 0.00114519 0.00323007 0.00148237 0.00106087 0.00068862 0.00071102 0.00070358 0.00066709 0.00061036 0.00053682 0.00045137 0.00036068 0.00027235 0.00019258 0.00012502 0.00007115 0.00003084 0.00000269 -0.00002227 -0.00001123 0.00000928 -0.00000042 -0.00001246 -0.00000332 0.00000022 0.00003843 0.00122360 0.00059401 0.07627324 2.22562 
0.090 0.00470530 5 -4762900.94 228065.47 -37156.87 -218693.19 -419975.94 -4315140.41 -414920940.43 0.00163896 0.00470530 0.00220820 0.00157469 0.00101631 0.00105780 0.00104732 0.00099692 0.00091721 0.00081244 0.00068906 0.00055579 0.00042251 0.00029918 0.00019428 0.00011087 0.00004875 0.00000568 -0.00003268 -0.00001809 0.00000901 -0.00000003 -0.00001285 -0.00000373 -0.00000030 0.00005789 0.00180058 0.00087482 0.11332070 3.33844 
0.120 0.00612753 5 -6188435.66 309268.12 -28509.88 -319866.21 -570588.83 -5578738.86 -539733471.67 0.00212559 0.00612753 0.00290900 0.00207541 0.00133588 0.00141884 0.00140843 0.00134738 0.00124845 0.00111607 0.00095761 0.00078333 0.00060551 0.00043690 0.00028889 0.00016937 0.00007954 0.00001669 -0.00004195 -0.00002655 0.00000826 0.00000047 -0.00001311 -0.00000398 -0.00000060 0.00008005 0.00236134 0.00114947 0.14968088 4.45125 
0.150 0.00751200 5 -7495299.99 382471.62 11633.56 -415719.98 -713095.06 -6760590.13 -655670629.58 0.00261468 0.00751200 0.00359437 0.00256608 0.00164038 0.00180220 0.00179708 0.00173058 0.00161815 0.00146374 0.00127452 0.00106056 0.00083545 0.00061481 0.00041352 0.00024434 0.00011602 0.00002640 -0.00005785 -0.00003862 0.00000739 0.00000129 -0.00001333 -0.00000417 -0.00000077 0.00010549 0.00290906 0.00141974 0.18546982 5.56406 
0.180 0.00887958 5 -8681070.96 458783.12 65099.93 -522502.27 -832387.17 -7850064.58 -762132447.04 0.00306684 0.00887958 0.00429410 0.00303592 0.00192875 0.00220135 0.00220593 0.00213917 0.00201959 0.00185033 0.00163776 0.00139096 0.00112333 0.00085230 0.00059636 0.00037243 0.00019421 0.00006585 -0.00006450 -0.00005368 0.00000480 0.00000204 -0.00001345 -0.00000430 -0.00000086 0.00013611 0.00344373 0.00168665 0.22117137 6.67687 
0.210 0.01017735 5 -9520223.23 329996.81 35086.62 -581485.34 -891859.08 -8411962.25 -819159261.00 0.00305748 0.01017735 0.00565058 0.00328162 0.00208224 0.00265971 0.00267491 0.00260888 0.00248264 0.00229878 0.00206284 0.00178276 0.00147145 0.00114693 0.00083034 0.00054294 0.00030403 0.00012521 -0.00006870 -0.00007323 0.00000046 0.00000283 -0.00001325 -0.00000440 -0.00000099 0.00017270 0.00395382 0.00194520 0.26105760 7.78968 
0.240 0.01166269 5 -9973235.73 274236.03 72334.94 -686919.68 -670217.99 -8962669.02 -855363687.72 0.00267746 0.01166269 0.00735643 0.00348398 0.00216967 0.00304884 0.00307350 0.00301067 0.00288382 0.00269475 0.00244750 0.00214813 0.00180766 0.00144335 0.00107700 0.00073333 0.00043657 0.00020400 -0.00006552 -0.00009417 -0.00000540 0.00000341 -0.00001276 -0.00000446 -0.00000117 0.00020696 0.00447330 0.00220692 0.30427163 8.90250 
0.270 0.01235788 5 -9364256.47 306045.60 449082.60 -515146.97 -636803.13 -8967434.57 -832657575.39 0.00222775 0.01235788 0.00850597 0.00346032 0.00201829 0.00282356 0.00284732 0.00279675 0.00269351 0.00253807 0.00233178 0.00207681 0.00177872 0.00144918 0.00110623 0.00077276 0.00047337 0.00022949 -0.00006482 -0.00010181 -0.00000773 0.00000366 -0.00001227 -0.00000436 -0.00000119 0.00019818 0.00465712 0.00228842 0.31962802 10.01531 
0.300 0.01288425 5 -8267973.86 539198.32 989041.79 -57180.01 -753785.37 -8985248.60 -801359093.30 0.00164931 0.01288425 0.00932042 0.00334351 0.00176846 0.00219163 0.00220577 0.00216963 0.00210060 0.00199831 0.00186225 0.00169184 0.00148736 0.00125180 0.00099351 0.00072740 0.00047306 0.00025281 -0.00003900 -0.00009406 -0.00000841 0.00000307 -0.00001194 -0.00000395 -0.00000088 0.00016179 0.00467922 0.00227945 0.32023723 11.12812 
0.330 0.01311873 5 -6544053.70 1078284.35 1611983.71 209493.13 -878807.01 -8565007.88 -739838378.60 0.00066542 0.01311873 0.01038846 0.00309821 0.00145096 0.00114493 0.00110432 0.00105417 0.00099912 0.00093848 0.00087090 0.00079454 0.00070732 0.00060742 0.00049424 0.00036980 0.00023961 0.00011567 -0.00005976 -0.00006884 0.00000094 0.00000319 -0.00001152 -0.00000339 -0.00000038 0.00007576 0.00461680 0.00220449 0.31492442 12.24093 
0.360 0.01366495 4 5733821.98 -473551.61 -2249898.86 233166.45 2005651.79 6218454.20 622612604.14 0.00420334 -0.01090132 -0.01366495 -0.00459876 -0.00146116 -0.00245301 -0.00254270 -0.00258269 -0.00259922 -0.00259124 -0.00255716 -0.00249497 -0.00240228 -0.00227659 -0.00211557 -0.00191750 -0.00168265 -0.00141782 -0.00074339 -0.00003976 0.00007163 0.00002043 0.00000235 -0.00000126 -0.00000219 -0.00029121 -0.00488083 -0.00244272 -0.43445097 13.35374 
0.390 0.01609100 4 4291053.78 -730981.26 -2808927.91 -186143.84 2121125.84 5895980.94 563238221.81 0.00585502 -0.01286082 -0.01609100 -0.00539873 -0.00133401 -0.00127326 -0.00129340 -0.00130005 -0.00130550 -0.00130873 -0.00130815 -0.00130168 -0.00128682 -0.00126066 -0.00122002 -0.00116150 -0.00108178 -0.00097665 -0.00060023 -0.00007749 0.00005108 0.00001954 0.00000206 -0.00000056 -0.00000125 -0.00016775 -0.00547855 -0.00265733 -0.47899218 14.46656 
0.420 0.01825897 4 2851077.68 -1089635.89 -3311177.30 -528946.68 2116064.98 5664772.57 508735813.60 0.00736690 -0.01480760 -0.01825897 -0.00627670 -0.00122521 0.00006546 0.00013492 0.00017684 0.00019473 0.00018965 0.00016328 0.00011782 0.00005594 -0.00001911 -0.00010327 -0.00019119 -0.00027594 -0.00034293 -0.00033124 -0.00009544 0.00001946 0.00001446 0.00000234 0.00000044 -0.00000041 -0.00001464 -0.00606113 -0.00284909 -0.51755707 15.57937 
0.450 0.02070248 4 1483337.22 -1723840.08 -3654429.54 -797262.85 2060826.18 5598043.51 473205787.48 0.00876055 -0.01742510 -0.02070248 -0.00726859 -0.00115944 0.00162667 0.00180365 0.00190219 0.00194654 0.00193771 0.00187749 0.00176812 0.00161245 0.00141421 0.00118011 0.00092409 0.00066261 0.00041818 0.00004034 -0.00008342 -0.00001762 0.00000577 0.00000351 0.00000151 -0.00000008 0.00016696 -0.00681155 -0.00310440 -0.56170468 16.69218 
0.480 0.02283928 4 107964.70 -2506562.82 -3834300.82 -1180103.47 2048083.83 5580847.98 443725834.17 0.00976511 -0.01990128 -0.02283928 -0.00789904 -0.00112137 0.00316449 0.00345231 0.00360637 0.00367515 0.00365969 0.00356190 0.00338419 0.00312967 0.00280407 0.00242115 0.00200346 0.00157634 0.00116853 0.00042672 -0.00005473 -0.00005188 -0.00000386 0.00000463 0.00000271 0.00000034 0.00034645 -0.00745664 -0.00331145 -0.59323171 17.80499 
0.510 0.02476522 4 -981834.97 -3128606.52 -3785889.45 -1769034.96 2038175.14 5663520.82 419493977.68 0.01019958 -0.02269364 -0.02476522 -0.00752325 -0.00106837 0.00423712 0.00463081 0.00484389 0.00494738 0.00494228 0.00483052 0.00461450 0.00429790 0.00388954 0.00340781 0.00287993 0.00233612 0.00180854 0.00077567 -0.00001890 -0.00008071 -0.00001311 0.00000539 0.00000384 0.00000082 0.00048608 -0.00791757 -0.00345335 -0.60316450 18.91780 
0.540 0.02630927 5 368238.34 -2452855.23 -3560367.88 -1564900.24 1807987.72 6138373.96 462895794.84 0.01022953 -0.02512139 -0.02604753 -0.00714506 -0.00111580 0.00327301 0.00362224 0.00382835 0.00394864 0.00398410 0.00393656 0.00380813 0.00360099 0.00331798 0.00296641 0.00256430 0.00213446 0.00170440 0.00081251 0.00004492 -0.00007292 -0.00001744 0.00000616 0.00000441 0.00000088 0.00041231 -0.00833376 -0.00368764 -0.62955547 20.03061 
0.570 0.02989209 5 -2362802.60 -3460245.31 -3150586.97 -3604666.43 1530883.25 6321812.86 362119982.80 0.01028008 -0.02859868 -0.02793537 -0.00538263 -0.00071215 0.00529049 0.00582164 0.00612052 0.00628749 0.00632344 0.00623026 0.00601010 0.00566607 0.00520663 0.00465066 0.00402820 0.00337456 0.00272637 0.00135663 0.00009983 -0.00011564 -0.00003156 0.00000632 0.00000583 0.00000150 0.00065711 -0.00842950 -0.00360248 -0.58555044 21.14343 
0.600 0.04039827 5 -8398337.07 -4065002.49 -5134654.14 -2416571.71 -1917221.88 5135113.15 13550464.08 0.01070440 -0.03793946 -0.02755888 -0.00407326 0.00045211 0.00893241 0.00954981 0.00982054 0.00988854 0.00975907 0.00944235 0.00895185 0.00830584 0.00752812 0.00664920 0.00570834 0.00475028 0.00381923 0.00188272 0.00010201 -0.00017879 -0.00004686 0.00000343 0.00000680 0.00000282 0.00098290 -0.00836350 -0.00339847 -0.47570075 22.25624 
