0.001 0.00011817 5 27121.61 -12261.73 -4862.70 -8506.19 169.12 52583.11 3932405.87 -0.00000357 -0.00005064 -0.00011551 -0.00002730 0.00000645 0.00005896 0.00006303 0.00005873 0.00005268 0.00004556 0.00003776 0.00002986 0.00002241 0.00001576 0.00001000 0.00000507 0.00000099 -0.00000232 -0.00000481 0.00000047 0.00001020 -0.00000004 -0.00001040 -0.00000149 0.00000185 0.00000386 -0.00003217 -0.00001303 -0.00215918 0.21661 
0.030 0.00168783 5 772371.81 -372812.38 -164756.25 -214044.63 30011.59 1493973.47 114127735.21 -0.00053587 -0.00161764 -0.00085574 -0.00044749 -0.00021299 0.00012809 0.00014912 0.00015260 0.00014757 0.00013607 0.00011955 0.00009955 0.00007835 0.00005795 0.00003966 0.00002420 0.00001188 0.00000257 -0.00000691 -0.00000391 0.00000468 -0.00000199 -0.00000910 -0.00000297 -0.00000039 0.00000974 -0.00055992 -0.00025730 -0.03089183 6.49834 
0.060 0.00333813 5 -1230316.42 1298762.28 646776.41 18316.87 -190425.58 -3003746.39 -249873318.49 0.00127914 0.00333813 0.00151392 0.00105760 0.00050586 -0.00039681 -0.00042978 -0.00043382 -0.00041271 -0.00037051 -0.00031371 -0.00025043 -0.00018811 -0.00013227 -0.00008572 -0.00004956 -0.00002359 -0.00000665 0.00000916 0.00000976 0.00000838 -0.00000230 -0.00001034 -0.00000320 -0.00000069 -0.00002498 0.00117632 0.00053816 0.06306990 12.99669 
0.090 0.00491279 5 -1633393.59 1836164.67 1071018.59 99519.26 -260203.69 -4379892.42 -355415235.32 0.00188029 0.00491279 0.00225895 0.00153299 0.00069582 -0.00073201 -0.00078752 -0.00079433 -0.00076130 -0.00069386 -0.00060018 -0.00049087 -0.00037770 -0.00027260 -0.00018245 -0.00011029 -0.00005655 -0.00001974 0.00001731 0.00001871 0.00000947 -0.00000273 -0.00000993 -0.00000318 -0.00000104 -0.00004813 0.00171326 0.00077757 0.09006754 19.49503 
0.120 0.00646201 5 -1715995.40 2383998.12 1634542.11 263009.24 -317443.27 -5680101.59 -444851564.26 0.00248437 0.00646201 0.00299589 0.00198708 0.00084082 -0.00129730 -0.00138640 -0.00139917 -0.00135183 -0.00125035 -0.00110538 -0.00093083 -0.00074297 -0.00055819 -0.00039132 -0.00025123 -0.00014224 -0.00006370 0.00002354 0.00003539 0.00001281 -0.00000331 -0.00000960 -0.00000302 -0.00000114 -0.00009015 0.00222282 0.00099412 0.11278741 25.99338 
0.150 0.00790598 5 -1406504.04 2955653.64 2372314.76 459361.22 -381397.21 -6812436.45 -513131782.62 0.00307892 0.00790598 0.00369453 0.00243460 0.00093757 -0.00217268 -0.00231332 -0.00233985 -0.00227985 -0.00214019 -0.00193284 -0.00167377 -0.00138358 -0.00108510 -0.00079948 -0.00054533 -0.00033733 -0.00017954 0.00001445 0.00006348 0.00002064 -0.00000394 -0.00000947 -0.00000284 -0.00000112 -0.00016138 0.00269118 0.00117583 0.12967713 32.49172 
0.180 0.00911335 5 -809758.56 3477901.30 3175197.56 708545.61 -441307.26 -7730095.77 -557876776.40 0.00364493 0.00911335 0.00416613 0.00279863 0.00098144 -0.00317758 -0.00337568 -0.00341932 -0.00334874 -0.00317195 -0.00290253 -0.00255864 -0.00216378 -0.00174615 -0.00133422 -0.00095346 -0.00062583 -0.00036618 -0.00002175 0.00009557 0.00003260 -0.00000415 -0.00000968 -0.00000264 -0.00000093 -0.00024810 0.00304875 0.00129739 0.13709575 38.99007 
0.210 0.01100856 5 -6568668.59 -2936673.08 -6571817.47 -4175607.90 -844198.22 7959628.09 198972070.40 -0.00493771 -0.01073788 -0.00565337 -0.00204282 0.00041434 0.00927313 0.00981160 0.00998385 0.00992276 0.00963957 0.00915234 0.00848563 0.00767077 0.00674551 0.00575232 0.00473711 0.00374669 0.00282476 0.00110458 -0.00018640 -0.00020252 -0.00002966 0.00000811 0.00000028 -0.00000453 0.00088545 -0.00291610 -0.00089663 -0.03066383 45.48841 
0.240 0.01293107 5 -7186250.24 -3050010.16 -7465970.64 -4673353.32 -737360.46 8740444.34 220020001.51 -0.00454300 -0.01251585 -0.00762084 -0.00249004 0.00043791 0.01044463 0.01106673 0.01128463 0.01125156 0.01097820 0.01048214 0.00978762 0.00892574 0.00793420 0.00685567 0.00573667 0.00462535 0.00356926 0.00150650 -0.00017510 -0.00027101 -0.00004741 0.00001043 0.00000235 -0.00000406 0.00103447 -0.00350803 -0.00109495 -0.05897209 51.98676 
0.270 0.01543950 5 6676757.08 -617945.61 -1231993.64 -407434.85 933187.59 8000943.58 697062625.02 0.00209709 -0.01459600 -0.01383617 -0.00314970 -0.00116806 -0.00310888 -0.00326515 -0.00336718 -0.00344893 -0.00350883 -0.00354450 -0.00355287 -0.00353019 -0.00347211 -0.00337394 -0.00323092 -0.00303846 -0.00279318 -0.00194269 -0.00052781 0.00007121 0.00006237 0.00000368 -0.00000590 -0.00000379 -0.00048145 -0.00507197 -0.00263337 -0.41785540 58.48510 
0.300 0.02270689 5 7567412.48 -67424.66 -879725.29 -539649.88 1056059.38 7998152.93 710417373.68 0.00641779 -0.02155482 -0.01983745 -0.00350304 -0.00224992 -0.00604656 -0.00629642 -0.00644754 -0.00655183 -0.00660777 -0.00661308 -0.00656486 -0.00645965 -0.00629355 -0.00606248 -0.00576237 -0.00538949 -0.00494219 -0.00351154 -0.00113269 0.00005471 0.00011616 0.00000063 -0.00001049 -0.00000342 -0.00089347 -0.00687024 -0.00369524 -0.61689416 64.98345 
0.330 0.02660138 5 7564690.20 -171528.79 -1067140.00 -84042.58 1474403.46 7412998.12 707932871.53 0.01156246 -0.02520568 -0.02484124 -0.00697185 -0.00348669 -0.00684518 -0.00710414 -0.00726232 -0.00737362 -0.00743646 -0.00744853 -0.00740688 -0.00730801 -0.00714801 -0.00692256 -0.00662690 -0.00625640 -0.00580852 -0.00432975 -0.00163491 -0.00003561 0.00014678 0.00000160 -0.00001295 -0.00000355 -0.00104537 -0.00883236 -0.00469572 -0.83944095 71.48179 
