0.001 0.00011292 4 32035.80 -530.06 -12975.45 -3596.81 5239.30 43898.82 3574647.54 0.00000253 -0.00004063 -0.00011292 -0.00002769 0.00000784 0.00005527 0.00005910 0.00005489 0.00004913 0.00004243 0.00003513 0.00002778 0.00002086 0.00001468 0.00000932 0.00000470 0.00000085 -0.00000231 -0.00000467 0.00000059 0.00001028 0.00000002 -0.00001038 -0.00000145 0.00000188 0.00000365 -0.00002971 -0.00001199 -0.00210687 0.09006 
0.030 0.00160404 5 734674.22 -247685.71 -333989.85 -168990.58 81609.56 1403730.79 107407143.90 -0.00050917 -0.00153460 -0.00083726 -0.00045438 -0.00018161 0.00012532 0.00014149 0.00014229 0.00013561 0.00012311 0.00010638 0.00008719 0.00006753 0.00004904 0.00003276 0.00001920 0.00000852 0.00000053 -0.00000710 -0.00000313 0.00000593 -0.00000151 -0.00000931 -0.00000244 0.00000039 0.00000886 -0.00053713 -0.00024709 -0.02989246 2.70166 
0.060 0.00305826 5 1463948.51 -520943.05 -582324.96 -297278.73 131341.94 2733153.31 210861402.16 -0.00100604 -0.00298516 -0.00153077 -0.00086416 -0.00037835 0.00006931 0.00008511 0.00008128 0.00006608 0.00004321 0.00001769 -0.00000455 -0.00001967 -0.00002773 -0.00003029 -0.00002907 -0.00002578 -0.00002178 -0.00001168 -0.00000058 0.00000388 -0.00000247 -0.00000766 -0.00000298 -0.00000091 0.00000099 -0.00103312 -0.00048378 -0.05851915 5.40332 
0.090 0.00442587 5 2287111.59 -743558.80 -739487.47 -382987.73 175572.76 3977572.82 311725081.68 -0.00146983 -0.00434982 -0.00217552 -0.00125299 -0.00058400 -0.00008640 -0.00007708 -0.00008812 -0.00011238 -0.00014500 -0.00017912 -0.00020606 -0.00021766 -0.00021038 -0.00018672 -0.00015351 -0.00011795 -0.00008496 -0.00002855 0.00000636 0.00000436 -0.00000307 -0.00000576 -0.00000326 -0.00000202 -0.00001809 -0.00150701 -0.00071606 -0.08737038 8.10498 
0.120 0.00573522 5 3116332.03 -962434.63 -915215.23 -390584.39 250189.75 5134376.54 410756843.04 -0.00193251 -0.00565735 -0.00280284 -0.00166514 -0.00080086 -0.00018644 -0.00017507 -0.00018605 -0.00021253 -0.00025165 -0.00029663 -0.00033907 -0.00036739 -0.00037118 -0.00034713 -0.00030023 -0.00024131 -0.00018128 -0.00006837 0.00000913 0.00000652 -0.00000277 -0.00000372 -0.00000344 -0.00000298 -0.00003400 -0.00198032 -0.00094639 -0.11632492 10.80664 
0.150 0.00695021 5 4226242.06 -1018329.42 -872692.63 -386431.86 317529.13 6186166.85 507820292.26 -0.00239529 -0.00686912 -0.00337632 -0.00203804 -0.00104859 -0.00044703 -0.00043394 -0.00043620 -0.00044872 -0.00046994 -0.00049708 -0.00052677 -0.00055233 -0.00056132 -0.00054194 -0.00049125 -0.00041553 -0.00032772 -0.00013988 0.00000739 0.00001140 -0.00000131 -0.00000173 -0.00000360 -0.00000383 -0.00006033 -0.00243749 -0.00117469 -0.14566602 13.50830 
0.180 0.00794224 5 5540479.10 -883984.77 -710672.01 -325802.27 416307.73 7044630.42 597426978.77 -0.00274547 -0.00785318 -0.00384918 -0.00234456 -0.00128466 -0.00106130 -0.00107725 -0.00108789 -0.00109548 -0.00109862 -0.00109525 -0.00108278 -0.00105808 -0.00101627 -0.00094856 -0.00084814 -0.00071827 -0.00057190 -0.00025025 0.00001045 0.00002205 0.00000111 0.00000010 -0.00000372 -0.00000454 -0.00012231 -0.00282662 -0.00139003 -0.17562986 16.20996 
0.210 0.00887412 5 6666290.12 -389638.47 -594793.51 -507430.32 459200.99 7698951.42 651809500.26 -0.00277648 -0.00866589 -0.00457213 -0.00249715 -0.00139148 -0.00189717 -0.00196108 -0.00199125 -0.00200064 -0.00198787 -0.00195101 -0.00188763 -0.00179512 -0.00167104 -0.00151351 -0.00132262 -0.00110453 -0.00087436 -0.00038255 0.00001737 0.00003747 0.00000440 0.00000113 -0.00000380 -0.00000491 -0.00020773 -0.00313794 -0.00158134 -0.20595681 18.91162 
0.240 0.01011619 5 7378297.82 -57647.23 -654869.89 -855515.86 458478.58 8487852.23 700207175.38 -0.00232671 -0.00973363 -0.00579702 -0.00267938 -0.00146392 -0.00253832 -0.00263693 -0.00268069 -0.00269116 -0.00266693 -0.00260604 -0.00250614 -0.00236478 -0.00218025 -0.00195309 -0.00168873 -0.00139886 -0.00110104 -0.00047715 0.00002546 0.00004977 0.00000704 0.00000192 -0.00000366 -0.00000500 -0.00027284 -0.00350778 -0.00178930 -0.24290765 21.61327 
0.270 0.01143343 5 7507557.40 22121.66 -670084.35 -1167122.81 521328.28 8801314.62 714982941.83 -0.00165743 -0.01091032 -0.00778224 -0.00283057 -0.00148507 -0.00276378 -0.00286654 -0.00291174 -0.00292208 -0.00289616 -0.00283196 -0.00272698 -0.00257863 -0.00238492 -0.00214596 -0.00186665 -0.00155829 -0.00123910 -0.00055328 0.00002066 0.00005747 0.00000990 0.00000271 -0.00000337 -0.00000492 -0.00029944 -0.00398496 -0.00202712 -0.28723886 24.31493 
0.300 0.01357045 5 6709629.82 11974.96 -1127962.23 -1589770.61 419946.18 8995441.52 688055692.93 -0.00077199 -0.01290022 -0.01024426 -0.00293583 -0.00135319 -0.00231322 -0.00238664 -0.00242258 -0.00243792 -0.00243131 -0.00240079 -0.00234386 -0.00225765 -0.00213919 -0.00198594 -0.00179655 -0.00157207 -0.00132002 -0.00068584 -0.00003566 0.00006138 0.00001634 0.00000255 -0.00000335 -0.00000452 -0.00027306 -0.00453237 -0.00226972 -0.32841285 27.01659 
0.330 0.01558418 5 5191199.31 -570516.94 -1567149.26 -1881824.14 384672.99 8826016.65 640967320.07 0.00059635 -0.01480138 -0.01244734 -0.00341053 -0.00127403 -0.00114126 -0.00113583 -0.00113524 -0.00114092 -0.00115149 -0.00116484 -0.00117822 -0.00118833 -0.00119135 -0.00118317 -0.00115958 -0.00111644 -0.00104976 -0.00073993 -0.00016257 0.00004540 0.00002491 0.00000284 -0.00000328 -0.00000396 -0.00016679 -0.00505109 -0.00245643 -0.36481505 29.71825 
0.360 0.01752821 5 4204200.35 -656031.69 -1778548.57 -2182322.11 157441.82 8663660.90 588169623.24 0.00219026 -0.01664909 -0.01438614 -0.00369466 -0.00127715 -0.00074953 -0.00071183 -0.00069759 -0.00070013 -0.00071795 -0.00074878 -0.00078966 -0.00083699 -0.00088656 -0.00093371 -0.00097350 -0.00100091 -0.00101096 -0.00089014 -0.00033598 0.00003945 0.00004226 0.00000237 -0.00000404 -0.00000331 -0.00014222 -0.00547725 -0.00264316 -0.40425342 32.41991 
0.390 0.01737630 5 4418888.75 -751430.31 -1138534.75 -2283028.26 249164.18 8342717.89 581254416.02 0.00345296 -0.01648987 -0.01481618 -0.00356500 -0.00181008 -0.00209635 -0.00209763 -0.00210341 -0.00211462 -0.00212981 -0.00214668 -0.00216232 -0.00217317 -0.00217510 -0.00216358 -0.00213386 -0.00208118 -0.00200103 -0.00161833 -0.00061494 0.00006019 0.00007850 0.00000013 -0.00000676 -0.00000279 -0.00032957 -0.00555880 -0.00278091 -0.44664458 35.12157 
0.420 0.01741303 5 4437429.43 -852182.54 -835917.44 -2304204.98 351686.19 8078048.19 573769002.33 0.00443455 -0.01651758 -0.01529318 -0.00350690 -0.00215311 -0.00289777 -0.00291695 -0.00293180 -0.00294659 -0.00295985 -0.00296930 -0.00297203 -0.00296452 -0.00294267 -0.00290201 -0.00283791 -0.00274582 -0.00262154 -0.00210469 -0.00083618 0.00005263 0.00010222 -0.00000152 -0.00000861 -0.00000229 -0.00044615 -0.00564789 -0.00288460 -0.47759522 37.82323 
0.450 0.01766761 5 4305434.04 -997505.60 -667905.87 -2306527.74 504612.91 7772760.33 563156945.00 0.00549456 -0.01675330 -0.01596344 -0.00344280 -0.00251611 -0.00348148 -0.00349756 -0.00350615 -0.00351153 -0.00351232 -0.00350638 -0.00349096 -0.00346274 -0.00341780 -0.00335188 -0.00326062 -0.00313991 -0.00298613 -0.00239202 -0.00097953 0.00003914 0.00011470 -0.00000274 -0.00000952 -0.00000179 -0.00052057 -0.00578625 -0.00298900 -0.50787924 40.52489 
0.480 0.01813130 5 4123020.31 -1170975.24 -593559.00 -2283984.91 627871.64 7543667.82 555381161.75 0.00646881 -0.01718636 -0.01665005 -0.00341510 -0.00288629 -0.00387670 -0.00387381 -0.00386590 -0.00385474 -0.00383901 -0.00381664 -0.00378496 -0.00374072 -0.00368001 -0.00359848 -0.00349176 -0.00335600 -0.00318812 -0.00256380 -0.00108639 0.00001833 0.00012069 -0.00000299 -0.00000991 -0.00000154 -0.00056545 -0.00596364 -0.00309600 -0.53607572 43.22655 
0.510 0.02072983 4 7232967.16 -654598.93 -848164.02 558634.19 1543243.04 6633852.89 685442197.41 0.01139666 -0.01777402 -0.02072983 -0.01100981 -0.00341277 -0.00532990 -0.00563440 -0.00583787 -0.00600127 -0.00612312 -0.00620120 -0.00623259 -0.00621365 -0.00613995 -0.00600654 -0.00580865 -0.00554256 -0.00520633 -0.00401579 -0.00167415 -0.00015154 0.00010784 0.00000524 -0.00000959 -0.00000375 -0.00091265 -0.00827599 -0.00436441 -0.83209501 45.92821 
0.540 0.02349642 4 7083749.46 -595418.52 -583934.38 92029.98 1427188.52 6743883.86 670241490.49 0.01322685 -0.02070969 -0.02349642 -0.01239556 -0.00337626 -0.00505107 -0.00536979 -0.00558805 -0.00576806 -0.00590837 -0.00600680 -0.00606052 -0.00606591 -0.00601838 -0.00591256 -0.00574325 -0.00550690 -0.00520242 -0.00409436 -0.00180654 -0.00021559 0.00010305 0.00000658 -0.00000911 -0.00000369 -0.00090601 -0.00919527 -0.00479182 -0.91184543 48.62987 
