0.001 0.00010524 4 43735.77 984.77 4258.00 3812.08 3781.17 30899.75 3272506.38 0.00000599 -0.00002604 -0.00010524 -0.00002486 0.00000570 0.00004827 0.00005230 0.00004863 0.00004360 0.00003774 0.00003132 0.00002484 0.00001872 0.00001322 0.00000842 0.00000423 0.00000067 -0.00000229 -0.00000451 0.00000066 0.00001025 -0.00000002 -0.00001039 -0.00000147 0.00000187 0.00000332 -0.00002654 -0.00001068 -0.00200895 0.04671 
0.030 0.00108400 5 191575.01 -106293.51 -315910.13 -238710.64 -33430.84 885920.13 51584549.21 -0.00045877 -0.00101525 -0.00054167 -0.00021808 -0.00004024 0.00021516 0.00022550 0.00021829 0.00020173 0.00017856 0.00015123 0.00012243 0.00009388 0.00006749 0.00004461 0.00002587 0.00001139 0.00000081 -0.00000902 -0.00000409 0.00000658 -0.00000127 -0.00000976 -0.00000246 0.00000051 0.00001296 -0.00032001 -0.00014313 -0.01446844 1.40129 
0.060 0.00201124 5 561389.81 -165588.32 -536625.44 -424738.54 -35031.80 1723373.91 107055216.29 -0.00082011 -0.00194044 -0.00096273 -0.00042033 -0.00011532 0.00020829 0.00021427 0.00019974 0.00017272 0.00013714 0.00009823 0.00006236 0.00003445 0.00001544 0.00000244 -0.00000599 -0.00001093 -0.00001344 -0.00001164 -0.00000245 0.00000471 -0.00000212 -0.00000852 -0.00000301 -0.00000068 0.00000850 -0.00060653 -0.00027981 -0.02944911 2.80258 
0.090 0.00288674 5 1007097.34 -223888.35 -741899.01 -534093.41 -7248.73 2514226.84 165130216.36 -0.00115587 -0.00281339 -0.00137220 -0.00064517 -0.00020703 0.00019095 0.00019471 0.00017601 0.00014257 0.00009804 0.00004862 0.00000188 -0.00003384 -0.00005356 -0.00005817 -0.00005354 -0.00004533 -0.00003636 -0.00001698 0.00000014 0.00000358 -0.00000270 -0.00000710 -0.00000332 -0.00000166 0.00000313 -0.00089386 -0.00041735 -0.04530899 4.20386 
0.120 0.00380637 5 -5792140.93 -272320.87 -573878.49 -644203.44 -590465.59 -3711272.54 -414828351.80 0.00101536 0.00380637 0.00184167 0.00146163 0.00107221 0.00201052 0.00204597 0.00199888 0.00189177 0.00172989 0.00152265 0.00128233 0.00102597 0.00077328 0.00054205 0.00034606 0.00019364 0.00008218 -0.00003979 -0.00004444 0.00000250 0.00000139 -0.00001124 -0.00000360 -0.00000070 0.00012751 0.00157636 0.00080670 0.11442620 5.60515 
0.150 0.00468236 5 -8202958.68 -434987.77 -1072310.61 -1131102.62 -890711.84 -4673845.85 -560754015.47 0.00106338 0.00468236 0.00233063 0.00193042 0.00149446 0.00341333 0.00350934 0.00347435 0.00334728 0.00313428 0.00284594 0.00249629 0.00210445 0.00169477 0.00129328 0.00092371 0.00060631 0.00035412 0.00001967 -0.00008617 -0.00001294 0.00000178 -0.00001153 -0.00000370 -0.00000071 0.00024750 0.00203522 0.00108554 0.16103638 7.00644 
0.180 0.00535305 5 -10388136.34 -542597.04 -1606241.39 -1642166.81 -1162164.89 -5434966.21 -689501754.87 0.00107722 0.00535305 0.00271281 0.00233032 0.00187962 0.00486725 0.00503053 0.00501615 0.00488040 0.00462959 0.00427496 0.00383206 0.00332190 0.00277110 0.00221029 0.00167115 0.00118316 0.00076858 0.00015336 -0.00012420 -0.00003590 0.00000027 -0.00001133 -0.00000359 -0.00000074 0.00038430 0.00242213 0.00133958 0.20491152 8.40773 
0.210 0.00650513 5 9588597.15 183381.27 1024621.16 1213171.33 984316.93 6183106.47 700197456.71 -0.00178606 -0.00642697 -0.00333760 -0.00250539 -0.00182388 -0.00417064 -0.00433060 -0.00435958 -0.00429949 -0.00415120 -0.00391750 -0.00360520 -0.00322262 -0.00278400 -0.00231090 -0.00183059 -0.00137172 -0.00095885 -0.00027517 0.00010625 0.00004562 -0.00000077 0.00000354 -0.00000266 -0.00000511 -0.00036591 -0.00274551 -0.00148141 -0.21578359 9.80902 
0.240 0.00778686 5 10343880.04 210164.06 765355.72 1074166.82 1034408.01 7259785.42 781463036.94 -0.00222292 -0.00769556 -0.00395034 -0.00282740 -0.00196928 -0.00460993 -0.00480152 -0.00485535 -0.00482000 -0.00469549 -0.00448266 -0.00418457 -0.00380597 -0.00335710 -0.00285671 -0.00233174 -0.00181324 -0.00133100 -0.00046427 0.00010030 0.00006396 0.00000459 0.00000510 -0.00000242 -0.00000518 -0.00043281 -0.00317082 -0.00171632 -0.24632744 11.21030 
0.270 0.00928530 5 10064221.68 387017.30 158086.95 496099.61 949425.07 8073592.76 796723200.88 -0.00209735 -0.00894107 -0.00538498 -0.00297509 -0.00186393 -0.00463378 -0.00484846 -0.00493262 -0.00493835 -0.00486462 -0.00471043 -0.00447496 -0.00415877 -0.00376475 -0.00330266 -0.00279262 -0.00226268 -0.00174471 -0.00071706 0.00007394 0.00008732 0.00001267 0.00000544 -0.00000223 -0.00000470 -0.00047611 -0.00356321 -0.00192327 -0.27804315 12.61159 
0.300 0.01031996 5 9970237.55 527547.61 671.70 137368.93 954568.63 8350080.68 797413434.17 -0.00150210 -0.00984213 -0.00708398 -0.00300455 -0.00177588 -0.00508498 -0.00534957 -0.00547648 -0.00552815 -0.00550317 -0.00539968 -0.00521549 -0.00494864 -0.00459810 -0.00416618 -0.00366286 -0.00310750 -0.00253018 -0.00123706 -0.00001530 0.00012895 0.00002996 0.00000450 -0.00000286 -0.00000394 -0.00058199 -0.00390612 -0.00214026 -0.31988907 14.01288 
0.330 0.01079402 5 8594158.25 265073.19 -228149.51 -592424.24 989972.90 8159685.91 737482395.88 -0.00026947 -0.01023182 -0.00879372 -0.00326384 -0.00155336 -0.00453392 -0.00479551 -0.00494268 -0.00503419 -0.00506850 -0.00504344 -0.00495630 -0.00480408 -0.00458379 -0.00429309 -0.00393097 -0.00349929 -0.00300973 -0.00172308 -0.00020204 0.00015297 0.00005291 0.00000241 -0.00000422 -0.00000296 -0.00059161 -0.00412051 -0.00224587 -0.35134522 15.41417 
0.360 0.01198913 5 7821998.55 91486.06 -513240.16 -858031.78 911051.55 8190732.89 711417168.10 0.00043416 -0.01134302 -0.01043447 -0.00328193 -0.00126724 -0.00403766 -0.00427368 -0.00441269 -0.00450718 -0.00455559 -0.00455578 -0.00450508 -0.00439998 -0.00423735 -0.00401444 -0.00372863 -0.00337809 -0.00296722 -0.00179947 -0.00027653 0.00014813 0.00005906 0.00000175 -0.00000452 -0.00000245 -0.00055447 -0.00437249 -0.00234427 -0.36947294 16.81546 
0.390 0.01340770 5 7478987.76 -132570.82 -594865.35 -763162.55 810155.63 8159430.85 703609806.80 0.00111560 -0.01267033 -0.01191807 -0.00334943 -0.00116114 -0.00369952 -0.00390762 -0.00403081 -0.00411521 -0.00415930 -0.00416102 -0.00411838 -0.00402992 -0.00388942 -0.00369446 -0.00344311 -0.00313382 -0.00277067 -0.00169046 -0.00025881 0.00013878 0.00005510 0.00000205 -0.00000408 -0.00000225 -0.00051042 -0.00468641 -0.00246802 -0.39052130 18.21674 
0.420 0.01775359 5 6848939.22 -609529.02 -495069.84 -662868.50 1279107.13 7337299.46 673737669.18 0.00567763 -0.01681762 -0.01767670 -0.00580811 -0.00156780 -0.00339370 -0.00356202 -0.00366163 -0.00372696 -0.00375660 -0.00374867 -0.00370162 -0.00361533 -0.00349087 -0.00332737 -0.00311815 -0.00285234 -0.00252356 -0.00152224 -0.00021419 0.00012857 0.00004859 0.00000278 -0.00000343 -0.00000223 -0.00046037 -0.00638973 -0.00323992 -0.55868471 19.61803 
0.450 0.02117798 4 5794523.27 -590530.36 -795108.93 -767570.53 1360190.52 6587542.57 600068305.70 0.01143211 -0.01753512 -0.02117798 -0.01161789 -0.00293511 -0.00289019 -0.00303413 -0.00312468 -0.00318805 -0.00322285 -0.00322728 -0.00320026 -0.00314314 -0.00305949 -0.00294970 -0.00280506 -0.00261043 -0.00235279 -0.00147122 -0.00021614 0.00013655 0.00005063 0.00000171 -0.00000355 -0.00000179 -0.00040790 -0.00829160 -0.00410359 -0.78571601 21.01932 
0.480 0.03032086 4 6202300.69 198567.07 -38550.12 -1812957.70 48309.20 7806932.22 580936001.58 0.01758150 -0.02829111 -0.03032086 -0.01960826 -0.00283586 -0.00140375 -0.00165575 -0.00183252 -0.00198451 -0.00211021 -0.00220777 -0.00227643 -0.00231460 -0.00231934 -0.00229261 -0.00222943 -0.00211768 -0.00194557 -0.00125694 -0.00017491 0.00013129 0.00004504 0.00000162 -0.00000471 -0.00000337 -0.00029525 -0.01223164 -0.00589075 -1.11586625 22.42061 
