0.001 0.00011292 4 16038.18 -8441.17 -16954.79 -6839.80 3634.42 44639.53 3216543.58 0.00000427 -0.00004082 -0.00011292 -0.00002677 0.00000943 0.00006160 0.00006552 0.00006102 0.00005473 0.00004734 0.00003923 0.00003103 0.00002330 0.00001640 0.00001043 0.00000534 0.00000113 -0.00000226 -0.00000483 0.00000049 0.00001030 0.00000005 -0.00001036 -0.00000144 0.00000189 0.00000400 -0.00002866 -0.00001131 -0.00199418 0.11669 
0.030 0.00182135 5 -359458.49 203234.02 402200.48 435951.58 129593.59 -1530438.16 -87115589.97 0.00098592 0.00182135 0.00067154 0.00030582 0.00011631 -0.00018432 -0.00018374 -0.00017345 -0.00015101 -0.00011994 -0.00008553 -0.00005396 -0.00002884 -0.00001053 0.00000147 0.00000797 0.00001027 0.00000964 0.00000502 0.00000301 0.00000999 -0.00000093 -0.00001161 -0.00000207 0.00000157 -0.00000653 0.00052972 0.00024485 0.02164135 3.50066 
0.060 0.00356064 5 -771743.79 523431.03 723496.97 774686.70 224886.03 -3018244.53 -180430341.41 0.00184477 0.00356064 0.00141374 0.00065315 0.00025470 -0.00037749 -0.00038052 -0.00035770 -0.00030891 -0.00023986 -0.00015901 -0.00007736 -0.00000639 0.00004421 0.00007155 0.00007986 0.00007550 0.00006389 0.00003093 0.00000314 0.00000726 -0.00000194 -0.00001230 -0.00000266 0.00000099 -0.00000971 0.00106788 0.00049544 0.04658748 7.00132 
0.090 0.00530316 5 -1157443.13 877718.65 1101869.69 1051685.93 289668.78 -4478386.17 -274983140.65 0.00265843 0.00530316 0.00216799 0.00104094 0.00040691 -0.00066765 -0.00068534 -0.00065939 -0.00059329 -0.00049295 -0.00036836 -0.00023264 -0.00010141 0.00000964 0.00008820 0.00013047 0.00014158 0.00013200 0.00007656 0.00001118 0.00000420 -0.00000355 -0.00001261 -0.00000302 0.00000040 -0.00002175 0.00161558 0.00074579 0.07197431 10.50199 
0.120 0.00701316 5 -1443661.70 1361048.30 1645216.32 1166900.38 243121.70 -5859948.41 -373958401.40 0.00343878 0.00701316 0.00296803 0.00154684 0.00059351 -0.00123589 -0.00129309 -0.00128018 -0.00120899 -0.00108462 -0.00091664 -0.00071729 -0.00050353 -0.00029568 -0.00011388 0.00002539 0.00011257 0.00015262 0.00013116 0.00003821 0.00000463 -0.00000601 -0.00001277 -0.00000313 -0.00000006 -0.00006228 0.00220010 0.00099827 0.09839091 14.00265 
0.150 0.00865375 5 -1795231.07 1979813.48 1937669.31 1223027.72 191969.76 -7127711.35 -474054456.61 0.00416820 0.00865375 0.00374922 0.00208138 0.00085201 -0.00186880 -0.00198382 -0.00200078 -0.00194200 -0.00181182 -0.00161881 -0.00137348 -0.00109152 -0.00079444 -0.00050682 -0.00025331 -0.00005507 0.00007647 0.00016140 0.00007856 0.00001089 -0.00000836 -0.00001295 -0.00000313 -0.00000037 -0.00011991 0.00279702 0.00124748 0.12526957 17.50331 
0.180 0.01024401 5 -2295274.55 2527911.11 2134612.65 1227753.42 95652.10 -8281203.82 -573291539.47 0.00482107 0.01024401 0.00451671 0.00263292 0.00114531 -0.00243550 -0.00261249 -0.00266835 -0.00263515 -0.00251618 -0.00231879 -0.00205157 -0.00172826 -0.00136918 -0.00100003 -0.00064899 -0.00034291 -0.00010392 0.00014846 0.00012269 0.00002230 -0.00000994 -0.00001319 -0.00000312 -0.00000055 -0.00018282 0.00339361 0.00149373 0.15281611 21.00397 
0.210 0.01181337 5 -2967680.93 2955974.16 2230397.73 1173965.94 14413.87 -9342432.62 -669892668.29 0.00538147 0.01181337 0.00523921 0.00316496 0.00145979 -0.00284708 -0.00308217 -0.00318171 -0.00318519 -0.00309456 -0.00291530 -0.00265305 -0.00231846 -0.00192934 -0.00150997 -0.00108959 -0.00069778 -0.00036203 0.00009087 0.00016766 0.00003631 -0.00001103 -0.00001339 -0.00000310 -0.00000067 -0.00024133 0.00397251 0.00173402 0.18040873 24.50464 
0.240 0.01336210 5 -3726515.49 3265771.90 2262842.50 989676.96 55429.12 -10300235.97 -757859176.18 0.00584410 0.01336210 0.00591112 0.00365347 0.00177617 -0.00309692 -0.00338308 -0.00352678 -0.00357273 -0.00352195 -0.00337738 -0.00314270 -0.00282462 -0.00243716 -0.00200189 -0.00154612 -0.00109836 -0.00068883 -0.00003414 0.00020065 0.00005240 -0.00001099 -0.00001357 -0.00000316 -0.00000077 -0.00029387 0.00452004 0.00196278 0.20702857 28.00530 
0.270 0.01586182 5 5994425.58 -570323.33 -1131906.94 -883626.34 614331.40 7965950.78 649249292.70 0.00220597 -0.01501681 -0.01411983 -0.00309724 -0.00117637 -0.00198691 -0.00202257 -0.00203304 -0.00202896 -0.00200889 -0.00197070 -0.00191165 -0.00182863 -0.00171838 -0.00157800 -0.00140537 -0.00119956 -0.00096481 -0.00037122 0.00014086 0.00007778 0.00000339 0.00000551 -0.00000046 -0.00000306 -0.00020721 -0.00512292 -0.00251158 -0.39224307 31.50596 
0.300 0.02170870 5 5008028.28 -833411.85 -1634181.05 -1142265.72 713901.43 7903985.46 621450799.90 0.00428337 -0.02071367 -0.01867659 -0.00330695 -0.00079822 -0.00106013 -0.00104029 -0.00102538 -0.00101373 -0.00100392 -0.00099378 -0.00098050 -0.00096072 -0.00093061 -0.00088621 -0.00082348 -0.00073828 -0.00062779 -0.00026108 0.00014513 0.00008278 0.00000259 0.00000463 -0.00000107 -0.00000348 -0.00010896 -0.00621759 -0.00297254 -0.45961766 35.00662 
0.330 0.02373976 5 4657572.18 -863782.82 -1753665.45 -1307880.36 664766.10 7918134.70 606681129.72 0.00478760 -0.02265331 -0.02016317 -0.00339620 -0.00039868 -0.00054855 -0.00052858 -0.00052043 -0.00052213 -0.00053225 -0.00054856 -0.00056818 -0.00058768 -0.00060329 -0.00061115 -0.00060695 -0.00058526 -0.00054030 -0.00029613 0.00011201 0.00010139 0.00001017 0.00000382 -0.00000180 -0.00000355 -0.00006921 -0.00651622 -0.00309141 -0.47296004 38.50729 
0.360 0.02447501 5 4748960.97 -757599.15 -1656202.78 -1411749.71 579413.93 7995098.68 604917544.72 0.00461803 -0.02333563 -0.02061221 -0.00353259 0.00015361 -0.00022573 -0.00025118 -0.00027896 -0.00031582 -0.00036030 -0.00041014 -0.00046246 -0.00051398 -0.00056172 -0.00060366 -0.00063708 -0.00065558 -0.00064915 -0.00045705 0.00001858 0.00010167 0.00001485 0.00000371 -0.00000219 -0.00000365 -0.00006869 -0.00654024 -0.00310240 -0.46768197 42.00795 
0.390 0.02082240 5 5503380.89 -909509.09 -1058955.19 -844148.67 662818.95 7653174.89 629468068.31 0.00455090 -0.01972611 -0.01820639 -0.00357059 -0.00089019 -0.00199182 -0.00204532 -0.00208004 -0.00210938 -0.00213190 -0.00214532 -0.00214675 -0.00213305 -0.00210222 -0.00205461 -0.00199014 -0.00190267 -0.00177924 -0.00122652 -0.00018875 0.00012947 0.00003724 0.00000248 -0.00000416 -0.00000375 -0.00028855 -0.00611095 -0.00301795 -0.47955627 45.50861 
0.420 0.01868631 5 5624133.31 -788071.85 -927755.83 -708763.64 515488.10 7533236.53 619966713.65 0.00436207 -0.01763578 -0.01676254 -0.00385791 -0.00109428 -0.00237760 -0.00245972 -0.00251317 -0.00255678 -0.00258910 -0.00260793 -0.00261048 -0.00259386 -0.00255699 -0.00250212 -0.00243105 -0.00233716 -0.00220498 -0.00159226 -0.00038377 0.00008481 0.00003976 0.00000332 -0.00000448 -0.00000404 -0.00036384 -0.00579473 -0.00290971 -0.47286229 49.00927 
0.450 0.01744798 5 -1499195.76 2723061.09 3147492.23 1923914.65 56711.09 -9350374.81 -600106426.07 -0.00082366 0.01744798 0.01200847 0.00246261 0.00404342 -0.00187038 -0.00252361 -0.00297932 -0.00333899 -0.00360290 -0.00377254 -0.00385040 -0.00384043 -0.00374866 -0.00358300 -0.00335128 -0.00305878 -0.00270856 -0.00164119 -0.00028510 0.00000540 -0.00001039 -0.00001019 -0.00000369 -0.00000214 -0.00046686 0.00576608 0.00245499 0.34578831 52.50994 
0.480 0.01722050 5 -1006797.32 2585471.31 3414508.71 2111242.13 -109381.74 -9008637.72 -564603874.57 -0.00171402 0.01722050 0.01233042 0.00221746 0.00444037 -0.00167768 -0.00237987 -0.00287289 -0.00326896 -0.00356829 -0.00377230 -0.00388341 -0.00390549 -0.00384450 -0.00370819 -0.00350406 -0.00323702 -0.00290982 -0.00186861 -0.00043897 -0.00002978 -0.00000407 -0.00000960 -0.00000422 -0.00000227 -0.00048762 0.00577271 0.00244707 0.35639163 56.01060 
0.510 0.01662850 5 -218060.47 2617095.36 3807351.02 2371301.76 -530737.75 -8483070.86 -523489912.62 -0.00249344 0.01662850 0.01279362 0.00231379 0.00463494 -0.00220032 -0.00297711 -0.00351941 -0.00395634 -0.00428808 -0.00451599 -0.00464247 -0.00467135 -0.00460847 -0.00446125 -0.00423698 -0.00394076 -0.00357565 -0.00240294 -0.00068105 -0.00004418 0.00001929 -0.00001005 -0.00000637 -0.00000258 -0.00060047 0.00579471 0.00239744 0.36045173 59.51126 
0.540 0.01622579 5 1176911.42 2993726.61 3999975.53 3055407.65 -928649.22 -7943549.14 -462684828.11 -0.00300562 0.01622579 0.01352745 0.00272661 0.00426582 -0.00385948 -0.00472233 -0.00531102 -0.00577745 -0.00612174 -0.00634518 -0.00645012 -0.00644030 -0.00632136 -0.00610108 -0.00578737 -0.00538382 -0.00489290 -0.00336395 -0.00105263 -0.00005437 0.00005386 -0.00000991 -0.00000955 -0.00000335 -0.00084824 0.00579744 0.00226710 0.34431617 63.01192 
0.570 0.01543820 5 2223622.09 3670318.20 3806416.30 3360569.46 -1064073.79 -7549608.07 -427060646.87 -0.00337187 0.01543820 0.01378488 0.00368380 0.00399735 -0.00546948 -0.00640561 -0.00703447 -0.00752482 -0.00787664 -0.00809114 -0.00817055 -0.00811863 -0.00794211 -0.00765137 -0.00725232 -0.00674332 -0.00612838 -0.00426283 -0.00138801 -0.00004553 0.00009136 -0.00001041 -0.00001301 -0.00000403 -0.00108187 0.00585112 0.00216815 0.33557502 66.51259 
0.600 0.01410365 5 2992823.91 3938212.46 3749246.27 3375023.95 -990567.73 -7079091.05 -381719270.48 -0.00393602 0.01410365 0.01355854 0.00451212 0.00412442 -0.00619583 -0.00721081 -0.00789307 -0.00842726 -0.00881328 -0.00905228 -0.00914624 -0.00909882 -0.00891721 -0.00861316 -0.00819244 -0.00765079 -0.00699019 -0.00496218 -0.00171552 -0.00006894 0.00012199 -0.00001021 -0.00001578 -0.00000452 -0.00122908 0.00584412 0.00208667 0.33701733 70.01325 
0.630 0.01346388 4 -10803280.18 -6280174.94 -7994087.59 -3457546.89 1740302.91 5188226.34 133029481.08 0.00179817 -0.01136424 -0.01346388 -0.00549120 0.00100321 0.01383889 0.01462218 0.01490839 0.01490877 0.01463377 0.01410065 0.01333305 0.01236130 0.01122210 0.00995703 0.00861189 0.00723451 0.00587349 0.00288464 -0.00013549 -0.00054034 -0.00011836 0.00001654 0.00001115 -0.00000132 0.00145867 -0.00430261 -0.00124208 -0.16714432 73.51391 
0.660 0.01446193 3 -5756095.45 2254290.32 377388.18 -3123826.02 -1776863.46 -3487084.46 -577683453.14 -0.01350760 -0.00283974 0.00585319 0.01446193 0.00895461 0.00727034 0.00731118 0.00728571 0.00721611 0.00710210 0.00694264 0.00673600 0.00648155 0.00617038 0.00578989 0.00533847 0.00482910 0.00427558 0.00271017 0.00032901 -0.00050551 -0.00018638 0.00001525 0.00001748 0.00000098 0.00082540 0.00577498 0.00314565 0.78876483 77.01457 
0.690 0.01568508 3 -5141262.61 2244008.92 845025.84 -3348572.62 -1876881.35 -3004843.41 -540683790.88 -0.01444393 -0.00478243 0.00505239 0.01568508 0.00934547 0.00686558 0.00687696 0.00683462 0.00675516 0.00663835 0.00648310 0.00628778 0.00605201 0.00576794 0.00542269 0.00501304 0.00455597 0.00406742 0.00264854 0.00037504 -0.00048246 -0.00018564 0.00001572 0.00001733 0.00000067 0.00077984 0.00573553 0.00310295 0.80651001 80.51524 
0.720 0.01614756 3 -4688534.78 2298104.61 1004483.28 -3525350.14 -1948441.89 -2517330.64 -508042424.45 -0.01496725 -0.00680067 0.00367190 0.01614756 0.00994212 0.00694401 0.00691409 0.00684139 0.00673537 0.00659588 0.00642210 0.00621284 0.00596720 0.00567834 0.00533468 0.00493537 0.00449146 0.00401596 0.00264927 0.00040558 -0.00049047 -0.00019383 0.00001738 0.00001821 0.00000052 0.00077456 0.00551219 0.00299545 0.80779619 84.01590 
0.750 0.01529353 3 -4009456.30 2336105.19 1415023.12 -3814154.22 -2034850.58 -1911579.81 -464463835.63 -0.01486695 -0.00856525 0.00166254 0.01529353 0.01078274 0.00751838 0.00738768 0.00723819 0.00706225 0.00685986 0.00663039 0.00637327 0.00608643 0.00576233 0.00538772 0.00496013 0.00449798 0.00401450 0.00266507 0.00041698 -0.00054195 -0.00022406 0.00002103 0.00002133 0.00000057 0.00079319 0.00502801 0.00277837 0.77901253 87.51656 
0.780 0.01537547 3 -3740024.27 2400015.70 1378613.84 -4024510.09 -2079725.83 -1414417.90 -436868776.13 -0.01507209 -0.01054289 0.00009398 0.01537547 0.01137986 0.00786364 0.00769860 0.00752005 0.00731515 0.00708403 0.00682623 0.00654151 0.00622785 0.00587815 0.00547907 0.00502843 0.00454139 0.00403575 0.00266052 0.00040633 -0.00052745 -0.00020908 0.00002135 0.00002001 0.00000025 0.00081226 0.00472220 0.00264515 0.77122968 91.01722 
0.810 0.01684457 3 -3500544.63 2378311.69 1666449.27 -4184803.93 -2143040.44 -1217461.21 -424028665.28 -0.01559982 -0.01122442 0.00035053 0.01684457 0.01111623 0.00702283 0.00686023 0.00668952 0.00649867 0.00628781 0.00605650 0.00580429 0.00552893 0.00522253 0.00487003 0.00446802 0.00403327 0.00358724 0.00239517 0.00036483 -0.00052215 -0.00020660 0.00002265 0.00002005 0.00000013 0.00072038 0.00490472 0.00268190 0.78976278 94.51789 
0.840 0.01673004 3 -3298059.77 2308598.80 1788405.35 -4217421.65 -2163644.92 -1013997.35 -406020335.44 -0.01554401 -0.01279704 -0.00088973 0.01673004 0.01167580 0.00733600 0.00713353 0.00693132 0.00671098 0.00647276 0.00621634 0.00594134 0.00564583 0.00532255 0.00495603 0.00454164 0.00409594 0.00364178 0.00245229 0.00041183 -0.00054234 -0.00022846 0.00002543 0.00002238 0.00000019 0.00073954 0.00467466 0.00258423 0.78289913 98.01855 
0.870 0.01776435 3 -3286135.83 2387651.39 1559814.65 -4168659.38 -2140255.91 -924686.57 -400967229.97 -0.01613183 -0.01433102 -0.00167147 0.01776435 0.01229068 0.00744587 0.00723797 0.00702988 0.00680206 0.00655503 0.00628864 0.00600245 0.00569466 0.00535770 0.00497518 0.00454200 0.00407642 0.00360479 0.00240069 0.00036687 -0.00057342 -0.00023221 0.00002778 0.00002316 0.00000020 0.00073996 0.00475425 0.00262176 0.80929099 101.51921 
0.900 0.01842093 3 -3061179.16 2442349.42 1639200.68 -4322805.05 -2187525.38 -632398.83 -384713787.82 -0.01646450 -0.01551126 -0.00237819 0.01842093 0.01261073 0.00737741 0.00714525 0.00691929 0.00667612 0.00641658 0.00614067 0.00584790 0.00553662 0.00519895 0.00481693 0.00438436 0.00392103 0.00345771 0.00232278 0.00038545 -0.00058538 -0.00024552 0.00003044 0.00002485 0.00000025 0.00072025 0.00472314 0.00259672 0.81771989 105.01987 
0.930 0.01928031 2 4316737.22 -11647983.66 8865432.19 -1708965.05 823441.01 7984812.72 911341199.52 0.01013257 -0.00796037 -0.00599391 0.00253006 -0.01924877 -0.01667711 -0.01564700 -0.01479192 -0.01397245 -0.01318922 -0.01244197 -0.01172973 -0.01105059 -0.01040103 -0.00977483 -0.00916211 -0.00855000 -0.00792849 -0.00626436 -0.00335114 -0.00068034 0.00023899 0.00001366 -0.00002055 -0.00000590 -0.00173738 -0.00653491 -0.00398635 -0.82006660 108.52054 
0.960 0.02021315 2 3733898.05 -11971029.81 9061504.36 -1926469.67 745610.68 7824282.49 885918278.50 0.01104925 -0.00752527 -0.00573108 0.00293466 -0.02018270 -0.01742869 -0.01633253 -0.01542546 -0.01455703 -0.01372798 -0.01293816 -0.01218672 -0.01147182 -0.01078991 -0.01013440 -0.00949428 -0.00885481 -0.00820360 -0.00643268 -0.00339670 -0.00073961 0.00022223 0.00001685 -0.00001829 -0.00000537 -0.00180157 -0.00654312 -0.00402430 -0.84097084 112.02120 
0.990 0.02111772 2 3219826.58 -12263980.86 9264075.74 -2137167.60 685183.36 7671715.94 863038793.47 0.01189552 -0.00703259 -0.00539183 0.00337952 -0.02108748 -0.01830782 -0.01716095 -0.01621266 -0.01530459 -0.01443760 -0.01361166 -0.01282602 -0.01207896 -0.01136687 -0.01068280 -0.01001470 -0.00934552 -0.00866019 -0.00674647 -0.00348527 -0.00079519 0.00020939 0.00002029 -0.00001625 -0.00000487 -0.00189326 -0.00652259 -0.00406338 -0.86177645 115.52186 
1.020 0.02215366 3 -1687349.52 3000338.78 1965977.09 -5020826.98 -2289811.54 656973.14 -306549356.97 -0.01840073 -0.01857013 -0.00364608 0.02215366 0.01316235 0.00559969 0.00523786 0.00492300 0.00460713 0.00429582 0.00398997 0.00368924 0.00339121 0.00308252 0.00273751 0.00234518 0.00193795 0.00157334 0.00104109 0.00024623 -0.00057022 -0.00026527 0.00004135 0.00002908 0.00000016 0.00042600 0.00499751 0.00256902 0.85868992 119.02252 
1.050 0.02356941 3 -1049348.47 3322557.49 2093339.04 -5144622.48 -2327794.08 1007171.56 -281096690.14 -0.01899353 -0.01901923 -0.00350048 0.02356941 0.01305576 0.00443900 0.00401860 0.00366536 0.00331957 0.00298920 0.00267562 0.00237852 0.00209469 0.00180764 0.00148875 0.00112533 0.00075549 0.00044460 0.00019042 0.00002690 -0.00057345 -0.00026915 0.00004485 0.00003006 -0.00000011 0.00023818 0.00520087 0.00256457 0.86821052 122.52319 
1.080 0.02503059 3 -400515.21 3644506.35 2227675.87 -5229546.52 -2369130.86 1325979.95 -256327518.45 -0.01948360 -0.01911083 -0.00302504 0.02503059 0.01271622 0.00287293 0.00238496 0.00198647 0.00160424 0.00124889 0.00092243 0.00062460 0.00035155 0.00008496 -0.00020529 -0.00053059 -0.00084954 -0.00109266 -0.00104256 -0.00044909 -0.00063054 -0.00025505 0.00005502 0.00003082 -0.00000086 -0.00002596 0.00544540 0.00253888 0.86988164 126.02385 
1.110 0.02658919 3 237487.57 3849728.11 2421439.37 -5363819.97 -2406155.66 1736295.71 -224322779.96 -0.02012514 -0.01949716 -0.00282733 0.02658919 0.01254912 0.00148823 0.00093222 0.00048618 0.00006296 -0.00032410 -0.00067216 -0.00098147 -0.00125675 -0.00151878 -0.00179967 -0.00210960 -0.00240248 -0.00260127 -0.00231565 -0.00103274 -0.00074783 -0.00024795 0.00006163 0.00003115 -0.00000145 -0.00028386 0.00566996 0.00250715 0.87484465 129.52451 
1.140 0.02849114 3 968496.70 3925584.12 2786455.89 -5575527.26 -2415998.60 2247982.55 -180654712.56 -0.02085755 -0.01986950 -0.00267109 0.02845270 0.01231022 -0.00019506 -0.00081816 -0.00130955 -0.00177094 -0.00218651 -0.00255273 -0.00286984 -0.00314378 -0.00339874 -0.00366987 -0.00396579 -0.00423749 -0.00439668 -0.00388221 -0.00185877 -0.00098714 -0.00026582 0.00007049 0.00003374 -0.00000190 -0.00060132 0.00592109 0.00245623 0.87777750 133.02517 
1.170 0.03014425 3 1405607.52 4196054.41 2765119.44 -5634850.87 -2325452.41 2404736.94 -163971765.12 -0.02130556 -0.01971539 -0.00217365 0.03006954 0.01214838 -0.00168965 -0.00239207 -0.00293995 -0.00345157 -0.00390842 -0.00430605 -0.00464472 -0.00493175 -0.00519449 -0.00546936 -0.00576135 -0.00601700 -0.00615098 -0.00545455 -0.00277142 -0.00132291 -0.00030621 0.00008675 0.00003958 -0.00000239 -0.00091405 0.00629294 0.00246442 0.88526880 136.52584 
1.200 0.03176080 3 1962215.45 4357463.76 2921235.62 -5818607.60 -2279751.59 2781875.25 -132759336.25 -0.02163482 -0.01979421 -0.00191896 0.03164264 0.01184657 -0.00321452 -0.00399537 -0.00459914 -0.00516073 -0.00565864 -0.00608736 -0.00644711 -0.00674742 -0.00701975 -0.00730229 -0.00759269 -0.00783052 -0.00793951 -0.00708530 -0.00381116 -0.00175080 -0.00036710 0.00009985 0.00004621 -0.00000253 -0.00124201 0.00655307 0.00241214 0.88215162 140.02650 
