0.001 0.00012034 5 5132.45 -5163.61 -26836.35 -15758.51 -14.11 52905.04 2899479.85 -0.00000660 -0.00005281 -0.00011655 -0.00002531 0.00001254 0.00006746 0.00007116 0.00006621 0.00005932 0.00005122 0.00004235 0.00003341 0.00002499 0.00001750 0.00001106 0.00000562 0.00000117 -0.00000238 -0.00000504 0.00000035 0.00001021 -0.00000002 -0.00001040 -0.00000148 0.00000186 0.00000425 -0.00003037 -0.00001198 -0.00190256 0.12631 
0.030 0.00196649 5 444155.64 57463.34 1039819.42 919072.03 134120.15 -1706319.32 -57079126.13 0.00079130 0.00196649 0.00077886 0.00023437 -0.00007581 -0.00059816 -0.00060122 -0.00058075 -0.00053729 -0.00047428 -0.00039722 -0.00031373 -0.00023241 -0.00016039 -0.00010108 -0.00005564 -0.00002346 -0.00000279 0.00001462 0.00001221 0.00001094 -0.00000141 -0.00001131 -0.00000192 0.00000159 -0.00003203 0.00045381 0.00019572 0.01315521 3.78919 
0.060 0.00379014 5 475770.83 200559.90 1693227.25 1626675.47 252273.05 -3296964.84 -128234105.85 0.00153636 0.00379014 0.00157335 0.00050242 -0.00006426 -0.00105918 -0.00107523 -0.00104519 -0.00097443 -0.00086732 -0.00073204 -0.00058016 -0.00042555 -0.00028251 -0.00016335 -0.00007439 -0.00001431 0.00002183 0.00004326 0.00002240 0.00001036 -0.00000276 -0.00001193 -0.00000231 0.00000121 -0.00005711 0.00093118 0.00040618 0.03092000 7.57838 
0.090 0.00554837 5 211435.01 398364.58 2329209.53 1962582.48 279932.41 -4758653.99 -214798253.92 0.00233392 0.00554837 0.00236103 0.00090932 0.00004066 -0.00157708 -0.00162712 -0.00160957 -0.00153681 -0.00141149 -0.00123994 -0.00103147 -0.00080057 -0.00056640 -0.00034943 -0.00016802 -0.00003585 0.00004657 0.00009762 0.00004796 0.00001046 -0.00000527 -0.00001236 -0.00000261 0.00000070 -0.00009407 0.00147038 0.00063931 0.05300425 11.36757 
0.120 0.00715971 5 -213396.07 919430.14 2741988.99 1939327.74 226965.06 -6041108.00 -316943999.79 0.00312231 0.00715971 0.00311828 0.00144110 0.00027260 -0.00215606 -0.00225989 -0.00227095 -0.00221215 -0.00208526 -0.00189510 -0.00164858 -0.00135783 -0.00104164 -0.00072387 -0.00043047 -0.00018614 -0.00000777 0.00015242 0.00009774 0.00001612 -0.00000868 -0.00001265 -0.00000269 0.00000022 -0.00014613 0.00205897 0.00088757 0.07926684 15.15675 
0.150 0.00863569 5 -746658.36 1819825.23 2745250.31 1702266.81 144249.90 -7158250.61 -430201731.55 0.00383716 0.00863569 0.00383913 0.00204826 0.00064237 -0.00276387 -0.00294060 -0.00299534 -0.00296388 -0.00284773 -0.00265146 -0.00238057 -0.00204578 -0.00166494 -0.00126224 -0.00086619 -0.00050476 -0.00020338 0.00016708 0.00016858 0.00002771 -0.00001274 -0.00001277 -0.00000257 -0.00000017 -0.00021250 0.00268079 0.00114381 0.10895625 18.94594 
0.180 0.00997457 5 -1832270.09 2539222.83 2328773.26 1359848.16 63343.46 -8123457.80 -549009806.53 0.00446218 0.00997457 0.00448822 0.00263608 0.00110764 -0.00296643 -0.00320766 -0.00331622 -0.00333552 -0.00326663 -0.00311214 -0.00287554 -0.00256292 -0.00218705 -0.00176834 -0.00133291 -0.00090742 -0.00051913 0.00009274 0.00024887 0.00004678 -0.00001715 -0.00001286 -0.00000233 -0.00000043 -0.00026089 0.00329800 0.00140744 0.14214845 22.73513 
0.210 0.01117684 5 -3323418.16 2897851.65 1686198.24 1090448.61 173.61 -8998090.26 -662450146.30 0.00490485 0.01117684 0.00502691 0.00308989 0.00161043 -0.00252009 -0.00279245 -0.00294328 -0.00301505 -0.00300846 -0.00292542 -0.00276873 -0.00254240 -0.00225235 -0.00190921 -0.00153079 -0.00113600 -0.00074868 -0.00001747 0.00030147 0.00005937 -0.00002467 -0.00001280 -0.00000174 -0.00000052 -0.00025498 0.00384937 0.00166904 0.17815297 26.52432 
0.240 0.01214727 5 -4946483.77 2833349.83 785287.70 1201045.52 -75123.72 -9691043.11 -749684447.64 0.00480005 0.01214727 0.00556859 0.00315056 0.00225608 -0.00110226 -0.00135195 -0.00151125 -0.00161430 -0.00166169 -0.00165512 -0.00159715 -0.00149137 -0.00134257 -0.00115679 -0.00094082 -0.00070121 -0.00044710 0.00010443 0.00033259 0.00002845 -0.00004488 -0.00001142 0.00000014 -0.00000041 -0.00013343 0.00428137 0.00193613 0.22355138 30.31351 
0.270 0.01325512 4 -7822097.62 447161.25 -513585.37 606349.34 -1595989.18 -6766033.67 -681412396.08 -0.00475049 0.01209355 0.01311246 0.00301339 0.00182733 0.00695556 0.00732245 0.00753381 0.00767332 0.00773986 0.00773182 0.00764711 0.00748287 0.00723457 0.00689561 0.00646000 0.00592815 0.00531262 0.00355187 0.00098541 -0.00011299 -0.00012284 -0.00000002 0.00000884 -0.00000006 0.00099247 0.00462126 0.00269356 0.47995052 34.10270 
0.300 0.01360609 4 -7938033.53 444183.76 -123468.52 15938.40 -1364527.91 -6910159.27 -696458252.87 -0.00432199 0.01318402 0.01343716 0.00275510 0.00122263 0.00635414 0.00674611 0.00698420 0.00715132 0.00724674 0.00726932 0.00721754 0.00708909 0.00687989 0.00658334 0.00619295 0.00570778 0.00513774 0.00347293 0.00099722 -0.00008302 -0.00011687 -0.00000181 0.00000958 0.00000168 0.00094517 0.00457036 0.00264457 0.45668339 37.89188 
0.330 0.01341554 5 -7870554.70 1969480.49 -553225.65 953718.22 340095.37 -10580623.13 -852534401.14 0.00326253 0.01341554 0.00616774 0.00226293 0.00380266 0.00434532 0.00432213 0.00428653 0.00424855 0.00420731 0.00416102 0.00410719 0.00404243 0.00396199 0.00385928 0.00372703 0.00355993 0.00335639 0.00264385 0.00102936 -0.00014596 -0.00018355 -0.00000106 0.00001383 0.00000074 0.00059566 0.00470694 0.00252293 0.34559874 41.68107 
0.360 0.01315144 5 -8652469.80 1819887.96 -959505.83 725122.10 348530.14 -10586504.17 -877275443.42 0.00272665 0.01315144 0.00593128 0.00196348 0.00445286 0.00605744 0.00608252 0.00606882 0.00603555 0.00598186 0.00590605 0.00580581 0.00567800 0.00551818 0.00532013 0.00507692 0.00478383 0.00444008 0.00332163 0.00114009 -0.00021057 -0.00021014 0.00000186 0.00001654 0.00000087 0.00080602 0.00473574 0.00264818 0.37844087 45.47026 
0.390 0.01225448 5 -9335374.72 2098522.53 -1826100.81 582428.84 134450.96 -10324676.24 -903736681.91 0.00207715 0.01225448 0.00566300 0.00196924 0.00510221 0.00741723 0.00746305 0.00745053 0.00740427 0.00732354 0.00720684 0.00705211 0.00685656 0.00661631 0.00632608 0.00598017 0.00557460 0.00510880 0.00365805 0.00110491 -0.00026720 -0.00021619 0.00000354 0.00001721 0.00000081 0.00094802 0.00475509 0.00273268 0.40970122 49.25945 
0.420 0.01236494 3 5028637.75 -2059570.93 -2437474.54 2640113.62 1902986.27 4982583.32 627171900.17 0.00905574 0.00095359 -0.00666540 -0.01231318 -0.00695206 -0.00439288 -0.00431686 -0.00424533 -0.00417374 -0.00410084 -0.00402459 -0.00394226 -0.00385057 -0.00374628 -0.00362705 -0.00349090 -0.00333378 -0.00314793 -0.00245206 -0.00092691 0.00001209 0.00008436 0.00000214 -0.00000776 -0.00000345 -0.00057527 -0.00544910 -0.00286001 -0.66474368 53.04864 
0.450 0.01437864 3 4719712.88 -2016123.73 -2777081.18 3245375.14 2122143.07 4145399.59 592140755.67 0.01040650 0.00402812 -0.00511652 -0.01432076 -0.00767061 -0.00455398 -0.00448663 -0.00442064 -0.00435322 -0.00428315 -0.00420844 -0.00412645 -0.00403402 -0.00392811 -0.00380665 -0.00366791 -0.00350816 -0.00331936 -0.00260914 -0.00102639 -0.00000908 0.00008941 0.00000198 -0.00000806 -0.00000325 -0.00060666 -0.00540933 -0.00285804 -0.70415349 56.83783 
0.480 0.01609757 3 4219897.90 -2001071.95 -3135876.45 3684007.59 2339547.10 3333291.60 549712253.75 0.01169091 0.00647666 -0.00402306 -0.01604693 -0.00816080 -0.00444101 -0.00437418 -0.00431070 -0.00424699 -0.00418188 -0.00411340 -0.00403900 -0.00395566 -0.00386072 -0.00375369 -0.00363514 -0.00349927 -0.00333435 -0.00267792 -0.00112675 -0.00004436 0.00009141 0.00000208 -0.00000810 -0.00000300 -0.00060635 -0.00538054 -0.00284438 -0.73545398 60.62702 
0.510 0.01778679 3 3722270.92 -1942734.73 -3481340.74 4205094.63 2541904.87 2399346.89 500525461.30 0.01323257 0.00929426 -0.00239651 -0.01774068 -0.00908463 -0.00477717 -0.00470015 -0.00462768 -0.00455402 -0.00447803 -0.00439785 -0.00431102 -0.00421501 -0.00410980 -0.00400086 -0.00388859 -0.00375989 -0.00359510 -0.00291230 -0.00127297 -0.00007468 0.00009907 0.00000176 -0.00000866 -0.00000276 -0.00065437 -0.00531657 -0.00283990 -0.77442969 64.41620 
0.540 0.01893455 3 3345865.85 -1821529.49 -3551570.35 4342113.30 2746361.87 1630490.52 454048217.14 0.01506131 0.01138858 -0.00136427 -0.01889804 -0.01013434 -0.00561934 -0.00554414 -0.00546781 -0.00538426 -0.00529237 -0.00519038 -0.00507603 -0.00494720 -0.00480706 -0.00466833 -0.00453622 -0.00439212 -0.00420340 -0.00338010 -0.00146198 -0.00008539 0.00011573 0.00000035 -0.00001034 -0.00000276 -0.00076583 -0.00532300 -0.00290212 -0.82391742 68.20539 
0.570 0.01930001 3 2681876.25 -1763516.38 -3426513.36 3943558.50 3016054.20 912293.30 394242150.15 0.01736407 0.01338840 -0.00063582 -0.01927958 -0.01175978 -0.00698664 -0.00685168 -0.00672213 -0.00658081 -0.00642672 -0.00625826 -0.00607339 -0.00587100 -0.00565972 -0.00546229 -0.00528783 -0.00510861 -0.00488085 -0.00388507 -0.00163727 -0.00008166 0.00013438 -0.00000168 -0.00001224 -0.00000275 -0.00090478 -0.00534762 -0.00298748 -0.88259722 71.99458 
0.600 0.01769789 3 2622181.20 -2607663.87 -2010386.00 4273530.02 2604006.01 362695.03 376911072.35 0.01765949 0.01546362 0.00316337 -0.01756839 -0.01360719 -0.00919577 -0.00899751 -0.00880586 -0.00859150 -0.00835375 -0.00809145 -0.00780311 -0.00748909 -0.00716462 -0.00686391 -0.00659685 -0.00632415 -0.00599675 -0.00467410 -0.00187365 -0.00007533 0.00015430 -0.00000316 -0.00001475 -0.00000349 -0.00113686 -0.00456293 -0.00274292 -0.85514329 75.78377 
0.630 0.01728481 2 9503682.83 -3146563.38 4522001.29 2345231.05 1352567.62 4430446.24 737046790.71 0.01142443 0.00734492 0.00441106 -0.00540107 -0.01728481 -0.01912429 -0.01888301 -0.01854826 -0.01809455 -0.01752260 -0.01683323 -0.01602715 -0.01510852 -0.01410297 -0.01306262 -0.01201148 -0.01092636 -0.00977740 -0.00658499 -0.00191578 0.00015855 0.00021996 -0.00000532 -0.00002186 -0.00000649 -0.00207391 -0.00421648 -0.00307830 -0.78584156 79.57296 
0.660 0.02021576 2 9946355.55 -2447444.15 4352430.87 2569570.72 1551077.58 3920720.52 715050494.78 0.01385093 0.01000877 0.00637297 -0.00678969 -0.02021576 -0.02178947 -0.02148455 -0.02107311 -0.02051903 -0.01982370 -0.01898905 -0.01801738 -0.01691598 -0.01571932 -0.01449114 -0.01325548 -0.01199627 -0.01069427 -0.00721090 -0.00214975 0.00015598 0.00024603 -0.00000646 -0.00002434 -0.00000672 -0.00232089 -0.00459874 -0.00338869 -0.89483429 83.36215 
0.690 0.02283903 2 11841165.48 -110476.47 3893592.70 3096944.69 1458445.63 3502658.93 690012382.11 0.01615997 0.01269428 0.00850782 -0.00820035 -0.02283903 -0.02519472 -0.02488675 -0.02439371 -0.02368842 -0.02277900 -0.02167929 -0.02040719 -0.01898931 -0.01747957 -0.01596080 -0.01446426 -0.01298643 -0.01150943 -0.00774507 -0.00237588 0.00012773 0.00026304 -0.00000672 -0.00002586 -0.00000678 -0.00260571 -0.00487875 -0.00367125 -0.99712157 87.15133 
0.720 0.02516387 2 12272180.76 -129906.50 5099400.34 2112320.00 1004245.21 4186121.70 701643570.90 0.01668210 0.01315339 0.00943942 -0.00887612 -0.02516387 -0.02669535 -0.02626615 -0.02568185 -0.02490523 -0.02393755 -0.02278385 -0.02145366 -0.01996699 -0.01838095 -0.01678135 -0.01519781 -0.01363914 -0.01208537 -0.00813933 -0.00253690 0.00011741 0.00027976 -0.00000776 -0.00002745 -0.00000680 -0.00274219 -0.00551693 -0.00404292 -1.07871326 90.94052 
0.750 0.02638366 2 11449672.38 -972722.82 5580068.56 1712692.89 740341.85 4389291.90 692575466.73 0.01763995 0.01382898 0.00980847 -0.01003827 -0.02638366 -0.02668306 -0.02617330 -0.02554217 -0.02473595 -0.02375511 -0.02260193 -0.02128130 -0.01980786 -0.01823505 -0.01664150 -0.01505848 -0.01354703 -0.01205118 -0.00816592 -0.00259872 0.00009246 0.00027803 -0.00000685 -0.00002712 -0.00000679 -0.00273061 -0.00593337 -0.00423199 -1.13148715 94.72971 
0.780 0.02709828 2 11013857.30 -1414315.77 5845868.82 1385008.35 599976.64 4597319.26 690628316.73 0.01848904 0.01414679 0.00963711 -0.01110688 -0.02709828 -0.02652827 -0.02597255 -0.02531456 -0.02449044 -0.02350048 -0.02234597 -0.02102978 -0.01956192 -0.01800133 -0.01642938 -0.01487757 -0.01337925 -0.01189819 -0.00808785 -0.00262536 0.00005931 0.00026609 -0.00000556 -0.00002581 -0.00000666 -0.00270476 -0.00631931 -0.00439918 -1.17586599 98.51890 
0.810 0.02783608 2 10724297.02 -1885167.07 5819117.51 1377321.58 752154.69 4660870.31 704973234.87 0.01946578 0.01429959 0.00907207 -0.01182576 -0.02783608 -0.02647240 -0.02585867 -0.02515882 -0.02429742 -0.02327474 -0.02209195 -0.02075136 -0.01926455 -0.01769700 -0.01613198 -0.01461245 -0.01316516 -0.01174052 -0.00806031 -0.00269710 -0.00000347 0.00024336 -0.00000303 -0.00002348 -0.00000659 -0.00268287 -0.00670970 -0.00457055 -1.22099382 102.30809 
0.840 0.02960239 2 9978760.03 -2629151.29 6243659.38 1388364.22 513331.37 4462556.36 683157442.86 0.02012234 0.01540003 0.01082023 -0.01162655 -0.02960239 -0.02718543 -0.02644542 -0.02565365 -0.02470969 -0.02361382 -0.02236707 -0.02097169 -0.01944055 -0.01784197 -0.01626350 -0.01476006 -0.01333859 -0.01194351 -0.00832270 -0.00293490 -0.00009833 0.00023078 -0.00000054 -0.00002182 -0.00000621 -0.00273842 -0.00670087 -0.00459592 -1.24156381 106.09728 
0.870 0.02978040 2 9585734.82 -2988951.32 6353477.50 960888.35 560018.85 4700301.43 687225445.08 0.02128504 0.01527337 0.00956140 -0.01269977 -0.02978040 -0.02681824 -0.02607560 -0.02529015 -0.02435853 -0.02328079 -0.02205772 -0.02069224 -0.01920314 -0.01766220 -0.01615206 -0.01472894 -0.01338151 -0.01205134 -0.00854999 -0.00318345 -0.00019894 0.00021750 0.00000236 -0.00002024 -0.00000611 -0.00273776 -0.00713649 -0.00479978 -1.29262284 109.88646 
0.900 0.02975004 2 9391989.46 -3121281.05 6497386.38 505607.48 497765.96 5012510.70 689896784.31 0.02238841 0.01498294 0.00803601 -0.01369810 -0.02975004 -0.02658189 -0.02586654 -0.02510845 -0.02420634 -0.02315994 -0.02197015 -0.02064352 -0.01921476 -0.01776006 -0.01634296 -0.01501074 -0.01372904 -0.01244347 -0.00899959 -0.00356731 -0.00035312 0.00019855 0.00000735 -0.00001790 -0.00000605 -0.00278172 -0.00756654 -0.00502473 -1.34545330 113.67565 
0.930 0.02972860 2 9586316.80 -2829764.50 6524977.74 184533.35 457945.70 5248624.52 691826903.86 0.02337371 0.01496173 0.00690157 -0.01485419 -0.02972860 -0.02662132 -0.02595446 -0.02522927 -0.02435172 -0.02332124 -0.02213935 -0.02081921 -0.01941661 -0.01801129 -0.01666296 -0.01540879 -0.01420734 -0.01297966 -0.00955560 -0.00399422 -0.00054045 0.00016581 0.00001316 -0.00001430 -0.00000583 -0.00285771 -0.00795316 -0.00524634 -1.39823511 117.46484 
0.960 0.03212247 2 10436886.58 322301.85 3082603.52 4346678.52 1337418.70 1347884.00 537051765.21 0.02825107 0.02331038 0.01071189 -0.02049596 -0.03212247 -0.02855142 -0.02793549 -0.02718304 -0.02621856 -0.02504749 -0.02368272 -0.02215656 -0.02054677 -0.01895383 -0.01748524 -0.01611503 -0.01480678 -0.01352068 -0.01007808 -0.00438361 -0.00066959 0.00015069 0.00001220 -0.00001454 -0.00000550 -0.00304565 -0.00799153 -0.00536416 -1.54236380 121.25403 
0.990 0.03376153 2 10285626.23 -257479.96 3280480.36 4117181.20 1312493.34 1832951.29 570140975.12 0.03085578 0.02377670 0.00896797 -0.02302694 -0.03376153 -0.02908292 -0.02842945 -0.02765256 -0.02666801 -0.02548000 -0.02410135 -0.02256977 -0.02097198 -0.01938464 -0.01787906 -0.01651671 -0.01523393 -0.01396477 -0.01050246 -0.00472637 -0.00082521 0.00012312 0.00001728 -0.00001146 -0.00000531 -0.00313277 -0.00913247 -0.00594529 -1.68732702 125.04322 
1.020 0.03493194 2 9326964.86 -1610366.84 3648923.04 3319037.02 1170334.44 2799037.19 610289110.72 0.03324089 0.02393327 0.00646319 -0.02539232 -0.03493194 -0.02871275 -0.02803576 -0.02728031 -0.02635098 -0.02524703 -0.02397506 -0.02256853 -0.02110270 -0.01963407 -0.01825172 -0.01696487 -0.01575811 -0.01454954 -0.01106923 -0.00514587 -0.00099072 0.00009982 0.00002234 -0.00000880 -0.00000523 -0.00318657 -0.01027805 -0.00651089 -1.82424246 128.83241 
1.050 0.03376252 3 -598657.64 -2252560.19 -3949496.23 4786648.16 2404724.93 -1587974.32 162204975.86 0.03589430 0.02872154 0.00397767 -0.03343743 -0.02720434 -0.01270977 -0.01197579 -0.01135781 -0.01073367 -0.01010015 -0.00946019 -0.00884578 -0.00835052 -0.00806080 -0.00798714 -0.00809342 -0.00839202 -0.00865368 -0.00811097 -0.00522066 -0.00154666 -0.00004149 0.00003390 0.00000790 0.00000007 -0.00166580 -0.00921206 -0.00520331 -1.63591130 132.62160 
1.080 0.03718450 3 -224340.59 -2357065.27 -3901615.50 4765396.04 2388622.51 -1119678.37 201660525.51 0.03711527 0.03003599 0.00504485 -0.03673586 -0.02818311 -0.01233011 -0.01163181 -0.01104567 -0.01045567 -0.00985707 -0.00925212 -0.00867157 -0.00820834 -0.00795496 -0.00793948 -0.00818131 -0.00864718 -0.00904674 -0.00863042 -0.00581953 -0.00190175 -0.00010335 0.00004478 0.00001438 0.00000015 -0.00171393 -0.00982844 -0.00551782 -1.71907859 136.41078 
1.110 0.04170213 3 -765690.52 -2369954.82 -4298832.99 4430691.13 2693584.25 -1221178.10 184788717.42 0.03998660 0.03315285 0.00561045 -0.04112339 -0.03029064 -0.01187133 -0.01107376 -0.01041899 -0.00977304 -0.00913005 -0.00849187 -0.00788939 -0.00741669 -0.00717804 -0.00720801 -0.00755970 -0.00813704 -0.00863889 -0.00840800 -0.00590858 -0.00209080 -0.00016416 0.00005250 0.00002082 0.00000067 -0.00164045 -0.01080715 -0.00593758 -1.85684280 140.19997 
1.140 0.04726728 3 -1293657.59 -2150788.93 -5110673.19 3794831.55 3043342.80 -870369.81 181898315.76 0.04316831 0.03681361 0.00718059 -0.04664018 -0.03294701 -0.01140494 -0.01047994 -0.00973551 -0.00901489 -0.00831102 -0.00762379 -0.00697943 -0.00647910 -0.00624903 -0.00632291 -0.00677584 -0.00745182 -0.00804804 -0.00800311 -0.00580825 -0.00221076 -0.00022703 0.00005873 0.00002734 0.00000129 -0.00153573 -0.01194093 -0.00641344 -2.01378544 143.98916 
1.170 0.05295720 3 -1762364.23 -1955959.64 -5656948.13 3633696.37 3035013.90 -818166.74 160808409.60 0.04691640 0.04145033 0.00884242 -0.05225013 -0.03602496 -0.01156958 -0.01052905 -0.00970055 -0.00890687 -0.00813985 -0.00739781 -0.00670742 -0.00618132 -0.00595021 -0.00605359 -0.00657210 -0.00729171 -0.00791556 -0.00788729 -0.00577407 -0.00231047 -0.00027879 0.00006425 0.00003280 0.00000182 -0.00151470 -0.01306851 -0.00693085 -2.19312484 147.77835 
1.200 0.05804442 3 -2170493.14 -1764197.33 -6077120.18 3681214.14 2755296.79 -765686.56 135220361.57 0.05026712 0.04642251 0.01099337 -0.05723909 -0.03892605 -0.01191365 -0.01077937 -0.00988223 -0.00902914 -0.00821096 -0.00742578 -0.00671019 -0.00618551 -0.00597026 -0.00611761 -0.00668385 -0.00741516 -0.00802100 -0.00791828 -0.00579201 -0.00243407 -0.00033329 0.00007341 0.00003921 0.00000221 -0.00153342 -0.01391167 -0.00733605 -2.34876313 151.56754 
