0.001 0.00011267 4 58234.91 -108.30 2951.92 5065.79 6177.62 44147.88 4611920.18 0.00000310 -0.00003975 -0.00011267 -0.00003043 0.00000252 0.00004574 0.00004984 0.00004632 0.00004150 0.00003592 0.00002981 0.00002364 0.00001782 0.00001259 0.00000800 0.00000399 0.00000056 -0.00000232 -0.00000445 0.00000068 0.00001020 -0.00000005 -0.00001039 -0.00000148 0.00000185 0.00000318 -0.00003206 -0.00001334 -0.00238117 0.05577 
0.030 0.00136737 5 1640159.42 -24192.63 94253.46 144244.36 173314.94 1252539.29 131022185.64 -0.00034925 -0.00129782 -0.00075337 -0.00050324 -0.00031253 -0.00031875 -0.00030759 -0.00028949 -0.00026182 -0.00022698 -0.00018780 -0.00014774 -0.00010992 -0.00007661 -0.00004917 -0.00002812 -0.00001323 -0.00000377 0.00000455 0.00000463 0.00000500 -0.00000271 -0.00000880 -0.00000291 -0.00000046 -0.00001592 -0.00054107 -0.00026210 -0.03650079 1.67318 
0.060 0.00258457 5 -3007675.30 73879.10 -51273.07 -267127.08 -325555.82 -2437598.43 -249312484.74 0.00080905 0.00258457 0.00120952 0.00093816 0.00061564 0.00073101 0.00072668 0.00068943 0.00062896 0.00054968 0.00045780 0.00036149 0.00026951 0.00018777 0.00011950 0.00006584 0.00002629 -0.00000089 -0.00002374 -0.00001145 0.00000817 -0.00000054 -0.00001145 -0.00000337 -0.00000025 0.00003883 0.00101585 0.00049683 0.06641902 3.34635 
0.090 0.00374836 5 -4349106.13 105353.79 -48381.09 -398239.49 -480167.02 -3527672.33 -361271498.66 0.00116629 0.00374836 0.00179720 0.00137340 0.00088714 0.00104801 0.00104161 0.00099105 0.00090785 0.00079787 0.00066926 0.00053261 0.00039926 0.00027967 0.00017943 0.00010047 0.00004221 0.00000222 -0.00003229 -0.00001723 0.00000779 -0.00000009 -0.00001142 -0.00000361 -0.00000071 0.00005631 0.00148231 0.00072478 0.09725924 5.01953 
0.120 0.00484697 5 -5628794.42 116718.24 -68392.32 -513645.26 -624109.96 -4539365.12 -465610089.59 0.00150258 0.00484697 0.00234779 0.00177902 0.00114871 0.00137472 0.00136643 0.00130223 0.00119552 0.00105339 0.00088600 0.00070674 0.00052975 0.00036845 0.00023361 0.00012836 0.00005154 -0.00000048 -0.00004394 -0.00002319 0.00000783 0.00000058 -0.00001130 -0.00000368 -0.00000092 0.00007384 0.00192261 0.00094050 0.12648345 6.69270 
0.150 0.00586839 5 -6830431.10 104164.14 -84213.23 -622159.14 -760521.07 -5467701.80 -561760546.24 0.00181553 0.00586839 0.00285866 0.00215640 0.00139359 0.00173971 0.00173480 0.00166133 0.00153524 0.00136370 0.00115837 0.00093457 0.00070955 0.00049989 0.00031941 0.00017679 0.00007248 0.00000188 -0.00005783 -0.00003199 0.00000758 0.00000152 -0.00001115 -0.00000363 -0.00000095 0.00009573 0.00233353 0.00114475 0.15437026 8.36588 
0.180 0.00677814 5 -7996952.08 66728.98 -133864.69 -738098.52 -897639.08 -6294078.77 -650634668.01 0.00206998 0.00677814 0.00331639 0.00250267 0.00162683 0.00221525 0.00222361 0.00214745 0.00200731 0.00181012 0.00156740 0.00129450 0.00101095 0.00073739 0.00049182 0.00028839 0.00013525 0.00002897 -0.00006995 -0.00004685 0.00000583 0.00000265 -0.00001108 -0.00000349 -0.00000080 0.00012932 0.00270717 0.00133776 0.18164179 10.03906 
0.210 0.00756955 5 11398612.52 257743.00 1289179.62 1588923.58 1220586.42 7042179.91 819388019.38 -0.00180028 -0.00741375 -0.00414360 -0.00310023 -0.00223081 -0.00430469 -0.00439236 -0.00433414 -0.00416649 -0.00389744 -0.00354045 -0.00311434 -0.00264309 -0.00215416 -0.00167454 -0.00122853 -0.00083760 -0.00051766 -0.00006973 0.00010345 0.00002130 -0.00000430 0.00000746 -0.00000159 -0.00000578 -0.00031415 -0.00327719 -0.00170315 -0.25057017 11.71223 
0.240 0.00835164 5 9775149.61 -303836.81 690259.46 835150.32 1267080.70 7286495.94 784610214.45 -0.00129064 -0.00800069 -0.00545156 -0.00309080 -0.00201641 -0.00372582 -0.00381716 -0.00380213 -0.00371012 -0.00354153 -0.00329889 -0.00298729 -0.00261785 -0.00220881 -0.00178319 -0.00136598 -0.00098220 -0.00065194 -0.00014802 0.00009511 0.00002908 -0.00000093 0.00000803 -0.00000064 -0.00000487 -0.00030027 -0.00345333 -0.00177835 -0.26628067 13.38541 
0.270 0.00885452 5 -12074767.12 -410599.24 -1437994.15 -1457089.71 -1113183.55 -7655900.48 -862574754.05 0.00159373 0.00885452 0.00562170 0.00316233 0.00235365 0.00528281 0.00541421 0.00536930 0.00520088 0.00491538 0.00452450 0.00404522 0.00350068 0.00291972 0.00233320 0.00177082 0.00126014 0.00082383 0.00016940 -0.00013072 -0.00003963 -0.00000038 -0.00001159 -0.00000392 -0.00000112 0.00040858 0.00375582 0.00197769 0.29478890 15.05858 
0.300 0.00955380 5 -11467783.74 -157137.30 -1358885.54 -1173386.09 -1098058.66 -7680316.16 -845754296.23 0.00071143 0.00955380 0.00734060 0.00315908 0.00226945 0.00529919 0.00543443 0.00540558 0.00526417 0.00501304 0.00465904 0.00421318 0.00369319 0.00312422 0.00253645 0.00196138 0.00142953 0.00096596 0.00023947 -0.00012942 -0.00004773 -0.00000222 -0.00001079 -0.00000372 -0.00000128 0.00042667 0.00403443 0.00211790 0.32643963 16.73176 
0.330 0.01014128 5 -9486735.34 -18766.61 -442718.58 -341561.60 -1390286.61 -7293401.94 -760885260.23 -0.00077209 0.01014128 0.00953562 0.00302149 0.00187078 0.00459723 0.00472406 0.00472190 0.00463516 0.00446411 0.00420986 0.00387481 0.00346559 0.00299662 0.00249089 0.00197716 0.00148631 0.00104460 0.00030924 -0.00011061 -0.00005253 -0.00000490 -0.00000942 -0.00000339 -0.00000154 0.00039472 0.00417976 0.00216906 0.34851535 18.40493 
0.360 0.01176462 4 -7071059.78 -195850.00 857212.85 653230.15 -1420811.76 -6964841.02 -642442443.61 -0.00236802 0.01118244 0.01154639 0.00275154 0.00131545 0.00352969 0.00363411 0.00364821 0.00360754 0.00351162 0.00335983 0.00315149 0.00288680 0.00256866 0.00220598 0.00181614 0.00142267 0.00105003 0.00037303 -0.00007423 -0.00005239 -0.00000798 -0.00000811 -0.00000292 -0.00000165 0.00032828 0.00422397 0.00215449 0.35545870 20.07811 
0.390 0.01234066 4 -7074061.78 -248220.41 856860.66 756468.40 -1401268.15 -7037902.27 -642001305.34 -0.00264238 0.01193305 0.01208813 0.00268704 0.00126466 0.00360955 0.00373090 0.00375787 0.00372899 0.00364369 0.00350127 0.00330092 0.00304255 0.00272847 0.00236649 0.00197271 0.00156969 0.00118232 0.00045097 -0.00006528 -0.00005847 -0.00000990 -0.00000786 -0.00000245 -0.00000130 0.00034751 0.00433719 0.00221778 0.36486856 21.75129 
0.420 0.01333720 4 -6537769.39 -186041.00 917388.35 994010.23 -1280271.95 -6982855.03 -614079829.31 -0.00329876 0.01305272 0.01308198 0.00258242 0.00112759 0.00349892 0.00361344 0.00364202 0.00362140 0.00355092 0.00342962 0.00325630 0.00303008 0.00275150 0.00242493 0.00206150 0.00167893 0.00130023 0.00054118 -0.00004665 -0.00006454 -0.00001262 -0.00000724 -0.00000182 -0.00000097 0.00034981 0.00448760 0.00228951 0.37729387 23.42446 
0.450 0.01454638 5 -6484461.99 -96523.51 666478.17 1069809.65 -756256.52 -7367969.77 -613412038.55 -0.00305245 0.01454638 0.01349905 0.00244909 0.00107587 0.00341983 0.00353079 0.00356148 0.00354805 0.00348972 0.00338527 0.00323321 0.00303206 0.00278133 0.00248338 0.00214592 0.00178254 0.00141374 0.00063604 -0.00002043 -0.00006872 -0.00001524 -0.00000674 -0.00000075 -0.00000018 0.00035458 0.00468556 0.00238484 0.38104656 25.09764 
0.480 0.01544823 5 -5963216.80 62932.19 691036.51 1307274.80 -633169.41 -7391290.90 -593053811.24 -0.00326719 0.01544823 0.01403794 0.00238316 0.00099967 0.00317948 0.00327895 0.00331043 0.00330774 0.00326997 0.00319564 0.00308282 0.00292921 0.00273273 0.00249295 0.00221247 0.00189766 0.00156215 0.00078219 0.00002589 -0.00007680 -0.00002070 -0.00000554 0.00000022 0.00000005 0.00035072 0.00480449 0.00243854 0.38671878 26.77081 
0.510 0.01642454 5 9984479.51 909899.60 855246.20 -296586.33 1049114.33 7466805.69 731973776.76 0.00401170 -0.01555975 -0.01546251 -0.00306730 -0.00165226 -0.00501109 -0.00515988 -0.00515533 -0.00504138 -0.00482110 -0.00450089 -0.00408949 -0.00360116 -0.00305698 -0.00248324 -0.00190967 -0.00136693 -0.00088459 -0.00012925 0.00017629 0.00004039 -0.00000514 0.00000809 0.00000103 -0.00000348 -0.00040587 -0.00542403 -0.00275827 -0.45600332 28.44399 
0.540 0.01732081 5 9880173.87 817753.52 743036.42 -261357.01 1040827.48 7539913.46 735940478.43 0.00415463 -0.01640842 -0.01601552 -0.00307210 -0.00159428 -0.00500329 -0.00516353 -0.00517327 -0.00507776 -0.00487922 -0.00458255 -0.00419440 -0.00372686 -0.00319919 -0.00263604 -0.00206511 -0.00151497 -0.00101536 -0.00019310 0.00017977 0.00004348 -0.00000524 0.00000827 0.00000099 -0.00000361 -0.00041938 -0.00557744 -0.00283736 -0.46618381 30.11717 
0.570 0.01797256 5 9748991.54 620277.63 629470.77 -187498.40 1066303.30 7620438.24 744781981.30 0.00405551 -0.01701478 -0.01632679 -0.00291585 -0.00154075 -0.00498124 -0.00515206 -0.00517763 -0.00510408 -0.00493284 -0.00466702 -0.00431110 -0.00387434 -0.00337335 -0.00283035 -0.00226999 -0.00171755 -0.00120206 -0.00030106 0.00017376 0.00005181 -0.00000338 0.00000832 0.00000077 -0.00000376 -0.00043691 -0.00565204 -0.00288164 -0.46883675 31.79034 
0.600 0.01839564 5 9264725.14 236863.81 488875.27 -178647.79 1100800.76 7616833.10 742424335.74 0.00404706 -0.01739060 -0.01658962 -0.00282400 -0.00141714 -0.00474778 -0.00492219 -0.00496485 -0.00492099 -0.00479122 -0.00457694 -0.00428064 -0.00390785 -0.00346938 -0.00298132 -0.00246263 -0.00193359 -0.00142125 -0.00045681 0.00014343 0.00005840 -0.00000018 0.00000790 0.00000024 -0.00000399 -0.00044400 -0.00567422 -0.00289580 -0.46851298 33.46352 
0.630 0.01879987 5 8663967.89 -160276.73 321025.68 -226736.82 1148184.73 7581771.02 734403653.30 0.00407209 -0.01775028 -0.01689913 -0.00273675 -0.00128590 -0.00439784 -0.00456320 -0.00461458 -0.00459407 -0.00450174 -0.00433807 -0.00410449 -0.00380471 -0.00344558 -0.00303606 -0.00258613 -0.00210745 -0.00162205 -0.00062906 0.00009400 0.00006499 0.00000504 0.00000727 -0.00000047 -0.00000419 -0.00043943 -0.00569694 -0.00290402 -0.46754334 35.13669 
0.660 0.01978467 5 7889319.55 -571270.92 154852.89 -395146.79 1213783.99 7487100.36 716214979.76 0.00454545 -0.01864540 -0.01779587 -0.00272433 -0.00120662 -0.00399148 -0.00413483 -0.00418597 -0.00418166 -0.00412129 -0.00400421 -0.00383024 -0.00360109 -0.00332092 -0.00299416 -0.00262298 -0.00221004 -0.00177091 -0.00079293 0.00002886 0.00006928 0.00001169 0.00000682 -0.00000085 -0.00000395 -0.00042520 -0.00586567 -0.00297557 -0.47963862 36.80987 
0.690 0.01943508 5 7429241.84 -871742.59 35005.48 -387682.91 1263077.94 7390583.93 707600809.19 0.00445845 -0.01826077 -0.01757558 -0.00255500 -0.00116337 -0.00369500 -0.00382418 -0.00387543 -0.00388142 -0.00384132 -0.00375404 -0.00361869 -0.00343585 -0.00320812 -0.00293802 -0.00262453 -0.00226505 -0.00186833 -0.00092143 -0.00003568 0.00006532 0.00001607 0.00000691 -0.00000171 -0.00000459 -0.00041482 -0.00573685 -0.00290966 -0.46891828 38.48304 
0.720 0.01908279 5 6855704.18 -1161825.04 -177419.40 -313106.99 1254628.85 7253426.76 692056108.24 0.00451797 -0.01786323 -0.01740473 -0.00241396 -0.00112024 -0.00334982 -0.00346151 -0.00351160 -0.00352732 -0.00350757 -0.00345083 -0.00335542 -0.00322057 -0.00304709 -0.00283541 -0.00258244 -0.00228240 -0.00193733 -0.00104340 -0.00010568 0.00005951 0.00002065 0.00000703 -0.00000253 -0.00000512 -0.00039890 -0.00560477 -0.00283929 -0.45908638 40.15622 
0.750 0.01902937 4 -3262407.71 972777.16 2148849.19 1894117.45 -1508107.03 -6770044.48 -524585326.38 -0.00685910 0.01888261 0.01883791 0.00479802 0.00111480 0.00083912 0.00077345 0.00071977 0.00068271 0.00066125 0.00065340 0.00065643 0.00066616 0.00067644 0.00068118 0.00067778 0.00066747 0.00065149 0.00052272 0.00010016 -0.00008570 -0.00003422 -0.00000359 -0.00000122 -0.00000317 0.00009879 0.00622637 0.00297126 0.50332322 41.82940 
0.780 0.02037063 5 -2205867.76 916296.73 2450933.32 2342878.31 -1010480.10 -6905496.02 -467774423.80 -0.00700723 0.02037063 0.01949668 0.00450828 0.00089462 -0.00019024 -0.00033070 -0.00042760 -0.00049258 -0.00052665 -0.00053182 -0.00051092 -0.00046786 -0.00040822 -0.00033810 -0.00026089 -0.00017717 -0.00008827 0.00008290 0.00003493 -0.00005669 -0.00002243 -0.00000404 -0.00000232 -0.00000340 -0.00004292 0.00631491 0.00293749 0.48638742 43.50257 
0.810 0.02161828 5 -2005167.13 870967.38 2556533.38 2525390.64 -877911.27 -7080147.26 -460557138.64 -0.00700027 0.02161828 0.02002360 0.00423762 0.00079285 -0.00046564 -0.00062990 -0.00074217 -0.00081823 -0.00085909 -0.00086674 -0.00084427 -0.00079576 -0.00072611 -0.00064188 -0.00054759 -0.00044654 -0.00033591 -0.00008104 -0.00000111 -0.00004690 -0.00001654 -0.00000450 -0.00000283 -0.00000337 -0.00008596 0.00643108 0.00296907 0.48239491 45.17575 
0.840 0.02258417 5 -1817295.97 872842.18 2661628.51 2660337.35 -791490.86 -7220613.14 -456136809.25 -0.00690601 0.02258417 0.02038744 0.00396514 0.00070224 -0.00075973 -0.00094993 -0.00107920 -0.00116757 -0.00121607 -0.00122671 -0.00120258 -0.00114851 -0.00107111 -0.00097660 -0.00086810 -0.00074540 -0.00060807 -0.00026735 -0.00004910 -0.00004428 -0.00001260 -0.00000474 -0.00000312 -0.00000330 -0.00013370 0.00650248 0.00297718 0.47515782 46.84892 
0.870 0.02329727 5 -1664579.60 900173.02 2752183.98 2763514.08 -784708.82 -7295741.86 -453855155.64 -0.00683183 0.02329727 0.02067142 0.00372189 0.00063198 -0.00103034 -0.00124600 -0.00139262 -0.00149436 -0.00155221 -0.00156816 -0.00154527 -0.00148830 -0.00140371 -0.00129780 -0.00117407 -0.00103285 -0.00087406 -0.00045895 -0.00010559 -0.00004377 -0.00000846 -0.00000504 -0.00000345 -0.00000322 -0.00018015 0.00654666 0.00297322 0.46784460 48.52210 
