0.001 0.00011802 4 73396.53 -769.84 4426.75 7786.33 8019.28 53934.00 5776559.17 0.00000028 -0.00004990 -0.00011802 -0.00003500 -0.00000056 0.00004316 0.00004740 0.00004412 0.00003956 0.00003424 0.00002840 0.00002249 0.00001690 0.00001188 0.00000747 0.00000361 0.00000030 -0.00000248 -0.00000453 0.00000053 0.00000985 -0.00000029 -0.00001046 -0.00000163 0.00000171 0.00000301 -0.00003655 -0.00001554 -0.00269043 0.07678 
0.030 0.00178632 5 2081178.46 -32193.20 70305.68 181608.16 221120.84 1640336.98 169146624.91 -0.00049745 -0.00171597 -0.00095988 -0.00065009 -0.00039783 -0.00040757 -0.00039559 -0.00037276 -0.00033656 -0.00029024 -0.00023825 -0.00018587 -0.00013708 -0.00009454 -0.00005974 -0.00003314 -0.00001434 -0.00000235 0.00000766 0.00000531 0.00000143 -0.00000341 -0.00000617 -0.00000329 -0.00000216 -0.00002054 -0.00070349 -0.00034069 -0.04667858 2.30342 
0.060 0.00324939 5 3819812.32 -65045.74 126414.82 330458.69 402409.31 3025575.24 311250201.63 -0.00094222 -0.00317494 -0.00169490 -0.00118326 -0.00074484 -0.00085762 -0.00084773 -0.00081019 -0.00074578 -0.00065898 -0.00055636 -0.00044667 -0.00033962 -0.00024283 -0.00016067 -0.00009521 -0.00004661 -0.00001338 0.00001833 0.00001379 -0.00000227 -0.00000441 -0.00000194 -0.00000307 -0.00000362 -0.00004742 -0.00128762 -0.00062880 -0.08578230 4.60684 
0.090 0.00451973 5 5288365.94 -93855.54 165032.04 450902.64 556527.93 4209758.86 432019098.92 -0.00132637 -0.00444331 -0.00232568 -0.00163811 -0.00104223 -0.00128776 -0.00128700 -0.00124367 -0.00116223 -0.00104702 -0.00090598 -0.00074975 -0.00059050 -0.00044042 -0.00030791 -0.00019775 -0.00011175 -0.00004930 0.00001956 0.00002423 -0.00000293 -0.00000463 0.00000165 -0.00000248 -0.00000430 -0.00007755 -0.00179069 -0.00088063 -0.12008953 6.91026 
0.120 0.00547814 5 6415968.57 -115829.36 215896.80 529337.13 673797.13 5112766.88 524045601.10 -0.00158862 -0.00540019 -0.00279449 -0.00196354 -0.00126403 -0.00178039 -0.00180590 -0.00177381 -0.00169419 -0.00156946 -0.00140561 -0.00121089 -0.00099796 -0.00078262 -0.00057975 -0.00040106 -0.00025464 -0.00014151 0.00000211 0.00003984 0.00000087 -0.00000433 0.00000436 -0.00000175 -0.00000446 -0.00012153 -0.00216336 -0.00107869 -0.14787500 9.21368 
0.150 0.00661362 5 4672179.43 -638302.33 -1430688.81 -46640.46 774258.17 6013552.86 526995406.51 -0.00188868 -0.00653134 -0.00342046 -0.00224259 -0.00104938 -0.00041649 -0.00039519 -0.00037783 -0.00035836 -0.00033562 -0.00030770 -0.00027292 -0.00022957 -0.00017907 -0.00012633 -0.00007853 -0.00004148 -0.00001548 0.00001086 0.00000881 -0.00000519 -0.00000514 -0.00000115 -0.00000369 -0.00000443 -0.00002623 -0.00240283 -0.00114032 -0.14735266 11.51710 
0.180 0.00781033 5 5622021.90 -687560.00 -1614242.76 -21136.57 906378.86 7038582.37 620558963.96 -0.00223054 -0.00771762 -0.00403187 -0.00265482 -0.00126190 -0.00060026 -0.00057774 -0.00055488 -0.00052668 -0.00049220 -0.00045019 -0.00039956 -0.00033974 -0.00027130 -0.00019871 -0.00012969 -0.00007280 -0.00003125 0.00001388 0.00001493 -0.00000623 -0.00000506 0.00000179 -0.00000345 -0.00000533 -0.00003891 -0.00284730 -0.00135542 -0.17567531 13.82052 
0.210 0.00894845 5 6565500.23 -776725.67 -1594101.06 373336.01 701699.41 7861291.53 698243598.65 -0.00256867 -0.00877497 -0.00468716 -0.00303466 -0.00148684 -0.00087668 -0.00085383 -0.00082479 -0.00078612 -0.00073686 -0.00067580 -0.00060175 -0.00051450 -0.00041602 -0.00031127 -0.00020908 -0.00012068 -0.00005456 0.00001940 0.00002483 -0.00000591 -0.00000465 0.00000474 -0.00000286 -0.00000588 -0.00005841 -0.00328688 -0.00157184 -0.20533823 16.12394 
0.240 0.00982617 5 7225026.31 -609222.19 -1571284.00 418205.99 577998.86 8409327.65 740067051.38 -0.00299047 -0.00957231 -0.00510883 -0.00319927 -0.00158675 -0.00111125 -0.00109533 -0.00106578 -0.00102170 -0.00096209 -0.00088576 -0.00079147 -0.00067903 -0.00055099 -0.00041420 -0.00027971 -0.00016132 -0.00007024 0.00003084 0.00003619 -0.00000508 -0.00000431 0.00000710 -0.00000198 -0.00000593 -0.00007574 -0.00357292 -0.00171513 -0.22195961 18.42737 
0.270 0.01057416 5 7549999.37 -453832.32 -1606744.48 251622.97 689417.62 8669535.59 760881834.83 -0.00334758 -0.01024227 -0.00568242 -0.00315515 -0.00161820 -0.00123501 -0.00121990 -0.00118878 -0.00114162 -0.00107734 -0.00099458 -0.00089189 -0.00076864 -0.00062671 -0.00047246 -0.00031787 -0.00017856 -0.00006863 0.00004975 0.00004718 -0.00000475 -0.00000424 0.00000896 -0.00000088 -0.00000554 -0.00008404 -0.00379649 -0.00182435 -0.23372396 20.73079 
0.300 0.01120146 5 -5688872.38 244047.44 890120.52 1680322.02 -897611.44 -7605750.92 -604354828.43 -0.00144554 0.01120146 0.01060627 0.00315896 0.00115615 0.00256734 0.00268086 0.00273562 0.00276637 0.00277202 0.00275081 0.00270042 0.00261793 0.00250002 0.00234381 0.00214778 0.00191209 0.00164085 0.00090877 0.00006236 -0.00009340 -0.00002873 -0.00000526 -0.00000052 -0.00000120 0.00032005 0.00417644 0.00212783 0.33990572 23.03421 
0.330 0.01403330 5 -5210528.31 528635.22 866751.14 1405561.65 -353912.81 -7657563.52 -584670831.80 -0.00353410 0.01403330 0.01353559 0.00468218 0.00133110 0.00222563 0.00232203 0.00237588 0.00241348 0.00243363 0.00243438 0.00241308 0.00236608 0.00228881 0.00217697 0.00202816 0.00184199 0.00161971 0.00095093 0.00005531 -0.00013299 -0.00003791 -0.00000384 0.00000079 -0.00000072 0.00029188 0.00518770 0.00258692 0.43017609 25.33763 
0.360 0.01686705 4 -6090412.16 914659.76 796699.57 575743.03 -1350021.24 -7027493.28 -646854313.68 -0.00583732 0.01532433 0.01675854 0.00791786 0.00128371 0.00180272 0.00197912 0.00209206 0.00218053 0.00224378 0.00228042 0.00228843 0.00226486 0.00220582 0.00210754 0.00196775 0.00178572 0.00156237 0.00086785 -0.00004409 -0.00016358 -0.00003282 -0.00000379 0.00000093 -0.00000002 0.00026678 0.00643888 0.00316011 0.55728520 27.64105 
0.390 0.01837009 4 -7304516.03 851779.41 629841.58 -428668.22 -1532555.28 -6824913.52 -700700649.31 -0.00710620 0.01636050 0.01827587 0.00893915 0.00129130 0.00283642 0.00312122 0.00330190 0.00343895 0.00353171 0.00357899 0.00357920 0.00353011 0.00342882 0.00327237 0.00305880 0.00278713 0.00245849 0.00145204 0.00010209 -0.00017362 -0.00004289 -0.00000292 0.00000275 0.00000095 0.00043165 0.00695371 0.00348904 0.62718781 29.94447 
0.420 0.01945430 4 -7248630.77 949647.42 846344.22 -871394.92 -1567777.98 -6605449.51 -700813062.52 -0.00814112 0.01700765 0.01936309 0.00983756 0.00118801 0.00289205 0.00322390 0.00344442 0.00362281 0.00375769 0.00384698 0.00388799 0.00387731 0.00381058 0.00368322 0.00349215 0.00323606 0.00291560 0.00187400 0.00033902 -0.00013423 -0.00005607 -0.00000273 0.00000426 0.00000128 0.00049433 0.00729125 0.00368056 0.67062516 32.24789 
0.450 0.01935544 4 -7182582.14 834299.26 1079301.33 -1278968.11 -1469459.39 -6347755.24 -686069676.38 -0.00912740 0.01625602 0.01927039 0.01095682 0.00158618 0.00326374 0.00361283 0.00384552 0.00403423 0.00417778 0.00427429 0.00432131 0.00431536 0.00425082 0.00412067 0.00392236 0.00365805 0.00333075 0.00225956 0.00058209 -0.00009000 -0.00007279 -0.00000257 0.00000607 0.00000166 0.00056906 0.00748820 0.00381259 0.71314652 34.55131 
0.480 0.01944102 4 -8085392.33 261725.11 841450.56 -1527701.63 -1379910.47 -6280955.90 -695326684.35 -0.01063581 0.01597010 0.01934457 0.01250548 0.00305630 0.00502035 0.00536971 0.00558135 0.00573016 0.00581595 0.00583839 0.00579712 0.00569020 0.00551024 0.00524780 0.00490562 0.00449719 0.00403414 0.00268405 0.00068457 -0.00013011 -0.00010031 -0.00000091 0.00000888 0.00000208 0.00074394 0.00816845 0.00422437 0.81261620 36.85473 
0.510 0.02104989 4 7251385.47 -406884.20 -1122427.19 716362.13 1365869.57 6698465.16 678631949.55 0.01102948 -0.01669483 -0.02104989 -0.01272177 -0.00175661 -0.00252780 -0.00280570 -0.00298822 -0.00313366 -0.00324048 -0.00330635 -0.00332858 -0.00330735 -0.00325477 -0.00318442 -0.00308362 -0.00291523 -0.00265417 -0.00167879 -0.00026391 0.00011292 0.00003860 0.00000570 -0.00000247 -0.00000283 -0.00043187 -0.00812455 -0.00403802 -0.77497415 39.15815 
