0.001 0.00011344 4 29213.45 -5595.33 -10788.39 -3524.26 2994.87 46126.57 3668987.81 -0.00000191 -0.00004397 -0.00011344 -0.00002774 0.00000738 0.00005712 0.00006106 0.00005681 0.00005092 0.00004404 0.00003650 0.00002888 0.00002170 0.00001528 0.00000971 0.00000494 0.00000096 -0.00000228 -0.00000472 0.00000055 0.00001027 0.00000002 -0.00001037 -0.00000145 0.00000188 0.00000376 -0.00003079 -0.00001244 -0.00211646 0.09371 
0.030 0.00186078 5 -300863.56 640377.26 559571.57 199071.37 -56082.17 -1643801.58 -117105066.52 0.00070624 0.00186078 0.00080644 0.00052579 0.00021366 -0.00029737 -0.00030829 -0.00030144 -0.00027924 -0.00024544 -0.00020443 -0.00016146 -0.00012038 -0.00008391 -0.00005375 -0.00003067 -0.00001442 -0.00000416 0.00000518 0.00000720 0.00001129 -0.00000107 -0.00001192 -0.00000209 0.00000164 -0.00001631 0.00060841 0.00027655 0.03063474 2.81124 
0.060 0.00365911 5 -757450.92 1066736.25 1091470.74 427353.41 -112439.33 -3230571.99 -228979514.02 0.00135840 0.00365911 0.00168017 0.00104249 0.00041229 -0.00058858 -0.00061676 -0.00060728 -0.00056616 -0.00049902 -0.00041382 -0.00032085 -0.00023095 -0.00015337 -0.00009142 -0.00004551 -0.00001421 0.00000485 0.00001833 0.00001271 0.00001122 -0.00000208 -0.00001282 -0.00000283 0.00000093 -0.00003259 0.00121156 0.00055064 0.06199458 5.62248 
0.090 0.00542895 5 -1173306.38 1473708.43 1632836.40 644869.49 -165419.88 -4759300.82 -335910882.57 0.00200107 0.00542895 0.00253495 0.00155153 0.00060926 -0.00086437 -0.00090768 -0.00089513 -0.00083617 -0.00073770 -0.00061056 -0.00046901 -0.00032839 -0.00020323 -0.00010471 -0.00003536 0.00000864 0.00003269 0.00004044 0.00001820 0.00001008 -0.00000308 -0.00001320 -0.00000332 0.00000020 -0.00004649 0.00180501 0.00082145 0.09305989 8.43372 
0.120 0.00714508 5 -1482799.91 1892738.94 2255241.48 818080.45 -254563.48 -6194297.30 -437159596.31 0.00263054 0.00714508 0.00338391 0.00208362 0.00080472 -0.00125454 -0.00132161 -0.00131132 -0.00123905 -0.00111227 -0.00094293 -0.00074676 -0.00054253 -0.00034982 -0.00018578 -0.00006270 0.00001706 0.00006131 0.00007567 0.00003128 0.00000913 -0.00000462 -0.00001325 -0.00000354 -0.00000034 -0.00007047 0.00239385 0.00108474 0.12324676 11.24497 
0.150 0.00882176 5 -1820898.86 2375137.70 2736203.83 941091.03 -343740.57 -7529590.84 -536701430.10 0.00323266 0.00882176 0.00421254 0.00262513 0.00103677 -0.00167259 -0.00177187 -0.00177162 -0.00169400 -0.00154667 -0.00134231 -0.00109774 -0.00083315 -0.00057119 -0.00033438 -0.00014153 -0.00000534 0.00007601 0.00011597 0.00005139 0.00000930 -0.00000647 -0.00001317 -0.00000357 -0.00000069 -0.00010024 0.00298507 0.00134608 0.15367313 14.05621 
0.180 0.01039456 5 -2086935.26 2920283.67 2963612.31 924031.19 -416486.33 -8478376.11 -616794537.57 0.00376855 0.01039456 0.00520738 0.00309406 0.00127853 -0.00207163 -0.00221407 -0.00223456 -0.00216307 -0.00200717 -0.00177967 -0.00149742 -0.00118167 -0.00085651 -0.00054716 -0.00027822 -0.00007018 0.00006738 0.00016003 0.00008050 0.00001089 -0.00000882 -0.00001288 -0.00000350 -0.00000098 -0.00013368 0.00357907 0.00160677 0.18554823 16.86745 
0.210 0.01210469 5 -1383160.39 2760221.76 3866939.17 1592512.45 -481971.58 -9120862.19 -614107957.31 0.00377158 0.01210469 0.00687165 0.00329794 0.00118441 -0.00284030 -0.00303331 -0.00307196 -0.00299916 -0.00282277 -0.00255606 -0.00221672 -0.00182729 -0.00141445 -0.00100625 -0.00063081 -0.00031413 -0.00007567 0.00016280 0.00012479 0.00001894 -0.00001121 -0.00001179 -0.00000345 -0.00000154 -0.00020171 0.00407816 0.00180459 0.21014372 19.67869 
0.240 0.01397420 5 -773079.38 3028025.41 4218432.32 1825240.26 -293887.31 -9550890.05 -614211103.40 0.00342243 0.01397420 0.00885650 0.00350920 0.00119932 -0.00342112 -0.00367608 -0.00374830 -0.00369211 -0.00351549 -0.00323200 -0.00285970 -0.00242170 -0.00194590 -0.00146246 -0.00100161 -0.00059186 -0.00025836 0.00014540 0.00016920 0.00002821 -0.00001328 -0.00001063 -0.00000338 -0.00000206 -0.00026299 0.00465366 0.00204182 0.24509149 22.48993 
0.270 0.01625400 5 903849.40 3057626.64 4966053.93 2651994.65 -286626.97 -9485198.84 -541292336.76 0.00234715 0.01625400 0.01137731 0.00350820 0.00097188 -0.00440993 -0.00474520 -0.00485498 -0.00481186 -0.00462458 -0.00430756 -0.00388030 -0.00336761 -0.00279940 -0.00220875 -0.00162927 -0.00109291 -0.00062833 0.00004507 0.00023264 0.00004989 -0.00001451 -0.00000877 -0.00000342 -0.00000290 -0.00036618 0.00514865 0.00221904 0.27328428 25.30117 
0.300 0.01926622 5 3043061.80 3188189.21 5730337.52 3571178.16 -148010.68 -9298632.42 -442974098.40 0.00077266 0.01926622 0.01417515 0.00343166 0.00069504 -0.00558910 -0.00601838 -0.00617382 -0.00614929 -0.00595420 -0.00560391 -0.00511948 -0.00452782 -0.00386131 -0.00315578 -0.00244827 -0.00177432 -0.00116597 -0.00016039 0.00029278 0.00008421 -0.00001309 -0.00000660 -0.00000360 -0.00000386 -0.00049687 0.00566532 0.00239182 0.30034174 28.11241 
0.330 0.02220755 5 4629391.30 3463272.62 5963460.34 4276395.80 16711.50 -9090448.96 -368332215.65 -0.00088605 0.02220755 0.01679988 0.00335847 0.00060771 -0.00640839 -0.00692477 -0.00712953 -0.00713488 -0.00695037 -0.00659170 -0.00608058 -0.00544516 -0.00471980 -0.00394268 -0.00315276 -0.00238665 -0.00167718 -0.00040198 0.00032593 0.00012073 -0.00000923 -0.00000489 -0.00000391 -0.00000463 -0.00060247 0.00619773 0.00258531 0.33292714 30.92365 
0.360 0.02311766 5 5461392.30 4356901.97 5237160.75 4672825.02 -396585.66 -8408909.77 -338978144.63 -0.00276990 0.02311766 0.01876446 0.00371269 0.00096468 -0.00675131 -0.00733593 -0.00758462 -0.00762324 -0.00746119 -0.00711408 -0.00660363 -0.00595842 -0.00521396 -0.00441000 -0.00358633 -0.00277872 -0.00201898 -0.00058022 0.00034266 0.00014820 -0.00000659 -0.00000384 -0.00000408 -0.00000509 -0.00066163 0.00664165 0.00276197 0.38111427 33.73490 
0.390 0.02398717 5 6700338.37 4553742.10 5139849.94 5328106.13 -774120.23 -7547239.56 -259658035.53 -0.00512502 0.02398717 0.02077478 0.00383409 0.00114200 -0.00702887 -0.00766369 -0.00794199 -0.00800313 -0.00785633 -0.00751692 -0.00700654 -0.00635433 -0.00559768 -0.00477886 -0.00393872 -0.00311107 -0.00232352 -0.00076743 0.00033347 0.00016667 -0.00000489 -0.00000219 -0.00000398 -0.00000555 -0.00071136 0.00691997 0.00286603 0.42095054 36.54614 
0.420 0.02391327 5 7584463.79 4888795.94 4926508.91 5527803.27 -1057182.38 -6701461.96 -202343562.30 -0.00746783 0.02391327 0.02193599 0.00414938 0.00162508 -0.00693570 -0.00761505 -0.00792507 -0.00801602 -0.00789663 -0.00758155 -0.00709170 -0.00645643 -0.00571512 -0.00491319 -0.00409263 -0.00328386 -0.00250626 -0.00089840 0.00033105 0.00018615 -0.00000384 -0.00000155 -0.00000389 -0.00000573 -0.00072553 0.00709337 0.00293978 0.46231411 39.35738 
0.450 0.02308483 5 7794307.16 5298015.91 4482818.25 5262106.95 -1251445.37 -5997188.58 -182433648.15 -0.00951142 0.02308483 0.02238538 0.00482377 0.00247260 -0.00642699 -0.00715338 -0.00750830 -0.00764812 -0.00757999 -0.00731689 -0.00687773 -0.00629084 -0.00559690 -0.00484445 -0.00407690 -0.00332086 -0.00258826 -0.00100783 0.00028781 0.00018390 -0.00000595 -0.00000104 -0.00000358 -0.00000577 -0.00070939 0.00730220 0.00304625 0.51279739 42.16862 
0.480 0.02281995 4 5964619.84 4936645.83 3839401.01 4700996.64 -2085021.96 -5427401.68 -242935274.92 -0.01103511 0.02161567 0.02260227 0.00595707 0.00398090 -0.00472238 -0.00550708 -0.00595419 -0.00621188 -0.00628232 -0.00617275 -0.00589354 -0.00546602 -0.00492801 -0.00432900 -0.00371266 -0.00309995 -0.00249271 -0.00108017 0.00021370 0.00016384 -0.00001397 -0.00000101 -0.00000296 -0.00000562 -0.00061170 0.00781652 0.00333925 0.59879351 44.97986 
0.510 0.02254799 4 4758329.35 3844010.10 4294180.82 3942199.47 -2443389.01 -4878672.02 -249111982.36 -0.01280326 0.01982320 0.02235445 0.00725262 0.00518207 -0.00317160 -0.00396434 -0.00446022 -0.00479827 -0.00497883 -0.00500359 -0.00487686 -0.00461131 -0.00423737 -0.00380252 -0.00334924 -0.00289162 -0.00242004 -0.00119294 0.00010920 0.00015141 -0.00001182 -0.00000104 -0.00000324 -0.00000565 -0.00051708 0.00811408 0.00352901 0.67008172 47.79110 
0.540 0.02191242 4 3863531.84 2878322.23 4990981.69 3070995.68 -2645934.69 -4430833.08 -251116035.53 -0.01449183 0.01779038 0.02175989 0.00872367 0.00639162 -0.00161793 -0.00239552 -0.00290857 -0.00328637 -0.00352930 -0.00363889 -0.00361972 -0.00348508 -0.00326426 -0.00300039 -0.00273006 -0.00245648 -0.00215501 -0.00120931 -0.00001851 0.00011351 -0.00001499 -0.00000035 -0.00000293 -0.00000564 -0.00039873 0.00837410 0.00371377 0.74157592 50.60234 
0.570 0.02110370 4 3045795.48 1962917.32 5758119.98 2184357.65 -2713006.61 -4146592.85 -256115476.17 -0.01593852 0.01595214 0.02099660 0.01013292 0.00754573 0.00002090 -0.00071881 -0.00122601 -0.00161949 -0.00189973 -0.00206818 -0.00212968 -0.00209886 -0.00200862 -0.00190612 -0.00182404 -0.00175451 -0.00165305 -0.00107843 -0.00012098 0.00006616 -0.00002582 0.00000080 -0.00000194 -0.00000557 -0.00024867 0.00861551 0.00390665 0.81040429 53.41359 
0.600 0.01970054 4 2208983.30 1196305.73 6399396.38 1468736.56 -2770887.49 -4084567.88 -274237479.10 -0.01667779 0.01408439 0.01958393 0.01141742 0.00855475 0.00149877 0.00082387 0.00035034 -0.00002760 -0.00031056 -0.00050002 -0.00060135 -0.00063116 -0.00062642 -0.00063934 -0.00070545 -0.00081444 -0.00090366 -0.00072732 -0.00012960 0.00000820 -0.00004729 0.00000269 0.00000013 -0.00000537 -0.00007981 0.00872899 0.00404955 0.86179548 56.22483 
0.630 0.01939279 4 1825142.34 640257.48 6791182.07 1060901.79 -2821033.40 -3846165.60 -267653192.19 -0.01797006 0.01319622 0.01928980 0.01260225 0.00936296 0.00264870 0.00201666 0.00156751 0.00120312 0.00092270 0.00072471 0.00060306 0.00053852 0.00048898 0.00039623 0.00022074 -0.00002575 -0.00026734 -0.00041967 -0.00012265 -0.00003378 -0.00006492 0.00000419 0.00000186 -0.00000520 0.00005622 0.00899589 0.00424693 0.92208545 59.03607 
0.660 0.01889806 4 1581989.67 271342.12 7052518.26 670191.14 -2785592.63 -3626469.23 -259355945.85 -0.01927834 0.01213980 0.01881186 0.01367746 0.01021663 0.00385906 0.00325999 0.00283053 0.00247730 0.00219924 0.00199463 0.00185678 0.00176327 0.00166620 0.00150047 0.00122091 0.00084152 0.00045146 -0.00004484 -0.00008849 -0.00007152 -0.00008439 0.00000563 0.00000375 -0.00000501 0.00020279 0.00919722 0.00441916 0.97900356 61.84731 
0.690 0.01880765 2 -9483622.95 7952165.02 -7430250.92 389826.73 -495571.44 -9899792.34 -1084950312.05 -0.00939145 0.01405796 0.00844852 0.00145778 0.01877046 0.02115318 0.02042475 0.01976153 0.01907827 0.01837658 0.01765757 0.01691653 0.01613029 0.01524757 0.01419894 0.01293544 0.01147908 0.00993897 0.00629797 0.00154461 -0.00036762 -0.00031014 0.00001331 0.00002628 0.00000045 0.00214566 0.00856635 0.00515553 0.99577492 64.65855 
0.720 0.02013776 2 -8761965.16 8387479.57 -7709058.13 670889.89 -273216.41 -9838060.08 -1056718731.79 -0.01076227 0.01388294 0.00828895 0.00123761 0.02011085 0.02209057 0.02126022 0.02052062 0.01976812 0.01900433 0.01823027 0.01744048 0.01660757 0.01567373 0.01456268 0.01322163 0.01168313 0.01006913 0.00632373 0.00153549 -0.00036618 -0.00031114 0.00001335 0.00002631 0.00000037 0.00220357 0.00874034 0.00526785 1.03450035 67.46979 
0.750 0.02144173 2 -8110586.40 8787793.17 -7980731.81 915950.42 -60455.35 -9773142.83 -1030639253.04 -0.01206512 0.01358710 0.00805060 0.00107732 0.02142547 0.02299240 0.02206526 0.02125253 0.02043300 0.01960820 0.01877883 0.01793877 0.01705571 0.01606501 0.01488364 0.01345806 0.01183475 0.01014680 0.00630352 0.00150701 -0.00036610 -0.00030953 0.00001340 0.00002609 0.00000026 0.00225492 0.00890149 0.00537067 1.07158716 70.28103 
0.780 0.02269741 2 -7469393.58 9180484.59 -8225728.62 1111840.55 163871.35 -9699861.45 -1004797570.44 -0.01334484 0.01321115 0.00777413 0.00105168 0.02269077 0.02376224 0.02274212 0.02185980 0.02097673 0.02009439 0.01921247 0.01832461 0.01739308 0.01634576 0.01509294 0.01358423 0.01188129 0.01012684 0.00621365 0.00145637 -0.00036795 -0.00030619 0.00001345 0.00002572 0.00000013 0.00228943 0.00906495 0.00546563 1.10754002 73.09227 
0.810 0.02391554 2 -6898394.81 9535258.49 -8447780.71 1273660.25 355120.64 -9614653.49 -981449399.06 -0.01455354 0.01266710 0.00742306 0.00111993 0.02391554 0.02447849 0.02337294 0.02242600 0.02148365 0.02054730 0.01961595 0.01868156 0.01770039 0.01659291 0.01526310 0.01366833 0.01188484 0.01006454 0.00609157 0.00138876 -0.00037659 -0.00030307 0.00001372 0.00002539 -0.00000002 0.00231743 0.00921583 0.00555124 1.14225922 75.90352 
0.840 0.02506911 2 -6266708.55 9911183.69 -8642039.71 1392001.44 593776.60 -9521630.56 -955438286.89 -0.01580342 0.01205441 0.00707009 0.00138687 0.02506911 0.02501058 0.02382249 0.02281478 0.02181794 0.02083335 0.01985913 0.01888476 0.01785972 0.01669647 0.01529292 0.01361809 0.01176050 0.00988294 0.00588868 0.00130053 -0.00038331 -0.00029752 0.00001383 0.00002481 -0.00000020 0.00232392 0.00937699 0.00563023 1.17670471 78.71476 
0.870 0.02618452 2 -5631513.79 10281304.05 -8808434.52 1485846.08 815794.45 -9406023.86 -929112765.95 -0.01703693 0.01129206 0.00666777 0.00177025 0.02618452 0.02545977 0.02419232 0.02312653 0.02207813 0.02104831 0.02003440 0.01902244 0.01795447 0.01673419 0.01525513 0.01350067 0.01156818 0.00963520 0.00564047 0.00120032 -0.00038669 -0.00028901 0.00001377 0.00002393 -0.00000042 0.00232031 0.00953125 0.00570063 1.21047463 81.52600 
0.900 0.02729731 2 -4784301.43 10684137.86 -8871379.46 1525550.02 1162871.64 -9285481.49 -893030173.57 -0.01846436 0.01053201 0.00631293 0.00245744 0.02726655 0.02555594 0.02420202 0.02307668 0.02197841 0.02090844 0.01986273 0.01882242 0.01772195 0.01645540 0.01491384 0.01309421 0.01109902 0.00912835 0.00520820 0.00104672 -0.00038473 -0.00027484 0.00001323 0.00002246 -0.00000071 0.00227005 0.00972755 0.00576595 1.24542002 84.33724 
0.930 0.02866350 2 -4084209.77 11026727.72 -8960055.14 1574198.28 1403753.10 -9128833.72 -861850939.74 -0.01981016 0.00930475 0.00564630 0.00319524 0.02856405 0.02521477 0.02382470 0.02267695 0.02156233 0.02048227 0.01943270 0.01839383 0.01730003 0.01604359 0.01451256 0.01270085 0.01070807 0.00874201 0.00489360 0.00093202 -0.00038110 -0.00026264 0.00001333 0.00002132 -0.00000099 0.00220651 0.00990164 0.00581381 1.27977310 87.14848 
0.960 0.02981843 2 -3474725.31 11351489.68 -9032336.99 1573733.73 1560454.19 -8928065.91 -835003762.08 -0.02100745 0.00806864 0.00499929 0.00380250 0.02970020 0.02547668 0.02401208 0.02281045 0.02164857 0.02052743 0.01944157 0.01836609 0.01722796 0.01591140 0.01430760 0.01242026 0.01035287 0.00833939 0.00453306 0.00078233 -0.00039246 -0.00025094 0.00001358 0.00002021 -0.00000127 0.00217680 0.01002556 0.00585611 1.31152753 89.95972 
0.990 0.03106098 2 -2890410.79 11800310.92 -9112634.03 1549350.92 1550413.13 -8677851.73 -817116248.67 -0.02200853 0.00741555 0.00468806 0.00354563 0.03095350 0.02615814 0.02457433 0.02328218 0.02203848 0.02084314 0.01968845 0.01854411 0.01732950 0.01592206 0.01422019 0.01223167 0.01006511 0.00798450 0.00418342 0.00061336 -0.00041420 -0.00024131 0.00001405 0.00001932 -0.00000151 0.00216933 0.01013076 0.00590146 1.33704694 92.77096 
1.020 0.03212226 2 -2312572.61 12078841.53 -9136861.35 1492641.52 1723759.57 -8470953.89 -790117052.59 -0.02316417 0.00601093 0.00398014 0.00430782 0.03198571 0.02637579 0.02472432 0.02338359 0.02209821 0.02086729 0.01968080 0.01850087 0.01723972 0.01576857 0.01399404 0.01192155 0.00967123 0.00754029 0.00378450 0.00043747 -0.00043185 -0.00022994 0.00001452 0.00001827 -0.00000181 0.00213376 0.01023587 0.00593184 1.36740779 95.58220 
1.050 0.03317424 2 -1748916.00 12344316.86 -9149854.60 1430756.75 1882216.16 -8256351.16 -763467396.33 -0.02428220 0.00461536 0.00327757 0.00502718 0.03300633 0.02660925 0.02489028 0.02350083 0.02217366 0.02090683 0.01968715 0.01846827 0.01715537 0.01561529 0.01376365 0.01159875 0.00926152 0.00708001 0.00337038 0.00024869 -0.00044995 -0.00021680 0.00001498 0.00001706 -0.00000214 0.00209757 0.01033379 0.00595852 1.39655596 98.39345 
1.080 0.03421388 2 -1205620.82 12590965.89 -9153092.71 1362887.01 2029231.65 -8035612.66 -737154110.03 -0.02535963 0.00324569 0.00258301 0.00569530 0.03401230 0.02687283 0.02508614 0.02364735 0.02227780 0.02097431 0.01971924 0.01845692 0.01708586 0.01547127 0.01353622 0.01127070 0.00884597 0.00661462 0.00294966 0.00005048 -0.00046929 -0.00020299 0.00001546 0.00001579 -0.00000247 0.00206242 0.01042418 0.00598222 1.42446742 101.20469 
1.110 0.03523240 2 -632751.43 12813586.00 -9127172.62 1282280.41 2171316.50 -7772761.73 -707372898.22 -0.02648392 0.00188179 0.00194036 0.00639533 0.03499078 0.02709299 0.02523724 0.02374871 0.02233692 0.02099706 0.01970565 0.01839741 0.01696399 0.01527244 0.01324933 0.01088042 0.00837304 0.00609711 0.00248608 -0.00017352 -0.00049059 -0.00018688 0.00001588 0.00001431 -0.00000284 0.00201866 0.01051806 0.00600298 1.45230894 104.01593 
1.140 0.03623045 2 -134795.63 13016514.01 -9111877.81 1218051.44 2266497.45 -7523980.72 -681658360.07 -0.02748995 0.00058733 0.00129289 0.00695979 0.03595196 0.02743371 0.02551293 0.02397619 0.02252276 0.02114584 0.01981469 0.01845482 0.01695078 0.01517473 0.01305091 0.01057022 0.00797670 0.00565118 0.00207047 -0.00040415 -0.00053189 -0.00017678 0.00001705 0.00001346 -0.00000316 0.00198788 0.01059571 0.00602303 1.47823560 106.82717 
1.170 0.03724703 2 391629.00 13211770.41 -9078525.54 1147262.48 2350871.29 -7239749.65 -653459532.33 -0.02852034 -0.00079594 0.00061341 0.00755170 0.03692424 0.02773770 0.02575062 0.02416525 0.02267020 0.02125604 0.01988328 0.01846811 0.01688815 0.01502376 0.01278920 0.01019561 0.00752057 0.00515148 0.00161323 -0.00066297 -0.00058101 -0.00016535 0.00001842 0.00001254 -0.00000351 0.00194848 0.01066540 0.00603477 1.50358757 109.63841 
1.200 0.03821243 2 -4930521.79 5375400.45 -7076376.75 -556815.73 -127212.60 -2545517.15 -467088924.20 -0.03681132 -0.01270944 -0.00107186 0.02270720 0.03784966 0.03442002 0.03349910 0.03264745 0.03175170 0.03079761 0.02973424 0.02846621 0.02686589 0.02482932 0.02226387 0.01920848 0.01596468 0.01293229 0.00730318 0.00133366 -0.00063276 -0.00035711 0.00003120 0.00003440 0.00000065 0.00329901 0.01232375 0.00752960 1.98282446 112.44965 
