0.001 0.00012761 5 21388.70 99.79 -19617.87 -20478.58 -499.51 61884.87 3622126.02 -0.00000347 -0.00006008 -0.00012006 -0.00002608 0.00001037 0.00006132 0.00006509 0.00006054 0.00005424 0.00004685 0.00003876 0.00003059 0.00002291 0.00001605 0.00001013 0.00000510 0.00000094 -0.00000241 -0.00000491 0.00000041 0.00001013 -0.00000008 -0.00001041 -0.00000151 0.00000183 0.00000393 -0.00003234 -0.00001307 -0.00209091 0.18795 
0.030 0.00196584 5 248171.72 -38506.53 -566548.08 -679620.52 -133297.52 1666144.38 80920400.52 -0.00079880 -0.00189572 -0.00091344 -0.00029759 -0.00003313 0.00032637 0.00033695 0.00032449 0.00029764 0.00025920 0.00021362 0.00016650 0.00012222 0.00008338 0.00005134 0.00002642 0.00000824 -0.00000415 -0.00001369 -0.00000556 0.00000647 -0.00000114 -0.00000951 -0.00000236 0.00000058 0.00001800 -0.00053154 -0.00023961 -0.02227222 5.63859 
0.060 0.00364990 5 806253.48 -137661.84 -800646.67 -1148013.86 -240009.52 3132585.36 167788996.71 -0.00157239 -0.00357573 -0.00162722 -0.00057548 -0.00015119 0.00036354 0.00037283 0.00035191 0.00031017 0.00025177 0.00018293 0.00011210 0.00004845 0.00000001 -0.00003055 -0.00004602 -0.00005082 -0.00004893 -0.00003088 -0.00000413 0.00000556 -0.00000187 -0.00000807 -0.00000299 -0.00000070 0.00001301 -0.00102758 -0.00047479 -0.04563829 11.27717 
0.090 0.00524309 5 -3319842.91 -271211.46 585517.15 811906.59 141295.48 -4587350.67 -325522839.12 0.00245856 0.00524309 0.00214083 0.00105579 0.00054128 0.00050376 0.00052298 0.00052601 0.00052306 0.00051437 0.00050006 0.00048028 0.00045508 0.00042358 0.00038231 0.00032915 0.00026720 0.00020365 0.00007870 -0.00000869 -0.00000273 -0.00000299 -0.00001069 -0.00000315 -0.00000062 0.00005254 0.00164827 0.00080058 0.08539676 16.91576 
0.120 0.00721875 5 -4206194.45 395263.69 376894.92 1389922.59 173826.30 -6542101.95 -466742796.84 0.00268239 0.00721875 0.00303046 0.00144246 0.00082513 0.00074394 0.00076717 0.00077461 0.00078168 0.00078737 0.00078991 0.00078699 0.00077573 0.00075299 0.00071570 0.00066135 0.00058793 0.00049475 0.00024619 0.00001207 -0.00001383 -0.00000702 -0.00001044 -0.00000282 -0.00000074 0.00009372 0.00222261 0.00109169 0.12355792 22.55435 
0.150 0.00799450 5 3959339.13 -540516.19 -692447.42 -1214745.27 -276367.26 6683415.28 470890710.95 -0.00385247 -0.00791296 -0.00349376 -0.00172321 -0.00090010 0.00003347 0.00006788 0.00007285 0.00005924 0.00002832 -0.00001787 -0.00007667 -0.00014479 -0.00021806 -0.00028925 -0.00034294 -0.00036415 -0.00034905 -0.00021512 -0.00002706 0.00001117 0.00000155 -0.00000129 -0.00000404 -0.00000423 -0.00002444 -0.00260273 -0.00123308 -0.13210073 28.19293 
0.180 0.00912644 5 5622675.82 -416934.60 -295042.01 -1013407.17 -268335.87 7616395.45 575098886.62 -0.00437616 -0.00903540 -0.00396911 -0.00205654 -0.00121005 -0.00089161 -0.00090037 -0.00091026 -0.00092176 -0.00093351 -0.00094340 -0.00094872 -0.00094615 -0.00093191 -0.00090211 -0.00085301 -0.00078066 -0.00068066 -0.00036655 -0.00000614 0.00003592 0.00000565 0.00000051 -0.00000433 -0.00000510 -0.00011668 -0.00306216 -0.00149745 -0.16857838 33.83152 
0.210 0.01018630 5 7301434.66 -223712.62 27798.85 -767052.77 -194193.48 8458594.68 676397773.28 -0.00482970 -0.01007513 -0.00441775 -0.00237050 -0.00149773 -0.00200263 -0.00207422 -0.00211322 -0.00213552 -0.00213975 -0.00212384 -0.00208509 -0.00202032 -0.00192600 -0.00179883 -0.00163641 -0.00143822 -0.00120990 -0.00061810 0.00001045 0.00007612 0.00001395 0.00000135 -0.00000478 -0.00000564 -0.00024107 -0.00349171 -0.00176490 -0.20720055 39.47011 
0.240 0.01125744 5 8864253.79 -104050.00 338237.26 -527702.06 -103315.06 9261083.64 774588705.83 -0.00519036 -0.01110956 -0.00487610 -0.00268270 -0.00178458 -0.00305807 -0.00318920 -0.00325565 -0.00328842 -0.00328620 -0.00324706 -0.00316852 -0.00304766 -0.00288132 -0.00266680 -0.00240292 -0.00209174 -0.00174485 -0.00088761 0.00000605 0.00011295 0.00002382 0.00000234 -0.00000493 -0.00000583 -0.00036238 -0.00390948 -0.00202518 -0.24550854 45.10870 
0.270 0.01268896 5 10148248.05 -59033.18 508943.88 -354521.45 -133914.80 10186773.60 866801182.38 -0.00517212 -0.01237522 -0.00572071 -0.00300829 -0.00200867 -0.00393689 -0.00411847 -0.00420705 -0.00424734 -0.00423812 -0.00417753 -0.00406327 -0.00389266 -0.00366288 -0.00337190 -0.00302014 -0.00261304 -0.00216834 -0.00109721 0.00000519 0.00014245 0.00003154 0.00000320 -0.00000455 -0.00000547 -0.00046158 -0.00435984 -0.00228899 -0.28690737 50.74728 
0.300 0.01389219 5 11293549.69 37266.46 871768.79 -128045.43 -287508.71 10800068.58 932059635.05 -0.00493097 -0.01342979 -0.00647638 -0.00321482 -0.00209647 -0.00474507 -0.00497253 -0.00507789 -0.00511822 -0.00509255 -0.00499946 -0.00483736 -0.00460445 -0.00429913 -0.00392118 -0.00347465 -0.00297139 -0.00243666 -0.00120070 0.00002214 0.00016071 0.00003494 0.00000420 -0.00000360 -0.00000459 -0.00054211 -0.00467169 -0.00247796 -0.31794672 56.38587 
0.330 0.01498212 5 11670079.17 -116234.46 1069068.05 239263.40 -483123.40 10961105.57 957176771.17 -0.00430964 -0.01439413 -0.00762803 -0.00335194 -0.00211267 -0.00513080 -0.00537982 -0.00549584 -0.00554269 -0.00551946 -0.00542484 -0.00525742 -0.00501574 -0.00469857 -0.00430570 -0.00384022 -0.00331217 -0.00274607 -0.00140606 -0.00001595 0.00018559 0.00004509 0.00000356 -0.00000396 -0.00000402 -0.00059627 -0.00496221 -0.00264292 -0.34939735 62.02446 
0.360 0.01594566 5 10916745.19 -599589.80 798680.68 505453.07 -479091.26 10691292.50 939074756.05 -0.00317080 -0.01524362 -0.00920860 -0.00332057 -0.00196972 -0.00483107 -0.00506517 -0.00518219 -0.00524373 -0.00524867 -0.00519529 -0.00508154 -0.00490510 -0.00466355 -0.00435481 -0.00397745 -0.00353192 -0.00302919 -0.00171397 -0.00014975 0.00019948 0.00006168 0.00000292 -0.00000531 -0.00000404 -0.00060210 -0.00516197 -0.00273966 -0.37432971 67.66304 
0.390 0.01634928 5 9273281.30 -1306070.42 239646.03 615701.38 -200920.40 9924924.70 880211489.29 -0.00139841 -0.01559105 -0.01102072 -0.00320146 -0.00174660 -0.00391461 -0.00408199 -0.00417043 -0.00422732 -0.00425141 -0.00424067 -0.00419252 -0.00410386 -0.00397137 -0.00379253 -0.00356469 -0.00328071 -0.00293559 -0.00187249 -0.00032705 0.00018608 0.00007830 0.00000232 -0.00000709 -0.00000449 -0.00053100 -0.00522780 -0.00273275 -0.39020640 73.30163 
0.420 0.01596821 5 8176162.48 -1735707.70 -315775.80 798058.50 54377.28 9375210.20 842806596.21 -0.00038147 -0.01518757 -0.01160567 -0.00310707 -0.00184171 -0.00331198 -0.00340931 -0.00345834 -0.00349163 -0.00350786 -0.00350488 -0.00347994 -0.00342974 -0.00335201 -0.00325138 -0.00312797 -0.00296458 -0.00274063 -0.00190239 -0.00044880 0.00017396 0.00009156 0.00000216 -0.00000858 -0.00000508 -0.00046804 -0.00518238 -0.00267801 -0.39426920 78.94022 
0.450 0.01430696 5 7581277.27 -1791770.24 -797467.17 948333.52 321776.73 8900404.43 813947090.51 -0.00029998 -0.01355071 -0.01083110 -0.00282547 -0.00194223 -0.00292389 -0.00296942 -0.00298522 -0.00299274 -0.00299058 -0.00297642 -0.00294734 -0.00289989 -0.00283450 -0.00276642 -0.00270142 -0.00261648 -0.00246960 -0.00175432 -0.00041585 0.00016614 0.00008743 0.00000436 -0.00000851 -0.00000641 -0.00040746 -0.00482508 -0.00247834 -0.36953070 84.57880 
0.480 0.01341808 2 5675228.44 -8459424.96 6955544.28 687807.50 406199.16 6085102.47 790610229.17 0.00880495 -0.00290085 -0.00375604 -0.00105769 -0.01341808 -0.01340260 -0.01295857 -0.01255450 -0.01213428 -0.01169826 -0.01124625 -0.01077757 -0.01029166 -0.00979957 -0.00933036 -0.00888404 -0.00841543 -0.00788850 -0.00618544 -0.00274137 -0.00006503 0.00033691 -0.00000818 -0.00002859 -0.00000234 -0.00156142 -0.00473392 -0.00304862 -0.66719639 90.21739 
0.510 0.01488933 2 5216452.18 -8971948.38 7097372.37 309657.98 127670.02 6653700.18 803306163.40 0.00970142 -0.00158765 -0.00301959 -0.00318207 -0.01488933 -0.01262422 -0.01201012 -0.01148511 -0.01096014 -0.01043570 -0.00991170 -0.00938755 -0.00886420 -0.00836670 -0.00793636 -0.00754889 -0.00715148 -0.00671160 -0.00526029 -0.00229609 -0.00001844 0.00029336 -0.00000848 -0.00002459 -0.00000151 -0.00136024 -0.00532518 -0.00321891 -0.72117916 95.85598 
0.540 0.01654252 2 4929843.07 -9554869.48 7435884.42 139151.23 -7509.57 6917186.47 816816310.37 0.01018664 -0.00126797 -0.00251154 -0.00365009 -0.01654252 -0.01279977 -0.01201504 -0.01136378 -0.01072464 -0.01009824 -0.00948458 -0.00888306 -0.00829918 -0.00777655 -0.00734964 -0.00697212 -0.00659932 -0.00618452 -0.00482255 -0.00206904 0.00000516 0.00026990 -0.00000854 -0.00002243 -0.00000101 -0.00128560 -0.00577752 -0.00339130 -0.76281086 101.49457 
0.570 0.01782947 2 4609196.90 -10172708.72 7851709.70 -83760.16 -136083.99 7150040.07 827709153.08 0.01051813 -0.00152442 -0.00231366 -0.00370676 -0.01782947 -0.01281471 -0.01187252 -0.01110503 -0.01036139 -0.00964231 -0.00894782 -0.00827754 -0.00764616 -0.00711692 -0.00670288 -0.00637702 -0.00608100 -0.00572721 -0.00447217 -0.00193222 -0.00000399 0.00024975 -0.00000770 -0.00002048 -0.00000069 -0.00121050 -0.00614392 -0.00352317 -0.79003897 107.13315 
0.600 0.01876191 2 4108977.62 -10800879.70 8227396.14 -271970.92 -241799.22 7196231.33 824699433.27 0.01084318 -0.00172692 -0.00216931 -0.00371057 -0.01876191 -0.01259377 -0.01151409 -0.01064617 -0.00981327 -0.00901622 -0.00825516 -0.00753061 -0.00687133 -0.00635241 -0.00597939 -0.00573313 -0.00551802 -0.00524580 -0.00413380 -0.00186540 -0.00005696 0.00022877 -0.00000613 -0.00001848 -0.00000040 -0.00112578 -0.00638673 -0.00359199 -0.80515102 112.77174 
0.630 0.01929368 2 3616502.54 -11295315.29 8514799.61 -411290.17 -417918.39 7226226.79 815343805.69 0.01112887 -0.00208611 -0.00217825 -0.00361296 -0.01929368 -0.01240963 -0.01124017 -0.01030589 -0.00941389 -0.00856516 -0.00775992 -0.00700116 -0.00633830 -0.00584669 -0.00554238 -0.00536411 -0.00520254 -0.00497871 -0.00394702 -0.00185936 -0.00012067 0.00021442 -0.00000457 -0.00001699 -0.00000000 -0.00107341 -0.00652773 -0.00363026 -0.81258510 118.41033 
0.660 0.01952367 2 3086593.14 -11694930.80 8736713.15 -549928.53 -580611.00 7175350.32 798146433.07 0.01130319 -0.00230678 -0.00207641 -0.00329760 -0.01952367 -0.01223039 -0.01100287 -0.01002482 -0.00909344 -0.00820978 -0.00737419 -0.00659368 -0.00593881 -0.00548548 -0.00525293 -0.00513627 -0.00502456 -0.00484210 -0.00387457 -0.00190068 -0.00020227 0.00019768 -0.00000240 -0.00001519 0.00000039 -0.00104105 -0.00649834 -0.00359930 -0.80633095 124.04891 
0.690 0.02028488 2 1450320.78 -9152920.90 11292782.81 -4972036.64 -4716.40 4287211.91 439553550.20 0.01597383 0.00582277 0.00201880 -0.00674317 -0.02028488 -0.01565450 -0.01480912 -0.01409676 -0.01338822 -0.01268414 -0.01198449 -0.01130191 -0.01072320 -0.01032165 -0.01008437 -0.00989406 -0.00966030 -0.00930494 -0.00767278 -0.00408730 -0.00083912 0.00018654 0.00000832 -0.00001571 -0.00000099 -0.00182483 -0.00549670 -0.00354612 -0.91003441 129.68750 
0.720 0.02123178 2 -6877470.45 8266939.85 -7063160.91 56724.81 122908.58 -8260882.78 -904942213.02 -0.01473279 0.00477499 0.00505867 0.00691043 0.02112950 0.02029647 0.01952172 0.01882751 0.01812380 0.01741279 0.01669567 0.01595156 0.01506123 0.01385900 0.01226704 0.01036138 0.00833669 0.00651241 0.00347055 0.00055406 -0.00043689 -0.00020795 0.00001589 0.00001678 -0.00000216 0.00181147 0.00844226 0.00491983 1.08537061 135.32609 
0.750 0.02254976 2 -6338717.37 8669269.25 -7266953.66 167613.73 323002.26 -8231648.96 -887839913.36 -0.01617899 0.00479976 0.00514867 0.00734314 0.02244118 0.02118987 0.02034682 0.01960394 0.01885906 0.01811456 0.01737157 0.01660085 0.01566531 0.01437749 0.01267325 0.01056674 0.00832071 0.00635592 0.00327539 0.00048507 -0.00044152 -0.00020671 0.00001650 0.00001660 -0.00000241 0.00185858 0.00882392 0.00512377 1.14115908 140.96467 
0.780 0.02365391 2 2211193.35 -8995551.47 10924591.77 -5153929.26 -370020.99 5806103.31 523881869.86 0.01873978 0.00703764 0.00252063 -0.00873670 -0.02365391 -0.01988869 -0.01910501 -0.01842303 -0.01773063 -0.01702827 -0.01631647 -0.01562865 -0.01508680 -0.01477028 -0.01460029 -0.01449648 -0.01430633 -0.01385195 -0.01144638 -0.00629531 -0.00173172 0.00009166 0.00003788 -0.00000399 -0.00000123 -0.00260936 -0.00658137 -0.00447134 -1.12504554 146.60326 
0.810 0.02488750 2 2278772.46 -9140495.11 11035553.56 -5417189.45 -481967.10 6282870.56 546307904.11 0.01951510 0.00723312 0.00261650 -0.00856397 -0.02488750 -0.02163089 -0.02084593 -0.02015897 -0.01945942 -0.01874782 -0.01802701 -0.01734679 -0.01682278 -0.01652099 -0.01638119 -0.01632080 -0.01613393 -0.01565576 -0.01287833 -0.00694452 -0.00202603 0.00003773 0.00004901 0.00000217 -0.00000107 -0.00290768 -0.00683334 -0.00474793 -1.18722849 152.24185 
0.840 0.02738306 5 -5614886.95 1343450.69 -8287218.38 8410501.90 2583497.18 -9665118.33 -458536489.29 0.00964026 0.02738306 0.01344586 -0.01791100 -0.00348157 0.00527728 0.00526930 0.00519934 0.00511973 0.00503106 0.00493016 0.00475791 0.00438950 0.00376805 0.00291261 0.00186231 0.00086227 0.00010848 -0.00009896 0.00032261 -0.00042862 -0.00028071 0.00003805 0.00002934 0.00000017 0.00041292 0.00103635 0.00070517 -0.18923500 157.88044 
0.870 0.02987901 5 -5270606.71 1549587.08 -8590856.93 8728078.68 2851786.60 -9809202.15 -444015026.70 0.01070772 0.02987901 0.01499323 -0.01839617 -0.00498391 0.00309030 0.00305699 0.00297502 0.00288961 0.00280147 0.00270730 0.00254183 0.00217058 0.00154207 0.00065882 -0.00041399 -0.00142135 -0.00213817 -0.00182494 -0.00005168 -0.00038766 -0.00025553 0.00003804 0.00002708 -0.00000034 0.00007324 0.00106919 0.00054011 -0.25355480 163.51902 
0.900 0.03178117 5 -5046165.78 1624815.20 -8903435.20 9063268.67 3112865.66 -9943680.12 -428747974.16 0.01211109 0.03178117 0.01613755 -0.01868066 -0.00674236 0.00053961 0.00049160 0.00040506 0.00031973 0.00023631 0.00015145 -0.00000529 -0.00038026 -0.00100882 -0.00189982 -0.00296556 -0.00396444 -0.00466436 -0.00384559 -0.00054242 -0.00036549 -0.00024488 0.00003864 0.00002626 -0.00000062 -0.00032064 0.00096830 0.00028359 -0.33452905 169.15761 
