0.001 0.00011735 5 36710.69 -7736.20 -9537.52 -1975.77 4181.83 51778.35 4358530.53 -0.00000304 -0.00004983 -0.00011664 -0.00003054 0.00000539 0.00005601 0.00006007 0.00005595 0.00005019 0.00004344 0.00003604 0.00002855 0.00002148 0.00001515 0.00000965 0.00000493 0.00000098 -0.00000224 -0.00000468 0.00000057 0.00001028 0.00000003 -0.00001035 -0.00000144 0.00000189 0.00000373 -0.00003345 -0.00001370 -0.00230203 0.07205 
0.030 0.00184730 5 -1383945.53 262096.01 296314.66 -45055.00 -199454.23 -1697846.98 -153669769.88 0.00062173 0.00184730 0.00083603 0.00062538 0.00033848 0.00015002 0.00014176 0.00012598 0.00010743 0.00008730 0.00006705 0.00004855 0.00003269 0.00001976 0.00000971 0.00000218 -0.00000324 -0.00000704 -0.00000840 -0.00000047 0.00000985 -0.00000099 -0.00001167 -0.00000267 0.00000085 0.00000647 0.00067522 0.00031996 0.04013202 2.16146 
0.060 0.00367870 5 -2371999.96 588945.40 714823.49 31014.54 -337813.91 -3368969.48 -290392282.46 0.00122487 0.00367870 0.00173860 0.00120769 0.00059895 0.00006693 0.00004550 0.00002493 0.00000690 -0.00000904 -0.00002297 -0.00003463 -0.00004253 -0.00004434 -0.00004142 -0.00003589 -0.00002954 -0.00002364 -0.00001096 0.00000316 0.00001133 -0.00000125 -0.00001239 -0.00000334 0.00000006 -0.00000161 0.00132068 0.00061825 0.07646575 4.32292 
0.090 0.00546849 5 -3231852.07 822450.24 1188004.82 156299.09 -441281.30 -4957324.91 -413348554.83 0.00182775 0.00546849 0.00260229 0.00174335 0.00082275 -0.00003550 -0.00006713 -0.00009031 -0.00010586 -0.00011420 -0.00011736 -0.00011744 -0.00011531 -0.00010951 -0.00009773 -0.00008129 -0.00006368 -0.00004753 -0.00001787 0.00000617 0.00001321 -0.00000121 -0.00001286 -0.00000366 -0.00000038 -0.00001066 0.00193104 0.00089956 0.10984305 6.48438 
0.120 0.00721139 5 -4093801.50 982059.40 1620870.87 296416.93 -538059.84 -6455088.86 -528588683.39 0.00243539 0.00721139 0.00343956 0.00225496 0.00104174 -0.00012563 -0.00016776 -0.00019459 -0.00020929 -0.00021220 -0.00020428 -0.00018694 -0.00016345 -0.00013974 -0.00011808 -0.00009695 -0.00007492 -0.00005489 -0.00001939 0.00000753 0.00001384 -0.00000124 -0.00001299 -0.00000378 -0.00000062 -0.00001743 0.00252528 0.00117453 0.14231825 8.64584 
0.150 0.00862406 5 -5217124.42 917055.85 1839756.81 368171.87 -696897.67 -7645211.28 -632288833.78 0.00284651 0.00862406 0.00414534 0.00267360 0.00125130 0.00020229 0.00017499 0.00015310 0.00013753 0.00012800 0.00012370 0.00012345 0.00012564 0.00012674 0.00012043 0.00010535 0.00008478 0.00006327 0.00002262 -0.00000125 0.00000676 -0.00000194 -0.00001245 -0.00000368 -0.00000080 0.00001547 0.00302109 0.00142443 0.17485142 10.80731 
0.180 0.00943573 5 -6318891.78 714210.76 1531078.78 427438.67 -977230.20 -8014389.79 -690943420.55 0.00288758 0.00943573 0.00506456 0.00279331 0.00139659 0.00101155 0.00102110 0.00101186 0.00099354 0.00096614 0.00092934 0.00088254 0.00082505 0.00075626 0.00067533 0.00058099 0.00047614 0.00036872 0.00015215 -0.00001095 -0.00001009 -0.00000461 -0.00001163 -0.00000338 -0.00000094 0.00009720 0.00337792 0.00163512 0.20884666 12.96877 
0.210 0.01057853 5 2241562.61 -2418543.65 -3307687.16 -1190551.91 525014.12 8633331.23 614122108.28 -0.00398090 -0.01044388 -0.00524238 -0.00314205 -0.00114998 0.00290438 0.00313566 0.00322180 0.00321960 0.00313098 0.00296038 0.00271292 0.00239901 0.00203681 0.00165096 0.00126898 0.00091720 0.00061671 0.00016322 -0.00007482 -0.00004249 -0.00000536 0.00000117 -0.00000342 -0.00000471 0.00026614 -0.00357201 -0.00153310 -0.16823980 15.13023 
0.240 0.01189315 5 2966926.45 -2287925.12 -3159730.21 -1410057.51 723590.23 9101049.06 661901944.98 -0.00423399 -0.01153635 -0.00643466 -0.00342481 -0.00130972 0.00295382 0.00321347 0.00332732 0.00335897 0.00330916 0.00317963 0.00297280 0.00269336 0.00235227 0.00196869 0.00156903 0.00118176 0.00083363 0.00026952 -0.00005725 -0.00004842 -0.00000746 0.00000359 -0.00000297 -0.00000533 0.00029668 -0.00406438 -0.00174768 -0.19819694 17.29169 
0.270 0.01441465 5 5653456.94 -720727.60 -1915279.47 -1096154.44 835330.43 8550288.02 679909130.72 -0.00005054 -0.01367640 -0.01191276 -0.00344561 -0.00144560 -0.00086170 -0.00080386 -0.00076034 -0.00072348 -0.00069192 -0.00066359 -0.00063588 -0.00060578 -0.00057002 -0.00052535 -0.00046888 -0.00039836 -0.00031437 -0.00010236 0.00005187 0.00001843 -0.00000023 0.00000471 -0.00000129 -0.00000420 -0.00007119 -0.00498068 -0.00237264 -0.35010311 19.45315 
0.300 0.01939859 5 3761073.98 -1043248.82 -2414527.38 -1849423.44 233835.15 8834438.46 605711186.12 0.00161201 -0.01847050 -0.01545760 -0.00341353 -0.00119341 0.00057842 0.00074128 0.00084035 0.00090368 0.00093263 0.00092938 0.00089671 0.00083796 0.00075694 0.00065787 0.00054537 0.00042432 0.00030083 0.00008167 -0.00000374 0.00000051 0.00000128 0.00000403 -0.00000092 -0.00000344 0.00008787 -0.00581110 -0.00267743 -0.38958275 21.61461 
0.330 0.02237445 5 1304873.06 -1897534.56 -2909549.12 -2663461.03 117055.27 8658362.50 522475422.71 0.00300890 -0.02135399 -0.01810651 -0.00392236 -0.00098910 0.00306628 0.00342182 0.00363365 0.00376523 0.00381777 0.00379341 0.00369499 0.00352606 0.00329083 0.00299451 0.00264411 0.00224889 0.00182703 0.00086727 0.00003729 -0.00005613 -0.00001253 0.00000462 0.00000080 -0.00000262 0.00040762 -0.00644831 -0.00280628 -0.40701111 23.77607 
0.360 0.02411569 5 -755428.40 -2802255.17 -3287192.16 -3192274.01 -30801.11 8557094.04 462063884.84 0.00368139 -0.02304700 -0.01959194 -0.00431857 -0.00080938 0.00525188 0.00576883 0.00606730 0.00624238 0.00629517 0.00622781 0.00604326 0.00574542 0.00534008 0.00483871 0.00426102 0.00362970 0.00297329 0.00147233 0.00004948 -0.00013440 -0.00002918 0.00000673 0.00000292 -0.00000196 0.00066862 -0.00681735 -0.00284063 -0.40729962 25.93753 
0.390 0.02467019 5 -1746755.11 -3463241.25 -3160301.50 -3462114.46 -81769.39 8420671.49 435175973.30 0.00401253 -0.02358708 -0.02020088 -0.00446733 -0.00088629 0.00624215 0.00685407 0.00720678 0.00741502 0.00747996 0.00740397 0.00719030 0.00684331 0.00637013 0.00578596 0.00511479 0.00438399 0.00362555 0.00186663 0.00010391 -0.00017456 -0.00004201 0.00000875 0.00000464 -0.00000152 0.00080294 -0.00699130 -0.00285082 -0.40848677 28.09900 
0.420 0.02321806 5 -910111.13 -3318246.78 -2210140.70 -3604769.17 110076.75 8112968.77 444313552.62 0.00428191 -0.02217366 -0.01952506 -0.00424712 -0.00145029 0.00498362 0.00558478 0.00595594 0.00620568 0.00633490 0.00634554 0.00624031 0.00602267 0.00569672 0.00526843 0.00474978 0.00415768 0.00351775 0.00192970 0.00019947 -0.00013382 -0.00003663 0.00000799 0.00000429 -0.00000136 0.00071767 -0.00684464 -0.00282736 -0.41855721 30.26046 
0.450 0.02072769 5 5400672.70 -547221.74 -1513124.12 -2052369.26 -720847.36 10234235.19 676154420.06 -0.00052785 -0.01979179 -0.01389003 -0.00292999 -0.00124385 -0.00063624 -0.00057347 -0.00054190 -0.00052498 -0.00052133 -0.00052882 -0.00054469 -0.00056585 -0.00058933 -0.00061227 -0.00063021 -0.00063593 -0.00062159 -0.00045921 -0.00004287 0.00009621 0.00002947 0.00000454 -0.00000280 -0.00000402 -0.00008223 -0.00579292 -0.00275927 -0.37114594 32.42192 
0.480 0.01882907 5 6367076.81 -457573.86 -517585.68 -2121338.31 -337926.70 9801501.36 693361757.02 0.00020832 -0.01793925 -0.01324094 -0.00299592 -0.00166870 -0.00215830 -0.00216488 -0.00216280 -0.00215131 -0.00212970 -0.00209669 -0.00205060 -0.00198969 -0.00191284 -0.00181955 -0.00170731 -0.00156923 -0.00139721 -0.00082119 -0.00000546 0.00013800 0.00003007 0.00000370 -0.00000293 -0.00000403 -0.00025113 -0.00558450 -0.00275129 -0.39301250 34.58338 
0.510 0.01700681 5 7423948.59 -418949.38 496950.66 -2062508.46 -39246.24 9447702.01 718603057.72 0.00067211 -0.01616694 -0.01246220 -0.00303749 -0.00208371 -0.00359225 -0.00366090 -0.00368140 -0.00366814 -0.00362087 -0.00353894 -0.00342150 -0.00326791 -0.00307891 -0.00285671 -0.00260135 -0.00230717 -0.00196858 -0.00102091 0.00006763 0.00017066 0.00002613 0.00000363 -0.00000243 -0.00000393 -0.00039593 -0.00537969 -0.00273220 -0.40894777 36.74484 
0.540 0.01520039 5 8407451.99 -681651.11 1645251.29 -1977100.63 279758.29 9141194.15 754392547.99 0.00083255 -0.01441288 -0.01157572 -0.00310102 -0.00254367 -0.00472169 -0.00482153 -0.00484399 -0.00481290 -0.00472830 -0.00459008 -0.00439816 -0.00415318 -0.00385822 -0.00351909 -0.00313957 -0.00271738 -0.00225401 -0.00107301 0.00014427 0.00018831 0.00001797 0.00000407 -0.00000157 -0.00000386 -0.00049327 -0.00520613 -0.00270255 -0.41915866 38.90630 
0.570 0.01363971 5 9224284.98 -1011362.66 2602669.70 -1844634.38 549806.09 8927806.24 791211006.71 0.00071528 -0.01290354 -0.01066984 -0.00312181 -0.00294345 -0.00550865 -0.00561748 -0.00562803 -0.00556980 -0.00544326 -0.00524904 -0.00498816 -0.00466317 -0.00428069 -0.00385186 -0.00338604 -0.00288535 -0.00235493 -0.00106191 0.00019609 0.00018743 0.00000579 0.00000504 -0.00000035 -0.00000382 -0.00055033 -0.00504875 -0.00265908 -0.42146618 41.06776 
0.600 0.01222461 5 9970564.23 -1095896.54 3204940.74 -1680176.46 795501.75 8746194.75 820198378.12 0.00044664 -0.01154772 -0.00971102 -0.00316175 -0.00318346 -0.00618068 -0.00631009 -0.00631803 -0.00624334 -0.00608650 -0.00584828 -0.00552982 -0.00513442 -0.00467125 -0.00415686 -0.00360903 -0.00303822 -0.00245240 -0.00106809 0.00023471 0.00018999 -0.00000263 0.00000566 0.00000040 -0.00000389 -0.00060249 -0.00486419 -0.00260028 -0.41787389 43.22922 
0.630 0.01150157 2 -9193757.42 6237663.69 -5569087.68 -1705472.79 -1355706.93 -6801153.70 -935175254.84 -0.00362094 0.00302929 0.00080522 0.00185256 0.01143595 0.01373742 0.01344839 0.01312888 0.01276323 0.01235234 0.01189632 0.01139436 0.01084280 0.01023092 0.00954060 0.00875821 0.00789070 0.00696728 0.00458446 0.00116468 -0.00034868 -0.00023744 0.00000701 0.00001937 0.00000077 0.00145686 0.00434749 0.00281192 0.56397280 45.39068 
0.660 0.01264026 2 -8894326.33 6668162.63 -5785270.90 -1558500.85 -1275740.26 -6942976.96 -939865451.17 -0.00423450 0.00271029 0.00054655 0.00178180 0.01257211 0.01440935 0.01403725 0.01365684 0.01323741 0.01278005 0.01228507 0.01175170 0.01117573 0.01054415 0.00983444 0.00902902 0.00813547 0.00718865 0.00477692 0.00128095 -0.00034040 -0.00025308 0.00000737 0.00002084 0.00000097 0.00151177 0.00454866 0.00293540 0.59737441 47.55215 
0.690 0.01376641 2 -8597426.72 7064475.41 -6032476.79 -1368789.05 -1190657.19 -7069979.11 -941666905.68 -0.00488591 0.00235199 0.00027351 0.00172970 0.01369753 0.01513159 0.01468224 0.01424475 0.01377440 0.01327245 0.01273934 0.01217433 0.01157254 0.01091835 0.01018431 0.00934846 0.00841942 0.00743788 0.00497152 0.00139034 -0.00032942 -0.00026685 0.00000759 0.00002212 0.00000114 0.00157317 0.00474071 0.00305804 0.63134457 49.71361 
0.720 0.01487259 2 -8288782.02 7430734.24 -6262656.70 -1189727.58 -1068220.66 -7198911.32 -941051466.36 -0.00556445 0.00197240 -0.00001038 0.00171470 0.01480431 0.01586872 0.01534703 0.01485623 0.01433816 0.01379425 0.01322508 0.01262989 0.01200303 0.01132598 0.01056571 0.00969565 0.00872578 0.00770269 0.00516406 0.00149230 -0.00031862 -0.00028113 0.00000781 0.00002345 0.00000131 0.00163736 0.00492855 0.00318019 0.66570454 51.87507 
0.750 0.01596029 2 -7996977.19 7757527.40 -6485795.04 -1017636.61 -935138.33 -7315934.62 -938864366.39 -0.00627395 0.00156840 -0.00029475 0.00171425 0.01589315 0.01664664 0.01605820 0.01551774 0.01495493 0.01437133 0.01376761 0.01314298 0.01249095 0.01178979 0.01100038 0.01009159 0.00907474 0.00800213 0.00536751 0.00158858 -0.00030676 -0.00029399 0.00000804 0.00002464 0.00000143 0.00170778 0.00510882 0.00330211 0.70055821 54.03653 
0.780 0.01703515 2 -7707447.45 8063284.49 -6699965.07 -868956.91 -772561.17 -7429248.79 -935242349.38 -0.00700536 0.00114782 -0.00058620 0.00174273 0.01696931 0.01743203 0.01678024 0.01619290 0.01558789 0.01496689 0.01433066 0.01367834 0.01300248 0.01227791 0.01145910 0.01051042 0.00944335 0.00831576 0.00557044 0.00167559 -0.00029451 -0.00030538 0.00000821 0.00002571 0.00000153 0.00178012 0.00528651 0.00342383 0.73575592 56.19799 
0.810 0.01809733 2 -7443850.68 8339800.31 -6913399.98 -723009.17 -623893.82 -7523348.03 -931127834.30 -0.00775842 0.00071032 -0.00087495 0.00177167 0.01803268 0.01826314 0.01755274 0.01692141 0.01627642 0.01561956 0.01495167 0.01427183 0.01357160 0.01282221 0.01197153 0.01097938 0.00985537 0.00866282 0.00578285 0.00175186 -0.00028423 -0.00031572 0.00000835 0.00002666 0.00000161 0.00185845 0.00545745 0.00354557 0.77135054 58.35945 
0.840 0.01914507 2 -7170393.72 8606496.40 -7106998.83 -616659.43 -433915.67 -7619316.19 -925715456.63 -0.00852940 0.00026594 -0.00116637 0.00184434 0.01908105 0.01906814 0.01830093 0.01762799 0.01694553 0.01625545 0.01555867 0.01485418 0.01413250 0.01336109 0.01248119 0.01144760 0.01026547 0.00900385 0.00598217 0.00181675 -0.00027329 -0.00032436 0.00000842 0.00002744 0.00000166 0.00193462 0.00563028 0.00366706 0.80715113 60.52091 
0.870 0.02017521 2 -6908138.73 8851936.98 -7285471.38 -530055.20 -237387.58 -7707161.54 -919745906.57 -0.00931905 -0.00019107 -0.00145146 0.00193830 0.02011162 0.01988474 0.01906408 0.01835212 0.01763455 0.01691335 0.01618949 0.01546189 0.01471995 0.01392726 0.01301843 0.01194225 0.01069747 0.00936072 0.00618228 0.00187220 -0.00026449 -0.00033237 0.00000864 0.00002819 0.00000168 0.00201301 0.00580065 0.00378857 0.84328295 62.68237 
0.900 0.02118848 2 -6669562.19 9078002.11 -7463802.90 -427484.90 -83175.19 -7773101.31 -914098228.79 -0.01011718 -0.00064242 -0.00170890 0.00201016 0.02112549 0.02074664 0.01987572 0.01912645 0.01837499 0.01762339 0.01687272 0.01612177 0.01535882 0.01454346 0.01360372 0.01248112 0.01116788 0.00975047 0.00639511 0.00192044 -0.00025680 -0.00033877 0.00000884 0.00002878 0.00000167 0.00209717 0.00596632 0.00391094 0.87963907 64.84383 
0.930 0.02218600 2 -6421394.74 9294833.82 -7623236.02 -357823.27 90520.27 -7825689.54 -907074975.91 -0.01093856 -0.00110328 -0.00195884 0.00212482 0.02212330 0.02158475 0.02066447 0.01987926 0.01909530 0.01831469 0.01753861 0.01676573 0.01598310 0.01514607 0.01417592 0.01300540 0.01162238 0.01012572 0.00659121 0.00195534 -0.00024805 -0.00034238 0.00000899 0.00002911 0.00000162 0.00217833 0.00613456 0.00403292 0.91625377 67.00530 
0.960 0.02312372 2 -6207732.18 9484052.76 -7777869.72 -234434.15 171556.49 -7851037.56 -901391759.37 -0.01174452 -0.00151415 -0.00211438 0.00224411 0.02306165 0.02239909 0.02143335 0.02061388 0.01979837 0.01898904 0.01818712 0.01739109 0.01658642 0.01572360 0.01471707 0.01349042 0.01203254 0.01045657 0.00674621 0.00196483 -0.00024609 -0.00034421 0.00000920 0.00002926 0.00000155 0.00225367 0.00631025 0.00415530 0.95240985 69.16676 
0.990 0.02398539 2 -5983962.39 9634942.08 -7883144.62 -127507.65 224184.19 -7832436.39 -893360685.26 -0.01260430 -0.00193188 -0.00217359 0.00254033 0.02392196 0.02303094 0.02202348 0.02117327 0.02032944 0.01949428 0.01866907 0.01785195 0.01702604 0.01613580 0.01508874 0.01380027 0.01226854 0.01062155 0.00677801 0.00193097 -0.00025134 -0.00034294 0.00000961 0.00002915 0.00000141 0.00230257 0.00651291 0.00427628 0.98900069 71.32822 
1.020 0.02487260 2 -5753310.08 9796145.64 -8009140.24 9278.74 249128.61 -7798722.83 -885049576.44 -0.01349645 -0.00233140 -0.00222703 0.00275352 0.02480825 0.02378810 0.02273834 0.02185628 0.02098309 0.02012111 0.01927168 0.01843256 0.01758445 0.01666550 0.01557512 0.01421932 0.01260862 0.01088315 0.00687136 0.00191071 -0.00025447 -0.00034259 0.00000994 0.00002911 0.00000129 0.00236796 0.00670489 0.00440101 1.02653037 73.48968 
1.050 0.02579311 2 -5483086.58 9965507.82 -8125323.35 125849.43 285738.32 -7734858.80 -874051923.09 -0.01448299 -0.00278809 -0.00231086 0.00302071 0.02572536 0.02458894 0.02349415 0.02257877 0.02167510 0.02078552 0.01991149 0.01905037 0.01818035 0.01723303 0.01609847 0.01467362 0.01298318 0.01117586 0.00697801 0.00188844 -0.00025572 -0.00034163 0.00001027 0.00002900 0.00000114 0.00243820 0.00689755 0.00452864 1.06613767 75.65114 
1.080 0.02672639 2 -5187976.64 10139482.83 -8241662.19 250131.52 315465.76 -7651394.57 -861444206.84 -0.01552928 -0.00325129 -0.00239556 0.00328452 0.02665320 0.02546307 0.02432125 0.02337098 0.02243540 0.02151688 0.02061707 0.01973289 0.01883984 0.01786271 0.01668098 0.01518445 0.01341137 0.01151481 0.00710842 0.00186426 -0.00025622 -0.00033995 0.00001057 0.00002882 0.00000097 0.00251659 0.00708598 0.00465861 1.10692818 77.81260 
1.110 0.02763676 2 -4902494.28 10299573.26 -8342766.13 346707.18 356679.28 -7562687.87 -848579287.05 -0.01655383 -0.00368828 -0.00249149 0.00354350 0.02755721 0.02634658 0.02515920 0.02417496 0.02320821 0.02226132 0.02133603 0.02042876 0.01951205 0.01850364 0.01727184 0.01570328 0.01384677 0.01185506 0.00723644 0.00183259 -0.00025817 -0.00033760 0.00001086 0.00002857 0.00000080 0.00259577 0.00726850 0.00478624 1.14681413 79.97406 
1.140 0.02853441 2 -4616382.04 10453431.00 -8434473.80 432106.75 395830.68 -7463276.67 -835248958.32 -0.01757658 -0.00409678 -0.00258708 0.00379788 0.02844729 0.02725250 0.02601958 0.02500128 0.02400321 0.02302776 0.02207672 0.02114593 0.02020470 0.01916336 0.01787868 0.01623787 0.01429374 0.01219395 0.00735664 0.00179559 -0.00025957 -0.00033428 0.00001109 0.00002822 0.00000061 0.00267657 0.00744866 0.00491361 1.18640040 82.13552 
1.170 0.02942120 2 -4338703.06 10608954.25 -8533328.60 536777.14 417691.04 -7368796.89 -822781368.76 -0.01857064 -0.00442222 -0.00265947 0.00398836 0.02932694 0.02822246 0.02694375 0.02589069 0.02486054 0.02385566 0.02287789 0.02192240 0.02095485 0.01987791 0.01853672 0.01682215 0.01478076 0.01255264 0.00748144 0.00175648 -0.00026296 -0.00033116 0.00001130 0.00002789 0.00000045 0.00276362 0.00762689 0.00504341 1.22547808 84.29699 
1.200 0.03029700 2 -4049216.35 10753101.46 -8611963.60 608031.49 456356.70 -7254742.40 -808582216.45 -0.01959031 -0.00475330 -0.00274366 0.00421418 0.03019331 0.02919814 0.02787370 0.02678631 0.02572459 0.02469082 0.02368684 0.02270713 0.02171343 0.02060045 0.01920211 0.01741446 0.01526506 0.01289330 0.00758279 0.00170715 -0.00026593 -0.00032672 0.00001142 0.00002741 0.00000026 0.00284994 0.00780341 0.00517201 1.26465806 86.45845 
