0.001 0.00011713 4 81205.11 2305.95 7472.29 10127.06 9250.94 52048.87 5924533.24 0.00000306 -0.00004688 -0.00011713 -0.00003532 -0.00000147 0.00003991 0.00004417 0.00004109 0.00003683 0.00003186 0.00002642 0.00002091 0.00001570 0.00001102 0.00000689 0.00000326 0.00000012 -0.00000255 -0.00000450 0.00000052 0.00000971 -0.00000038 -0.00001047 -0.00000168 0.00000165 0.00000282 -0.00003618 -0.00001546 -0.00273110 0.06419 
0.030 0.00199839 5 -2241594.53 83550.23 28234.94 -184353.49 -269128.95 -1899897.25 -192014640.29 0.00057633 0.00199839 0.00092488 0.00072576 0.00046366 0.00053782 0.00053505 0.00050663 0.00046143 0.00040295 0.00033585 0.00026598 0.00019902 0.00013921 0.00008902 0.00004937 0.00001995 -0.00000046 -0.00001773 -0.00000844 0.00000598 -0.00000089 -0.00000913 -0.00000317 -0.00000100 0.00002851 0.00077281 0.00037742 0.05061628 1.92577 
0.060 0.00371931 5 -4098649.77 176541.39 87933.65 -328496.24 -500925.30 -3533703.27 -355275741.66 0.00104927 0.00371931 0.00180364 0.00136326 0.00084855 0.00097984 0.00097703 0.00093388 0.00086177 0.00076516 0.00065042 0.00052607 0.00040193 0.00028802 0.00019046 0.00011196 0.00005282 0.00001126 -0.00002748 -0.00001701 0.00000551 0.00000027 -0.00000853 -0.00000296 -0.00000110 0.00005460 0.00145040 0.00070892 0.09576665 3.85155 
0.090 0.00527952 5 -5743701.13 259012.83 140663.36 -452518.32 -710555.10 -4980303.90 -499957743.26 0.00147420 0.00527952 0.00259897 0.00194224 0.00120474 0.00139321 0.00138993 0.00133284 0.00123586 0.00110438 0.00094681 0.00077448 0.00059972 0.00043474 0.00029087 0.00017410 0.00008556 0.00002299 -0.00003728 -0.00002570 0.00000567 0.00000143 -0.00000865 -0.00000263 -0.00000069 0.00007933 0.00206675 0.00101098 0.13703563 5.77732 
0.120 0.00664111 5 -7193845.43 318131.16 162534.32 -562220.93 -889327.85 -6222962.14 -625057672.46 0.00183530 0.00664111 0.00329189 0.00243605 0.00151614 0.00194262 0.00195676 0.00190110 0.00179455 0.00164105 0.00144842 0.00122700 0.00099165 0.00075863 0.00054285 0.00035762 0.00020890 0.00009741 -0.00002990 -0.00004226 0.00000202 0.00000219 -0.00000911 -0.00000231 -0.00000009 0.00012283 0.00260411 0.00128600 0.17539568 7.70310 
0.150 0.00798601 5 3085305.49 -1173869.30 -2031201.35 -965131.26 309649.62 6945857.78 506348658.98 -0.00290673 -0.00790085 -0.00383980 -0.00216611 -0.00084447 0.00067223 0.00072944 0.00072704 0.00068340 0.00060110 0.00048592 0.00034444 0.00018827 0.00003514 -0.00009583 -0.00018886 -0.00023523 -0.00024062 -0.00016069 -0.00002987 0.00000279 0.00000128 0.00000186 -0.00000319 -0.00000466 0.00002182 -0.00263247 -0.00122245 -0.14080243 9.62887 
0.180 0.00955839 5 3957156.70 -1221326.31 -2151542.80 -1180216.99 337168.73 8173074.07 599132221.88 -0.00348611 -0.00945323 -0.00455441 -0.00255876 -0.00106132 0.00070203 0.00077347 0.00078477 0.00075496 0.00068586 0.00058079 0.00044363 0.00028105 0.00010651 -0.00006128 -0.00020186 -0.00029718 -0.00033832 -0.00026182 -0.00006367 0.00000419 0.00000540 0.00000417 -0.00000302 -0.00000504 0.00002131 -0.00315276 -0.00146662 -0.16914857 11.55465 
0.210 0.01086875 5 4886168.29 -1176970.02 -2018180.29 -1306807.37 388467.57 8999658.40 671668886.84 -0.00391880 -0.01066529 -0.00528662 -0.00284821 -0.00126576 0.00043187 0.00050166 0.00051995 0.00050359 0.00045419 0.00037436 0.00026742 0.00013769 -0.00000793 -0.00015627 -0.00028995 -0.00039242 -0.00044838 -0.00036898 -0.00009823 0.00000741 0.00000999 0.00000604 -0.00000271 -0.00000510 -0.00000389 -0.00360507 -0.00169204 -0.19825843 13.48042 
0.240 0.01209316 5 5398422.80 -940698.22 -1791862.31 -1771452.27 392970.53 9509465.07 698847246.51 -0.00386114 -0.01168629 -0.00638623 -0.00293706 -0.00133419 0.00012247 0.00018543 0.00020557 0.00019718 0.00016185 0.00010208 0.00002107 -0.00007718 -0.00018772 -0.00030346 -0.00041255 -0.00050331 -0.00056200 -0.00048651 -0.00013713 0.00001647 0.00001624 0.00000667 -0.00000244 -0.00000467 -0.00003505 -0.00396379 -0.00187675 -0.22660338 15.40620 
0.270 0.01325050 5 5787683.50 -699714.55 -1649303.66 -1931884.92 266777.31 9801809.32 711389092.54 -0.00336672 -0.01269997 -0.00779592 -0.00297399 -0.00134968 -0.00037839 -0.00033953 -0.00032726 -0.00033477 -0.00036048 -0.00040194 -0.00045598 -0.00051871 -0.00058550 -0.00065107 -0.00070956 -0.00075476 -0.00077898 -0.00065900 -0.00019878 0.00002782 0.00002487 0.00000652 -0.00000265 -0.00000425 -0.00009243 -0.00430540 -0.00206737 -0.26111505 17.33197 
0.300 0.01630636 5 -4631885.39 961510.17 2209840.85 1386430.43 -468279.69 -8721387.15 -643612639.44 -0.00071204 0.01630636 0.01286476 0.00303346 0.00114417 0.00012653 0.00001972 -0.00006027 -0.00011942 -0.00015867 -0.00017986 -0.00018552 -0.00017895 -0.00016407 -0.00014528 -0.00012712 -0.00011405 -0.00010994 -0.00014668 -0.00017708 -0.00005619 0.00000125 -0.00000729 -0.00000203 0.00000016 -0.00002968 0.00510344 0.00237661 0.33878138 19.25775 
0.330 0.01928236 5 -3283601.61 1094144.71 2511272.79 1874778.90 -350234.39 -8413563.62 -573296064.97 -0.00246251 0.01928236 0.01558382 0.00281971 0.00063519 -0.00080934 -0.00096799 -0.00107662 -0.00115061 -0.00119087 -0.00119929 -0.00117850 -0.00113198 -0.00106403 -0.00097957 -0.00088378 -0.00078176 -0.00067830 -0.00044246 -0.00019513 -0.00005206 0.00000173 -0.00000681 -0.00000226 -0.00000012 -0.00014622 0.00547573 0.00248922 0.35663377 21.18352 
0.360 0.01833733 5 4876465.62 -1272285.47 -113049.38 -2332481.25 -37124.16 8631405.87 613783971.69 0.00440191 -0.01740125 -0.01518062 -0.00384935 -0.00292288 -0.00327334 -0.00324802 -0.00322330 -0.00319775 -0.00317007 -0.00313817 -0.00309935 -0.00305027 -0.00298709 -0.00290559 -0.00280139 -0.00267016 -0.00250792 -0.00191000 -0.00063742 0.00010359 0.00009331 -0.00000144 -0.00000766 -0.00000189 -0.00044190 -0.00604290 -0.00306752 -0.50592096 23.10930 
0.390 0.01865396 5 4300756.00 -2155049.76 268315.54 -1952696.69 840109.14 7300077.78 591898354.07 0.00930935 -0.01761142 -0.01822951 -0.00617024 -0.00486705 -0.00440237 -0.00429079 -0.00419598 -0.00410224 -0.00400842 -0.00391263 -0.00381242 -0.00370472 -0.00358597 -0.00345224 -0.00329941 -0.00312340 -0.00292051 -0.00223610 -0.00079540 0.00011509 0.00011958 -0.00000449 -0.00001006 -0.00000142 -0.00054098 -0.00728324 -0.00370159 -0.68290224 25.03507 
0.420 0.02137397 4 2907913.46 -2514398.63 -943065.14 -1144301.13 1121272.65 6388405.71 538063104.11 0.01366016 -0.01870483 -0.02137397 -0.00953129 -0.00599852 -0.00358605 -0.00334631 -0.00316596 -0.00300465 -0.00286132 -0.00273414 -0.00262068 -0.00251791 -0.00242225 -0.00232982 -0.00223638 -0.00213752 -0.00202908 -0.00166519 -0.00073091 0.00007722 0.00011716 -0.00000492 -0.00000974 -0.00000090 -0.00039155 -0.00864572 -0.00426091 -0.83175341 26.96085 
0.450 0.02377602 4 1788061.37 -2440301.76 -2401842.11 -628640.74 1211859.04 6046986.95 497489421.60 0.01608575 -0.02026393 -0.02377602 -0.01208390 -0.00665013 -0.00216860 -0.00179342 -0.00152675 -0.00130177 -0.00111738 -0.00097157 -0.00086165 -0.00078424 -0.00073543 -0.00071105 -0.00070626 -0.00071555 -0.00073335 -0.00077518 -0.00054054 0.00001956 0.00009669 -0.00000245 -0.00000782 -0.00000098 -0.00016367 -0.00977575 -0.00466958 -0.92573445 28.88662 
0.480 0.02604379 4 773361.12 -2153982.45 -3681861.01 -693395.67 1383740.42 5918859.83 456369131.78 0.01726954 -0.02265755 -0.02604379 -0.01326690 -0.00678746 -0.00060725 -0.00010371 0.00024423 0.00052883 0.00075134 0.00091397 0.00101969 0.00107215 0.00107538 0.00103343 0.00095078 0.00083401 0.00069154 0.00025844 -0.00022262 -0.00001846 0.00006478 0.00000064 -0.00000487 -0.00000113 0.00008987 -0.01060766 -0.00492488 -0.96933996 30.81240 
0.510 0.02531070 4 353057.72 -2146268.66 -4189845.28 -702270.19 1608266.03 5783175.82 444617649.59 0.01717769 -0.02163294 -0.02531070 -0.01358751 -0.00737126 -0.00002802 0.00058046 0.00100067 0.00134474 0.00161385 0.00181014 0.00193653 0.00199659 0.00199391 0.00193162 0.00181417 0.00164951 0.00144568 0.00080835 -0.00004470 -0.00004349 0.00004142 0.00000294 -0.00000310 -0.00000170 0.00021448 -0.01063137 -0.00486980 -0.96569237 32.73817 
0.540 0.02372106 4 -46369.76 -2289179.29 -4351760.70 -772009.18 1749840.92 5616738.49 431464981.27 0.01657835 -0.01967570 -0.02372106 -0.01360661 -0.00797089 0.00040516 0.00111193 0.00160040 0.00200126 0.00231561 0.00254548 0.00269373 0.00276375 0.00275853 0.00267977 0.00253094 0.00232049 0.00205999 0.00124728 0.00009028 -0.00006760 0.00002162 0.00000487 -0.00000160 -0.00000211 0.00031538 -0.01039442 -0.00470512 -0.94250065 34.66395 
0.570 0.02235063 4 -495392.64 -2492481.14 -4432471.62 -788944.52 1777407.17 5441097.47 414546912.31 0.01626188 -0.01767369 -0.02235063 -0.01417555 -0.00841234 0.00099600 0.00177416 0.00230818 0.00274375 0.00308193 0.00332480 0.00347524 0.00353658 0.00351106 0.00339834 0.00320044 0.00292580 0.00259231 0.00158532 0.00016713 -0.00010064 0.00000246 0.00000684 -0.00000004 -0.00000235 0.00041200 -0.01024294 -0.00458278 -0.93102220 36.58972 
0.600 0.02072187 4 -976314.87 -2604680.90 -4043810.79 -1400629.11 1359137.28 5713668.65 387638143.22 0.01422412 -0.01637097 -0.02072187 -0.01342966 -0.00770956 0.00224965 0.00305624 0.00359939 0.00403250 0.00435663 0.00457389 0.00468711 0.00469908 0.00461007 0.00441810 0.00412554 0.00374140 0.00329170 0.00200555 0.00025840 -0.00013983 -0.00002248 0.00000874 0.00000174 -0.00000273 0.00055883 -0.00961757 -0.00421163 -0.84614033 38.51550 
0.630 0.02144531 4 1280789.60 -1502500.48 -3023534.15 -2086024.02 2193286.86 5699561.39 443210791.25 0.01003871 -0.01819626 -0.02144531 -0.00692240 -0.00256147 0.00047084 0.00074758 0.00092579 0.00105934 0.00114958 0.00119875 0.00120969 0.00118558 0.00112951 0.00104266 0.00092310 0.00077189 0.00060881 0.00023460 -0.00003512 0.00002261 0.00001641 0.00000270 0.00000100 0.00000056 0.00012483 -0.00725987 -0.00333695 -0.61534398 40.44127 
0.660 0.02187526 4 1506806.11 -1632237.68 -2774558.23 -2228831.61 2153659.34 5988774.28 465253848.08 0.00934884 -0.01948648 -0.02187526 -0.00636713 -0.00232808 0.00065323 0.00093283 0.00111182 0.00124555 0.00133535 0.00138340 0.00139249 0.00136539 0.00130456 0.00120915 0.00107197 0.00090014 0.00071566 0.00029656 -0.00003719 0.00000920 0.00001387 0.00000337 0.00000123 0.00000044 0.00014610 -0.00733571 -0.00336120 -0.60181674 42.36705 
0.690 0.02258597 3 6301319.53 -1142507.24 -1368930.88 2787610.68 1901666.70 4123480.28 595158902.76 0.02262553 -0.00646975 -0.01798548 -0.02258597 -0.01077502 -0.00871524 -0.00883592 -0.00887869 -0.00887696 -0.00882944 -0.00873422 -0.00858939 -0.00839517 -0.00815806 -0.00788801 -0.00758041 -0.00721479 -0.00677400 -0.00522497 -0.00213546 -0.00011554 0.00016753 -0.00000025 -0.00001602 -0.00000405 -0.00124441 -0.01053566 -0.00559993 -1.28959834 44.29282 
0.720 0.02451321 3 8086656.37 -517056.41 7771.08 3030277.27 1775216.11 3790448.32 613634122.41 0.02533326 -0.00766784 -0.01920047 -0.02451321 -0.01219789 -0.01138513 -0.01160164 -0.01168108 -0.01167474 -0.01158234 -0.01140367 -0.01113911 -0.01079277 -0.01037654 -0.00990442 -0.00937085 -0.00875997 -0.00806308 -0.00593812 -0.00226434 -0.00012437 0.00016318 0.00000075 -0.00001583 -0.00000428 -0.00154555 -0.01152581 -0.00622406 -1.43165715 46.21860 
