0.001 0.00011697 5 -35078.58 -13205.48 -35653.62 -26253.95 -6572.31 46606.79 1047090.94 -0.00001285 -0.00004945 -0.00011210 -0.00001810 0.00001912 0.00008123 0.00008470 0.00007881 0.00007057 0.00006086 0.00005025 0.00003956 0.00002951 0.00002060 0.00001300 0.00000667 0.00000158 -0.00000239 -0.00000538 0.00000019 0.00001028 0.00000005 -0.00001040 -0.00000146 0.00000189 0.00000494 -0.00002582 -0.00000948 -0.00137541 0.07230 
0.030 0.00187771 5 -1159864.39 -579824.29 -1057893.97 -802041.48 -203521.57 1483416.91 37602689.63 -0.00093053 -0.00180740 -0.00085622 -0.00023656 0.00013148 0.00113900 0.00117938 0.00115794 0.00109438 0.00099444 0.00086599 0.00071943 0.00056687 0.00042074 0.00029072 0.00018246 0.00009825 0.00003718 -0.00002733 -0.00002548 0.00000340 -0.00000017 -0.00000984 -0.00000274 0.00000033 0.00007216 -0.00044573 -0.00017061 -0.00808546 2.16912 
0.060 0.00347501 5 -1952947.91 -1090005.67 -1853688.13 -1430989.25 -360835.87 2782571.02 79931985.65 -0.00173930 -0.00340051 -0.00154429 -0.00048137 0.00018002 0.00216318 0.00225770 0.00224325 0.00215240 0.00199330 0.00177854 0.00152488 0.00125105 0.00097559 0.00071565 0.00048607 0.00029775 0.00015391 -0.00002054 -0.00005574 -0.00000730 -0.00000008 -0.00000832 -0.00000349 -0.00000113 0.00015056 -0.00085341 -0.00032008 -0.01506694 4.33823 
0.090 0.00506143 5 -2813885.66 -1556228.75 -2965553.92 -1890561.26 -409577.27 4008035.54 122949872.67 -0.00253421 -0.00498520 -0.00227875 -0.00084724 0.00022769 0.00352452 0.00370312 0.00371800 0.00362084 0.00341985 0.00312864 0.00276550 0.00235383 0.00192079 0.00149318 0.00109457 0.00074506 0.00045878 0.00005861 -0.00009606 -0.00002800 -0.00000093 -0.00000613 -0.00000375 -0.00000233 0.00027338 -0.00129146 -0.00046018 -0.02039804 6.50735 
0.120 0.00632391 5 -3375938.55 -2262056.29 -3504795.63 -2143275.69 -427811.92 4962000.98 172859911.73 -0.00310853 -0.00624560 -0.00289974 -0.00123521 0.00013182 0.00487474 0.00515672 0.00522509 0.00515255 0.00494661 0.00461999 0.00418953 0.00367751 0.00311190 0.00252493 0.00195056 0.00142118 0.00096236 0.00024511 -0.00012832 -0.00005839 -0.00000434 -0.00000329 -0.00000345 -0.00000324 0.00041893 -0.00170154 -0.00057509 -0.02588947 8.67647 
0.150 0.00694828 5 -5901184.41 411486.80 579760.31 289106.40 -603689.67 -6577848.25 -577304303.54 0.00186486 0.00694828 0.00329220 0.00206077 0.00119467 0.00224265 0.00236178 0.00241833 0.00244719 0.00244732 0.00241708 0.00235437 0.00225683 0.00212213 0.00194888 0.00173777 0.00149304 0.00122660 0.00060399 0.00002340 -0.00005115 -0.00001554 -0.00000800 -0.00000174 -0.00000101 0.00026691 0.00244677 0.00128877 0.17343900 10.84559 
0.180 0.00779244 5 -3501978.34 -3398233.71 -4013340.96 -1961789.58 -187814.65 6059200.56 276751706.72 -0.00367140 -0.00770737 -0.00375788 -0.00199499 -0.00020415 0.00640930 0.00683057 0.00698141 0.00696158 0.00677811 0.00644309 0.00597228 0.00538683 0.00471378 0.00398513 0.00323676 0.00250583 0.00182977 0.00063044 -0.00014924 -0.00010904 -0.00001241 0.00000161 -0.00000231 -0.00000421 0.00061216 -0.00234026 -0.00077186 -0.04565130 13.01470 
0.210 0.00878518 5 -2277707.00 -3338313.02 -3601592.94 -2002500.45 -143973.66 6808673.07 355231675.26 -0.00410436 -0.00868610 -0.00425819 -0.00237897 -0.00053437 0.00677439 0.00728760 0.00753103 0.00761292 0.00753572 0.00730564 0.00692922 0.00641878 0.00579441 0.00508308 0.00431713 0.00353058 0.00275959 0.00119281 -0.00007874 -0.00015821 -0.00002792 0.00000584 -0.00000031 -0.00000457 0.00073600 -0.00277548 -0.00091010 -0.05942712 15.18382 
0.240 0.00942363 5 -1339594.52 2624686.30 2755328.00 1819020.32 -826659.05 -7711970.10 -539633416.31 0.00285753 0.00942363 0.00517517 0.00270737 0.00109677 -0.00195546 -0.00212176 -0.00216827 -0.00212067 -0.00198634 -0.00177736 -0.00150845 -0.00119814 -0.00086750 -0.00053811 -0.00023084 0.00003640 0.00024659 0.00041945 0.00019384 -0.00000177 -0.00002176 -0.00001004 -0.00000254 -0.00000183 -0.00011514 0.00322365 0.00145001 0.17332681 17.35294 
0.270 0.01027629 5 -941712.64 2791133.09 2777721.55 2378526.18 -815195.44 -8073898.01 -539548487.68 0.00272416 0.01027629 0.00610331 0.00277612 0.00112798 -0.00234066 -0.00255433 -0.00262734 -0.00259361 -0.00246072 -0.00224102 -0.00194949 -0.00160542 -0.00123220 -0.00085371 -0.00049195 -0.00016472 0.00011168 0.00043974 0.00027209 0.00000124 -0.00002955 -0.00000880 -0.00000193 -0.00000222 -0.00015454 0.00349296 0.00155532 0.18841511 19.52205 
0.300 0.01064849 5 -1537802.01 2300507.81 2562052.88 2576054.95 -799604.57 -8176813.08 -544365787.93 0.00227350 0.01064849 0.00681776 0.00274788 0.00138916 -0.00176638 -0.00200342 -0.00211352 -0.00212823 -0.00205301 -0.00189746 -0.00167197 -0.00139150 -0.00107679 -0.00075096 -0.00043417 -0.00013994 0.00011987 0.00047746 0.00032494 -0.00000509 -0.00003868 -0.00000707 -0.00000112 -0.00000262 -0.00012136 0.00370440 0.00167206 0.21321994 21.69117 
0.330 0.01065973 5 -2532757.81 1259063.36 2334029.72 2789779.51 -795783.65 -8119846.74 -536682675.54 0.00157045 0.01065973 0.00732840 0.00253787 0.00175724 -0.00050539 -0.00072615 -0.00086363 -0.00093918 -0.00095396 -0.00091073 -0.00081301 -0.00066739 -0.00048784 -0.00029411 -0.00010209 0.00008251 0.00025617 0.00052473 0.00033684 -0.00002658 -0.00004870 -0.00000479 -0.00000015 -0.00000302 -0.00003175 0.00381358 0.00177085 0.24039030 23.86029 
0.360 0.01022462 5 -3242600.92 387536.80 2470251.59 2741227.11 -961461.16 -7880155.26 -527690917.36 0.00069421 0.01022462 0.00753963 0.00226811 0.00229905 0.00124614 0.00108430 0.00096373 0.00087366 0.00081311 0.00078013 0.00077161 0.00078134 0.00079764 0.00080627 0.00080081 0.00078944 0.00078563 0.00076726 0.00035510 -0.00007355 -0.00006632 -0.00000167 0.00000160 -0.00000329 0.00013582 0.00385042 0.00187714 0.27469759 26.02941 
0.390 0.00948994 5 10965257.48 951801.67 1162560.54 789699.79 1140224.86 6920970.62 758255408.47 -0.00180349 -0.00903232 -0.00744048 -0.00159850 0.00096364 -0.00467313 -0.00511463 -0.00534341 -0.00545750 -0.00545743 -0.00534444 -0.00512137 -0.00479735 -0.00439575 -0.00394805 -0.00347618 -0.00298064 -0.00245548 -0.00110571 0.00030024 0.00026709 0.00002573 0.00000327 -0.00000192 -0.00000276 -0.00054440 -0.00272088 -0.00156468 -0.21214315 28.19852 
0.420 0.00999736 5 10627750.98 1018849.37 1181256.76 221832.62 1002460.36 7203351.87 743486809.98 -0.00181389 -0.00950108 -0.00812179 -0.00203192 0.00128705 -0.00398383 -0.00441700 -0.00464765 -0.00477085 -0.00478710 -0.00469757 -0.00450547 -0.00422248 -0.00387532 -0.00349685 -0.00310612 -0.00269491 -0.00224543 -0.00101261 0.00030898 0.00025508 0.00002069 0.00000371 -0.00000145 -0.00000276 -0.00047868 -0.00289247 -0.00161021 -0.21703138 30.36764 
0.450 0.01494812 3 7944972.57 -457130.11 -1441235.82 2805586.25 2017268.15 5020484.11 680764353.32 0.01043324 -0.00057704 -0.00963672 -0.01484492 -0.00566549 -0.00509674 -0.00527001 -0.00533092 -0.00532501 -0.00525112 -0.00510784 -0.00489540 -0.00462369 -0.00431787 -0.00400404 -0.00368417 -0.00333113 -0.00291232 -0.00158458 0.00011786 0.00033107 0.00006528 -0.00000221 -0.00000519 -0.00000164 -0.00056777 -0.00623894 -0.00322628 -0.74112179 32.53676 
0.480 0.01580557 3 7564125.79 -772437.64 -1280012.34 3360110.89 2166778.72 4089686.16 644803961.13 0.01080273 0.00221684 -0.00751094 -0.01568322 -0.00570129 -0.00476810 -0.00496184 -0.00503716 -0.00504152 -0.00497394 -0.00483340 -0.00462169 -0.00435373 -0.00406224 -0.00378102 -0.00351479 -0.00322974 -0.00287747 -0.00163358 0.00007132 0.00031377 0.00005996 -0.00000214 -0.00000507 -0.00000194 -0.00054550 -0.00571657 -0.00296957 -0.71777697 34.70587 
0.510 0.01635005 3 -4550670.93 683534.08 3080078.62 -3811790.77 -2045811.95 -2456680.91 -463714298.91 -0.01708656 -0.00677663 0.00294005 0.01633229 0.01357995 0.01241413 0.01234560 0.01222223 0.01205444 0.01184167 0.01158232 0.01127009 0.01088197 0.01037314 0.00969533 0.00883554 0.00783997 0.00680292 0.00443448 0.00132547 -0.00010569 -0.00016237 0.00000510 0.00001316 -0.00000007 0.00143469 0.00641054 0.00376726 0.97899441 36.87499 
0.540 0.01804426 3 -5101632.19 463923.94 2796247.97 -4250454.53 -2317900.94 -1793448.62 -458193857.64 -0.01873925 -0.00858928 0.00213056 0.01804092 0.01423154 0.01368292 0.01370271 0.01363609 0.01350862 0.01331972 0.01306784 0.01274642 0.01233056 0.01176719 0.01099921 0.01001047 0.00885206 0.00763506 0.00485997 0.00135830 -0.00013038 -0.00016921 0.00000556 0.00001416 0.00000045 0.00160507 0.00652363 0.00391077 1.04020729 39.04411 
0.570 0.01873628 3 -5043185.65 547817.57 2546151.03 -4360693.98 -2520141.16 -1256319.12 -439668515.82 -0.01965027 -0.00921603 0.00187708 0.01873527 0.01412535 0.01401623 0.01409313 0.01406948 0.01398056 0.01382584 0.01360378 0.01330703 0.01290714 0.01234221 0.01154762 0.01050322 0.00927047 0.00797029 0.00500849 0.00131715 -0.00016434 -0.00016996 0.00000638 0.00001469 0.00000088 0.00166469 0.00644277 0.00390455 1.05453790 41.21322 
0.600 0.01870285 3 -5106038.46 407345.41 2312634.85 -4449839.12 -2448788.18 -927391.42 -418301283.79 -0.02043079 -0.00944092 0.00153571 0.01870036 0.01420868 0.01488710 0.01501631 0.01502711 0.01496332 0.01482446 0.01460905 0.01430866 0.01389018 0.01328365 0.01242088 0.01128618 0.00995493 0.00854920 0.00532985 0.00135939 -0.00016677 -0.00016764 0.00000637 0.00001481 0.00000126 0.00178282 0.00628967 0.00389553 1.06344110 43.38234 
0.630 0.01827724 2 -9380263.20 7720697.46 -7263423.18 -499476.02 248724.48 -9586785.93 -1046881651.59 -0.00798504 0.00806461 0.00389084 0.00152533 0.01823282 0.02061502 0.01995686 0.01935500 0.01872643 0.01807303 0.01739491 0.01668356 0.01590093 0.01496249 0.01376520 0.01227461 0.01059740 0.00890092 0.00535190 0.00123952 -0.00036251 -0.00025951 0.00001000 0.00002142 0.00000024 0.00204512 0.00710818 0.00441856 0.88481655 45.55146 
0.660 0.01953126 2 -8932493.21 8021036.97 -7516260.32 -301890.82 457272.55 -9592651.59 -1029311399.01 -0.00930643 0.00806261 0.00388090 0.00153564 0.01948914 0.02178942 0.02105944 0.02040414 0.01972707 0.01903026 0.01831370 0.01756713 0.01674626 0.01575519 0.01447611 0.01288373 0.01109473 0.00928952 0.00554473 0.00128298 -0.00035901 -0.00026695 0.00001055 0.00002210 0.00000017 0.00214887 0.00736773 0.00459535 0.93408612 47.72058 
0.690 0.02132762 2 -10216687.16 1047155.46 -2427031.73 -3307990.77 -1585973.93 -3942846.19 -701524768.05 -0.02155944 -0.00697532 0.00073400 0.01640311 0.02114423 0.02421854 0.02410652 0.02384999 0.02345960 0.02293722 0.02228393 0.02148961 0.02050775 0.01925478 0.01766732 0.01577799 0.01368536 0.01155209 0.00689647 0.00152226 -0.00036411 -0.00025392 0.00001238 0.00002409 0.00000338 0.00260134 0.00803944 0.00515059 1.30101248 49.88969 
0.720 0.02372033 2 -10220885.25 540509.29 -2257959.28 -3623066.93 -1838162.62 -3042205.71 -654096406.03 -0.02466877 -0.00968675 -0.00037637 0.01790486 0.02349289 0.02671838 0.02656126 0.02624935 0.02578777 0.02517847 0.02442240 0.02350745 0.02238127 0.02095794 0.01918415 0.01710140 0.01479358 0.01245687 0.00741602 0.00160040 -0.00042525 -0.00029174 0.00001597 0.00002785 0.00000355 0.00283462 0.00834583 0.00541815 1.41023699 52.05881 
0.750 0.02501655 2 -9756632.42 126785.38 -1752513.64 -4084132.17 -2010808.17 -2035963.81 -589049382.75 -0.02719498 -0.01220823 -0.00126163 0.01971982 0.02475493 0.02806517 0.02791897 0.02760953 0.02714379 0.02652337 0.02574845 0.02480384 0.02363075 0.02214089 0.02028481 0.01809216 0.01562803 0.01313426 0.00781364 0.00167762 -0.00046550 -0.00032061 0.00001928 0.00003073 0.00000348 0.00298721 0.00849451 0.00556890 1.48854998 54.22793 
0.780 0.02508378 2 -8687594.07 -98642.72 -720136.15 -4928490.12 -2078378.30 -861946.79 -505686964.54 -0.02907537 -0.01460976 -0.00186030 0.02203324 0.02479068 0.02788720 0.02779601 0.02754196 0.02713969 0.02659032 0.02589286 0.02502829 0.02393108 0.02251079 0.02071880 0.01855614 0.01607829 0.01355603 0.00815302 0.00178810 -0.00051234 -0.00035941 0.00002323 0.00003455 0.00000345 0.00302760 0.00849299 0.00558964 1.53341258 56.39704 
0.810 0.02515894 2 -6833092.32 9199507.87 -8403628.37 423639.72 1439681.97 -9492293.50 -937377412.79 -0.01602269 0.00892012 0.00472559 0.00203833 0.02511814 0.02821550 0.02715547 0.02625404 0.02535292 0.02445451 0.02355662 0.02263439 0.02160217 0.02029597 0.01856717 0.01635087 0.01375956 0.01119463 0.00637650 0.00136721 -0.00035358 -0.00028968 0.00001248 0.00002409 -0.00000017 0.00271611 0.00882336 0.00557905 1.19415294 58.56616 
0.840 0.02638743 2 -10217008.72 1650970.36 -4507039.46 -2072731.58 -957959.88 -4330248.16 -687856156.68 -0.02377965 -0.00918462 -0.00105983 0.01360309 0.02627869 0.03231579 0.03195836 0.03149259 0.03089321 0.03016121 0.02929305 0.02826014 0.02698397 0.02536959 0.02335132 0.02085233 0.01798686 0.01507273 0.00891028 0.00182715 -0.00058954 -0.00039300 0.00002363 0.00003827 0.00000511 0.00340743 0.00831536 0.00570815 1.45337204 60.73528 
0.870 0.02763709 2 -9839775.33 2032890.72 -4832091.64 -1779532.06 -769924.75 -4491117.59 -682173791.10 -0.02434903 -0.01044535 -0.00221496 0.01368176 0.02752548 0.03359475 0.03315633 0.03263115 0.03197951 0.03120232 0.03029453 0.02922193 0.02790088 0.02623796 0.02415584 0.02155358 0.01859175 0.01558551 0.00922899 0.00187771 -0.00063942 -0.00042299 0.00002623 0.00004139 0.00000547 0.00352407 0.00833715 0.00578033 1.48422664 62.90440 
0.900 0.03053558 3 -1108005.52 1739087.42 2989822.85 -6876311.36 -2533342.31 3572737.88 -140803202.99 -0.03423603 -0.02690654 -0.00761940 0.03046617 0.02541819 0.02384853 0.02357966 0.02330163 0.02298492 0.02262875 0.02222491 0.02173294 0.02106528 0.02012334 0.01879026 0.01693293 0.01471899 0.01245807 0.00786090 0.00216898 -0.00038677 -0.00041055 0.00002785 0.00003949 0.00000270 0.00269604 0.00774486 0.00506281 1.58752501 65.07351 
0.930 0.03505953 3 -787987.63 1729078.62 3243122.05 -6858224.78 -2529886.04 3627922.52 -127051994.55 -0.03780698 -0.03020736 -0.00726131 0.03485558 0.02693093 0.02460385 0.02430096 0.02399954 0.02366635 0.02330043 0.02289146 0.02239399 0.02171808 0.02075876 0.01936372 0.01740207 0.01507129 0.01269634 0.00795342 0.00221275 -0.00038231 -0.00042492 0.00002845 0.00004079 0.00000274 0.00276916 0.00864335 0.00552284 1.74363419 67.24263 
