0.001 0.00010998 4 64486.14 1938.74 7647.57 9047.49 7234.36 38617.97 4568402.99 0.00000658 -0.00003308 -0.00010998 -0.00003013 0.00000161 0.00004196 0.00004610 0.00004283 0.00003839 0.00003326 0.00002766 0.00002199 0.00001664 0.00001182 0.00000756 0.00000379 0.00000053 -0.00000224 -0.00000430 0.00000079 0.00001028 0.00000001 -0.00001036 -0.00000144 0.00000188 0.00000301 -0.00003077 -0.00001283 -0.00237542 0.04338 
0.030 0.00145881 5 -1809631.05 12530.46 -77530.59 -167278.88 -195633.69 -1381718.34 -144493322.48 0.00043788 0.00145881 0.00064998 0.00053672 0.00037305 0.00046769 0.00046373 0.00043578 0.00039349 0.00034060 0.00028129 0.00022075 0.00016360 0.00011314 0.00007117 0.00003822 0.00001391 -0.00000287 -0.00001643 -0.00000646 0.00000930 -0.00000055 -0.00001162 -0.00000271 0.00000082 0.00002436 0.00057524 0.00028260 0.03808687 1.30152 
0.060 0.00281513 5 -3517198.41 33827.12 -153896.91 -341225.25 -383547.25 -2672356.10 -280871663.20 0.00083462 0.00281513 0.00133959 0.00105330 0.00071260 0.00090819 0.00090352 0.00085880 0.00078628 0.00069121 0.00058046 0.00046314 0.00034908 0.00024632 0.00015954 0.00009062 0.00003934 0.00000381 -0.00002764 -0.00001487 0.00000861 -0.00000019 -0.00001209 -0.00000336 0.00000003 0.00004919 0.00112839 0.00055509 0.07557622 2.60304 
0.090 0.00414985 5 -5096987.87 57151.83 -190935.63 -481401.67 -558127.65 -3923674.75 -409903540.22 0.00122750 0.00414985 0.00201372 0.00154936 0.00103416 0.00132923 0.00132477 0.00126515 0.00116451 0.00102962 0.00087006 0.00069850 0.00052834 0.00037221 0.00024021 0.00013587 0.00005873 0.00000572 -0.00004085 -0.00002307 0.00000836 0.00000039 -0.00001241 -0.00000372 -0.00000043 0.00007282 0.00166488 0.00081914 0.11164154 3.90456 
0.120 0.00545252 5 -6604368.79 84059.42 -234491.03 -618301.66 -722778.61 -5112856.92 -532881751.74 0.00162916 0.00545252 0.00266680 0.00203128 0.00135207 0.00174283 0.00173804 0.00166392 0.00153722 0.00136546 0.00116032 0.00093733 0.00071359 0.00050547 0.00032641 0.00018448 0.00007979 0.00000815 -0.00005469 -0.00003178 0.00000816 0.00000107 -0.00001269 -0.00000394 -0.00000067 0.00009646 0.00219056 0.00107812 0.14688304 5.20608 
0.150 0.00673661 5 -8025237.87 60704.46 -239967.96 -724298.15 -871586.73 -6250089.51 -647522119.45 0.00204427 0.00673661 0.00330747 0.00249018 0.00164759 0.00223668 0.00224270 0.00216327 0.00201927 0.00181799 0.00157140 0.00129541 0.00100955 0.00073425 0.00048744 0.00028324 0.00013002 0.00002420 -0.00007267 -0.00004687 0.00000695 0.00000213 -0.00001293 -0.00000411 -0.00000078 0.00012967 0.00270249 0.00133575 0.18186449 6.50760 
0.180 0.00796947 5 -9362776.11 27326.57 -283884.63 -798836.31 -1012407.47 -7294974.26 -753157688.98 0.00240378 0.00796947 0.00395062 0.00290353 0.00192328 0.00284623 0.00287563 0.00280165 0.00265112 0.00243054 0.00215094 0.00182723 0.00147914 0.00113002 0.00080267 0.00051662 0.00028693 0.00011834 -0.00006396 -0.00006840 0.00000126 0.00000284 -0.00001300 -0.00000418 -0.00000082 0.00018032 0.00318828 0.00159038 0.21733219 7.80911 
0.210 0.00899429 5 -10328727.89 -321908.08 -532567.19 -637422.48 -1092234.33 -7744595.81 -797419828.11 0.00218356 0.00899429 0.00523822 0.00300112 0.00203170 0.00358233 0.00363934 0.00357187 0.00341352 0.00317055 0.00285374 0.00247776 0.00206247 0.00163289 0.00121605 0.00083698 0.00051721 0.00026965 -0.00003205 -0.00009265 -0.00000819 0.00000298 -0.00001261 -0.00000419 -0.00000093 0.00024420 0.00358873 0.00181203 0.25467052 9.11063 
0.240 0.00927379 5 -10082360.22 -437467.53 -457383.56 -439703.55 -1055702.33 -7692103.25 -777715449.26 0.00138659 0.00927379 0.00635298 0.00290346 0.00191133 0.00385188 0.00393420 0.00388718 0.00374830 0.00352194 0.00321630 0.00284265 0.00241765 0.00196418 0.00150969 0.00108245 0.00070851 0.00040615 0.00000981 -0.00010687 -0.00001669 0.00000252 -0.00001186 -0.00000399 -0.00000097 0.00027961 0.00368671 0.00187678 0.27408211 10.41215 
0.270 0.00997420 5 14216642.82 944070.60 2045108.85 1990523.95 1197015.63 8039923.79 949499011.19 -0.00130582 -0.00949628 -0.00728424 -0.00369787 -0.00269601 -0.00636871 -0.00654541 -0.00651013 -0.00632350 -0.00599516 -0.00554038 -0.00498026 -0.00434162 -0.00365635 -0.00295892 -0.00228439 -0.00166609 -0.00113064 -0.00028905 0.00014637 0.00005483 -0.00000014 0.00000828 -0.00000094 -0.00000526 -0.00050824 -0.00437888 -0.00232270 -0.35984517 11.71367 
0.300 0.01194395 4 8828574.26 117977.48 -260934.92 361470.92 1831789.98 6778270.81 727545438.11 0.00248479 -0.01029487 -0.01194395 -0.00348410 -0.00182618 -0.00446515 -0.00461738 -0.00465281 -0.00461094 -0.00449109 -0.00429271 -0.00401555 -0.00366135 -0.00323728 -0.00275955 -0.00225396 -0.00175243 -0.00128574 -0.00045046 0.00009557 0.00006583 0.00000747 0.00000545 -0.00000037 -0.00000322 -0.00041562 -0.00457158 -0.00236383 -0.40449525 13.01519 
0.330 0.01460254 4 7361475.73 89888.21 -1150730.53 70171.45 1645792.67 6706353.92 665195806.30 0.00422086 -0.01277931 -0.01460254 -0.00407040 -0.00162286 -0.00371177 -0.00384484 -0.00388783 -0.00387494 -0.00380524 -0.00367757 -0.00349054 -0.00324319 -0.00293608 -0.00257422 -0.00217124 -0.00174953 -0.00133697 -0.00053410 0.00006087 0.00006891 0.00001153 0.00000449 0.00000011 -0.00000201 -0.00037100 -0.00518482 -0.00262760 -0.45546513 14.31671 
0.360 0.01729031 4 6062644.44 -423148.12 -1424445.08 -369721.41 2012447.66 6267511.39 621011733.88 0.00593149 -0.01495078 -0.01729031 -0.00473805 -0.00154346 -0.00283329 -0.00291770 -0.00294614 -0.00294087 -0.00290093 -0.00282492 -0.00271116 -0.00255787 -0.00236356 -0.00212790 -0.00185370 -0.00154924 -0.00123187 -0.00054810 0.00002405 0.00006337 0.00001375 0.00000394 0.00000046 -0.00000114 -0.00029866 -0.00583673 -0.00289478 -0.50925665 15.61823 
0.390 0.01977315 4 5235914.33 -674482.82 -1592442.91 -672884.07 1982345.09 6193379.04 590849536.40 0.00739911 -0.01760648 -0.01977315 -0.00519775 -0.00146372 -0.00223050 -0.00227740 -0.00229001 -0.00228204 -0.00225250 -0.00219995 -0.00212266 -0.00201875 -0.00188629 -0.00172350 -0.00152968 -0.00130690 -0.00106428 -0.00050234 0.00000571 0.00005550 0.00001378 0.00000373 0.00000084 -0.00000050 -0.00023991 -0.00647403 -0.00316232 -0.55647710 16.91975 
0.420 0.02263157 4 4746532.08 -909381.59 -1766505.48 -738492.41 1870046.78 6290864.78 582007545.03 0.00891239 -0.02098797 -0.02263157 -0.00597608 -0.00139137 -0.00163343 -0.00164977 -0.00165033 -0.00164141 -0.00162194 -0.00159037 -0.00154487 -0.00148356 -0.00140428 -0.00130438 -0.00118106 -0.00103287 -0.00086291 -0.00043204 -0.00001034 0.00004218 0.00001232 0.00000453 0.00000099 -0.00000067 -0.00018029 -0.00732660 -0.00353031 -0.61784785 18.22127 
0.450 0.02478791 5 3996377.19 -1026547.79 -2156799.43 -874472.09 1653161.15 6401035.34 556602698.18 0.00972727 -0.02364616 -0.02464033 -0.00624752 -0.00127213 -0.00087408 -0.00083861 -0.00081391 -0.00079479 -0.00078013 -0.00076829 -0.00075746 -0.00074587 -0.00073140 -0.00071065 -0.00067892 -0.00063171 -0.00056592 -0.00033265 -0.00003857 0.00002434 0.00001108 0.00000500 0.00000131 -0.00000043 -0.00009914 -0.00788664 -0.00374974 -0.64825367 19.52279 
0.480 0.02673930 5 3658047.32 -1045908.46 -2391215.56 -923918.31 1533984.04 6485105.62 545471114.51 0.01049066 -0.02553787 -0.02608847 -0.00660361 -0.00119863 -0.00050568 -0.00045402 -0.00042357 -0.00040542 -0.00039836 -0.00040068 -0.00041056 -0.00042642 -0.00044634 -0.00046665 -0.00048150 -0.00048467 -0.00047040 -0.00032527 -0.00006498 0.00001525 0.00001126 0.00000526 0.00000144 -0.00000027 -0.00006578 -0.00831243 -0.00393161 -0.67698056 20.82430 
0.510 0.02796427 5 3474930.19 -1055738.76 -2537927.23 -943548.82 1490542.87 6521602.12 539942372.91 0.01109617 -0.02671320 -0.02703917 -0.00697690 -0.00114099 -0.00028635 -0.00023262 -0.00020392 -0.00019066 -0.00019160 -0.00020499 -0.00022911 -0.00026277 -0.00030457 -0.00035088 -0.00039476 -0.00042817 -0.00044380 -0.00034692 -0.00008991 0.00000938 0.00001195 0.00000552 0.00000145 -0.00000023 -0.00005004 -0.00860426 -0.00406006 -0.69930679 22.12582 
0.540 0.02979000 5 3276208.63 -1087623.88 -2317178.75 -1353164.16 1376270.03 6657905.39 528652448.22 0.01116998 -0.02844145 -0.02797146 -0.00608956 -0.00102382 -0.00031035 -0.00023292 -0.00018803 -0.00016173 -0.00015277 -0.00015943 -0.00018017 -0.00021429 -0.00026106 -0.00031698 -0.00037401 -0.00042222 -0.00045343 -0.00039125 -0.00012486 0.00000789 0.00001496 0.00000556 0.00000117 -0.00000029 -0.00004999 -0.00868768 -0.00409913 -0.69387501 23.42734 
0.570 0.02956504 5 3029154.03 -1188860.66 -2497848.89 -1229757.17 1355602.87 6590017.89 522091511.16 0.01164153 -0.02815439 -0.02803798 -0.00679241 -0.00099893 0.00005902 0.00013741 0.00017815 0.00019628 0.00019306 0.00017029 0.00012937 0.00007068 -0.00000540 -0.00009532 -0.00019013 -0.00027839 -0.00035076 -0.00038180 -0.00016348 -0.00000360 0.00001569 0.00000585 0.00000109 -0.00000038 -0.00001979 -0.00877253 -0.00412287 -0.70604733 24.72886 
0.600 0.02778295 5 2747550.08 -1271482.14 -2831090.20 -824718.72 1240925.09 6433916.05 511390181.34 0.01239317 -0.02633395 -0.02732997 -0.00871118 -0.00102192 0.00072003 0.00077819 0.00079695 0.00078880 0.00075511 0.00069777 0.00061813 0.00051623 0.00039205 0.00024931 0.00009801 -0.00004867 -0.00017977 -0.00034258 -0.00020905 -0.00002207 0.00001549 0.00000630 0.00000103 -0.00000057 0.00003075 -0.00883183 -0.00412382 -0.72920801 26.03038 
0.630 0.02738543 5 2340660.57 -1499161.92 -2786796.02 -976478.07 1299117.92 6303978.68 497299535.45 0.01275751 -0.02587622 -0.02735963 -0.00933071 -0.00100822 0.00129166 0.00137212 0.00140005 0.00139310 0.00135268 0.00128073 0.00117861 0.00104626 0.00088353 0.00069443 0.00048980 0.00028398 0.00008981 -0.00022442 -0.00023158 -0.00004496 0.00001239 0.00000697 0.00000120 -0.00000082 0.00009176 -0.00888706 -0.00411730 -0.73560160 27.33190 
0.660 0.02778777 5 1889614.57 -1723960.23 -2750823.61 -1234009.40 1303846.52 6294561.29 483953351.23 0.01282978 -0.02620152 -0.02765612 -0.00944549 -0.00097901 0.00187584 0.00199848 0.00205036 0.00205756 0.00202144 0.00194394 0.00182626 0.00166803 0.00146889 0.00123297 0.00097202 0.00070170 0.00043706 -0.00005601 -0.00024666 -0.00007247 0.00000763 0.00000785 0.00000163 -0.00000091 0.00016362 -0.00897534 -0.00412051 -0.73427776 28.63342 
0.690 0.02862986 5 5970517.04 -163519.46 -726792.09 -803847.85 494092.90 7170583.54 589355225.22 0.01260853 -0.02681752 -0.02755304 -0.01174536 -0.00120367 -0.00138551 -0.00158803 -0.00173225 -0.00185726 -0.00196154 -0.00204322 -0.00210134 -0.00213681 -0.00215082 -0.00214025 -0.00209460 -0.00199985 -0.00184736 -0.00125332 -0.00034756 0.00000681 0.00002992 0.00000503 -0.00000216 -0.00000198 -0.00029129 -0.00972549 -0.00471382 -0.84230693 29.93494 
