0.001 0.00011011 4 59880.96 911.85 5731.23 7509.20 6541.36 39187.32 4425992.02 0.00000541 -0.00003403 -0.00011011 -0.00002960 0.00000244 0.00004427 0.00004837 0.00004494 0.00004026 0.00003483 0.00002891 0.00002293 0.00001728 0.00001221 0.00000775 0.00000384 0.00000048 -0.00000234 -0.00000444 0.00000068 0.00001016 -0.00000008 -0.00001041 -0.00000150 0.00000184 0.00000310 -0.00003059 -0.00001269 -0.00232782 0.07964 
0.030 0.00120998 5 -1385874.41 -164.08 -21457.18 -85157.94 -139099.98 -1139995.23 -113536814.77 0.00038077 0.00120998 0.00051319 0.00041383 0.00028362 0.00036729 0.00036718 0.00034724 0.00031561 0.00027482 0.00022820 0.00018004 0.00013419 0.00009341 0.00005925 0.00003222 0.00001209 -0.00000200 -0.00001363 -0.00000535 0.00000812 -0.00000094 -0.00001089 -0.00000287 0.00000031 0.00001965 0.00045774 0.00022501 0.02957075 2.38915 
0.060 0.00234818 5 -2635414.14 20301.49 1948.68 -169460.25 -273197.81 -2215006.25 -219643024.87 0.00073657 0.00234818 0.00108092 0.00081464 0.00052765 0.00068189 0.00068480 0.00065744 0.00060966 0.00054418 0.00046536 0.00037914 0.00029279 0.00021256 0.00014282 0.00008585 0.00004224 0.00001099 -0.00001939 -0.00001240 0.00000667 -0.00000068 -0.00001067 -0.00000332 -0.00000052 0.00003931 0.00090048 0.00044300 0.05870747 4.77830 
0.090 0.00346150 5 -3772663.50 35502.20 35626.41 -199854.18 -382625.50 -3261312.44 -318352080.63 0.00108766 0.00346150 0.00162644 0.00117939 0.00074964 0.00101007 0.00102024 0.00099006 0.00093228 0.00084958 0.00074637 0.00062883 0.00050467 0.00038298 0.00027170 0.00017652 0.00010056 0.00004392 -0.00001908 -0.00002140 0.00000450 -0.00000026 -0.00001044 -0.00000347 -0.00000090 0.00006333 0.00132033 0.00065258 0.08646923 7.16745 
0.120 0.00453940 5 -4868850.16 56154.22 57999.76 -237245.03 -487702.09 -4258057.03 -413178998.66 0.00143034 0.00453940 0.00214969 0.00153154 0.00096904 0.00136005 0.00137944 0.00134817 0.00128214 0.00118376 0.00105743 0.00090975 0.00074936 0.00058646 0.00043191 0.00029447 0.00018085 0.00009333 -0.00001268 -0.00003137 0.00000172 0.00000017 -0.00001028 -0.00000349 -0.00000106 0.00009072 0.00172795 0.00085822 0.11384916 9.55660 
0.150 0.00559741 5 -5924181.53 83106.16 81465.02 -273561.32 -588884.83 -5226306.56 -505165985.35 0.00176699 0.00559741 0.00265938 0.00187076 0.00118294 0.00176707 0.00180276 0.00177680 0.00170928 0.00160163 0.00145732 0.00128165 0.00108338 0.00087391 0.00066590 0.00047312 0.00030778 0.00017605 0.00000418 -0.00004457 -0.00000272 0.00000059 -0.00001018 -0.00000343 -0.00000106 0.00012672 0.00212644 0.00106414 0.14152309 11.94575 
0.180 0.00663286 5 -7027779.15 73983.40 80338.31 -312261.91 -694881.83 -6174957.11 -596749856.14 0.00206333 0.00663286 0.00316217 0.00220208 0.00139704 0.00230890 0.00237158 0.00235734 0.00229269 0.00217841 0.00201681 0.00181165 0.00157101 0.00130799 0.00103819 0.00077797 0.00054354 0.00034621 0.00005967 -0.00005968 -0.00001170 0.00000023 -0.00001004 -0.00000323 -0.00000094 0.00018036 0.00251717 0.00127580 0.17097326 14.33490 
0.210 0.00767804 5 -8121872.63 59312.93 39887.51 -318318.84 -800600.94 -7102153.29 -685958513.10 0.00231786 0.00767804 0.00369129 0.00252349 0.00161335 0.00291851 0.00301222 0.00301214 0.00295194 0.00283200 0.00265369 0.00241944 0.00213563 0.00181520 0.00147639 0.00113975 0.00082651 0.00055449 0.00013264 -0.00007535 -0.00002274 -0.00000058 -0.00000992 -0.00000293 -0.00000072 0.00024246 0.00290854 0.00149226 0.20176114 16.72405 
0.240 0.00866235 5 -8938225.30 -28821.84 -111452.26 -199903.95 -932574.53 -7665472.72 -742596728.30 0.00223616 0.00866235 0.00470387 0.00268443 0.00174593 0.00356631 0.00368995 0.00370423 0.00364942 0.00352561 0.00333364 0.00307504 0.00275461 0.00238361 0.00198073 0.00157002 0.00117726 0.00082446 0.00024206 -0.00008691 -0.00003719 -0.00000254 -0.00000952 -0.00000246 -0.00000046 0.00031200 0.00328740 0.00170680 0.23649943 19.11320 
0.270 0.00954518 5 -9061325.84 -116877.80 -135125.22 -10948.67 -925924.27 -7872449.88 -750893573.50 0.00146393 0.00954518 0.00639869 0.00270052 0.00170917 0.00403135 0.00417962 0.00421073 0.00416972 0.00405637 0.00387091 0.00361390 0.00328823 0.00290232 0.00247257 0.00202228 0.00157816 0.00116584 0.00042298 -0.00007694 -0.00005504 -0.00000700 -0.00000848 -0.00000167 -0.00000021 0.00037546 0.00361920 0.00189605 0.27499380 21.50235 
0.300 0.00954870 5 6281320.18 160186.33 -912657.27 -1349520.27 998210.71 7385100.69 609960298.17 -0.00007748 -0.00903536 -0.00809749 -0.00246673 -0.00111263 -0.00239763 -0.00249952 -0.00254787 -0.00256739 -0.00255660 -0.00251343 -0.00243545 -0.00232009 -0.00216493 -0.00196833 -0.00173110 -0.00145922 -0.00116885 -0.00052544 0.00002312 0.00005569 0.00001120 0.00000656 -0.00000044 -0.00000305 -0.00026942 -0.00347361 -0.00177147 -0.27056696 23.89150 
0.330 0.01112570 4 -8777515.04 74093.07 250945.65 -743244.14 -1500190.75 -6859118.87 -730938861.25 -0.00215909 0.01026027 0.01098330 0.00342805 0.00156754 0.00464646 0.00483763 0.00489683 0.00487784 0.00478030 0.00460402 0.00434871 0.00401531 0.00360874 0.00314131 0.00263421 0.00211347 0.00160995 0.00064973 -0.00005182 -0.00007290 -0.00001261 -0.00000677 -0.00000012 0.00000099 0.00046133 0.00431803 0.00226926 0.38283662 26.28065 
0.360 0.01170879 4 -8558628.72 181447.62 496592.93 -739746.53 -1539150.42 -6957772.32 -734311258.63 -0.00277599 0.01082968 0.01157932 0.00373289 0.00150507 0.00471354 0.00494243 0.00503713 0.00505744 0.00500267 0.00487199 0.00466425 0.00437859 0.00401632 0.00358444 0.00309874 0.00258121 0.00206091 0.00097409 0.00003695 -0.00008261 -0.00002252 -0.00000598 0.00000089 0.00000110 0.00051382 0.00446917 0.00236799 0.40446752 28.66980 
0.390 0.01293231 4 -7960793.04 300496.53 652327.61 -588809.77 -1488310.18 -6836497.23 -707234838.15 -0.00377097 0.01209161 0.01278478 0.00375045 0.00137518 0.00456976 0.00479816 0.00490093 0.00493649 0.00490409 0.00480272 0.00463090 0.00438682 0.00406945 0.00368206 0.00323571 0.00274739 0.00224257 0.00112727 0.00008961 -0.00008204 -0.00002668 -0.00000546 0.00000162 0.00000140 0.00052211 0.00466475 0.00246408 0.42427311 31.05895 
0.420 0.01554885 5 5687463.57 -415535.98 -1119620.26 -1229686.82 326978.00 8125328.65 624820580.73 0.00118686 -0.01473955 -0.01317495 -0.00269363 -0.00096691 -0.00172633 -0.00176695 -0.00178774 -0.00180154 -0.00180681 -0.00180131 -0.00178241 -0.00174770 -0.00169512 -0.00162167 -0.00152182 -0.00138843 -0.00121795 -0.00068580 -0.00003350 0.00007302 0.00001937 0.00000529 -0.00000149 -0.00000283 -0.00021882 -0.00486115 -0.00239503 -0.36024662 33.44810 
0.450 0.01752029 5 4783158.83 -616468.00 -1540081.10 -1501177.03 310161.72 8130723.23 596457672.10 0.00226150 -0.01661591 -0.01494998 -0.00336002 -0.00075980 -0.00080726 -0.00081248 -0.00082333 -0.00084223 -0.00086765 -0.00089728 -0.00092850 -0.00095898 -0.00098684 -0.00100895 -0.00101847 -0.00100574 -0.00096279 -0.00069484 -0.00015336 0.00004261 0.00002326 0.00000528 -0.00000186 -0.00000282 -0.00013915 -0.00533620 -0.00257540 -0.39220020 35.83724 
0.480 0.01985235 5 4336239.64 -599189.57 -1775172.02 -1826968.11 238200.94 8299368.41 581457453.54 0.00280952 -0.01883784 -0.01649973 -0.00329668 -0.00065456 -0.00045517 -0.00043334 -0.00043058 -0.00044417 -0.00047259 -0.00051349 -0.00056423 -0.00062250 -0.00068658 -0.00075341 -0.00081568 -0.00086267 -0.00088495 -0.00077285 -0.00028338 0.00001714 0.00003012 0.00000519 -0.00000238 -0.00000273 -0.00011272 -0.00572752 -0.00274480 -0.41331532 38.22639 
0.510 0.02032636 5 3246157.40 -856080.70 -2198055.75 -2032224.60 241609.96 8090908.49 539404713.84 0.00336051 -0.01920069 -0.01717429 -0.00356161 -0.00059177 0.00061537 0.00071090 0.00075436 0.00076401 0.00074138 0.00068883 0.00060907 0.00050452 0.00037713 0.00023019 0.00007139 -0.00008786 -0.00023699 -0.00047677 -0.00034986 -0.00003892 0.00002458 0.00000587 -0.00000174 -0.00000244 0.00001635 -0.00585386 -0.00273546 -0.41451640 40.61554 
0.540 0.02275546 5 2415951.25 -1023723.46 -2601577.22 -2332846.92 322510.19 8051588.67 513212729.85 0.00463722 -0.02149497 -0.01939429 -0.00445811 -0.00061169 0.00163040 0.00179376 0.00187587 0.00190907 0.00189487 0.00183562 0.00173406 0.00159279 0.00141406 0.00120159 0.00096318 0.00071008 0.00045354 -0.00009456 -0.00036917 -0.00010259 0.00001285 0.00000746 -0.00000050 -0.00000230 0.00014660 -0.00655887 -0.00299677 -0.46092933 43.00469 
0.570 0.02326770 5 1651761.20 -1206091.99 -2782383.44 -2518531.10 179457.38 7979310.35 481054680.12 0.00490181 -0.02185616 -0.01969752 -0.00411970 -0.00077552 0.00199544 0.00223417 0.00236786 0.00244083 0.00245452 0.00241123 0.00231362 0.00216463 0.00196680 0.00172421 0.00144480 0.00113963 0.00082146 0.00010672 -0.00039309 -0.00014970 0.00000478 0.00000801 0.00000037 -0.00000192 0.00021074 -0.00658392 -0.00297443 -0.45643659 45.39384 
0.600 0.02343846 5 1474453.65 -1300045.98 -2880019.85 -2387282.86 236808.06 7804994.28 473870436.82 0.00555381 -0.02192519 -0.02006674 -0.00409892 -0.00123675 0.00159632 0.00186896 0.00203005 0.00212947 0.00216868 0.00214998 0.00207616 0.00195016 0.00177485 0.00155464 0.00129731 0.00101344 0.00071558 0.00003989 -0.00044398 -0.00016876 0.00000558 0.00000810 0.00000029 -0.00000187 0.00017874 -0.00673489 -0.00306221 -0.48018218 47.78299 
0.630 0.02295773 5 879611.29 -1431394.94 -3036189.42 -2502442.99 246792.78 7602845.87 446017949.15 0.00626379 -0.02137468 -0.02004943 -0.00440023 -0.00179839 0.00160617 0.00194488 0.00215151 0.00228876 0.00235798 0.00236140 0.00230180 0.00218217 0.00200583 0.00177756 0.00150514 0.00119902 0.00087409 0.00012682 -0.00045916 -0.00019721 -0.00000030 0.00000857 0.00000087 -0.00000176 0.00020182 -0.00684682 -0.00310241 -0.50026914 50.17214 
0.660 0.02221238 5 1138061.19 -1339594.91 -2814922.58 -2447299.69 249164.14 7490714.23 446388463.93 0.00713631 -0.02052833 -0.01976963 -0.00502033 -0.00247385 0.00077510 0.00110304 0.00131071 0.00145712 0.00154358 0.00157233 0.00154614 0.00146804 0.00134146 0.00117123 0.00096481 0.00073159 0.00048299 -0.00009771 -0.00053382 -0.00020332 0.00000708 0.00000839 0.00000022 -0.00000179 0.00011005 -0.00698758 -0.00321716 -0.53914467 52.56129 
