0.001 0.00012626 5 55165.40 11945.47 -3164.88 -14578.70 369.41 60594.10 4411222.75 -0.00000531 -0.00005873 -0.00011904 -0.00002695 0.00000585 0.00004725 0.00005113 0.00004747 0.00004251 0.00003676 0.00003049 0.00002416 0.00001819 0.00001284 0.00000815 0.00000406 0.00000058 -0.00000233 -0.00000449 0.00000067 0.00001020 -0.00000005 -0.00001038 -0.00000148 0.00000185 0.00000324 -0.00003416 -0.00001429 -0.00231850 0.12489 
0.030 0.00215806 5 -1711191.49 232632.91 204514.41 14136.23 -167263.02 -1995212.02 -176793290.38 0.00075052 0.00215806 0.00095481 0.00066735 0.00038435 0.00029939 0.00029882 0.00028684 0.00026946 0.00024623 0.00021793 0.00018572 0.00015079 0.00011551 0.00008258 0.00005388 0.00003045 0.00001247 -0.00000742 -0.00000594 0.00000580 -0.00000133 -0.00000968 -0.00000320 -0.00000081 0.00001879 0.00077079 0.00037131 0.04617661 3.74681 
0.060 0.00387343 5 -3043131.30 465895.41 425127.33 -21151.86 -323329.31 -3589672.87 -320297258.64 0.00131355 0.00387343 0.00179122 0.00122606 0.00068198 0.00060764 0.00061822 0.00061299 0.00060098 0.00058107 0.00055060 0.00050666 0.00044838 0.00037844 0.00030132 0.00022374 0.00015324 0.00009427 0.00001168 -0.00001743 0.00000093 -0.00000100 -0.00000882 -0.00000314 -0.00000124 0.00004911 0.00140088 0.00068279 0.08649516 7.49362 
0.090 0.00503961 5 -4257651.86 501605.29 475131.46 -69351.62 -456343.73 -4708693.26 -427374458.34 0.00159117 0.00503961 0.00236593 0.00161444 0.00091932 0.00109935 0.00113134 0.00113335 0.00112073 0.00109295 0.00104918 0.00098850 0.00090921 0.00080752 0.00068441 0.00054820 0.00041062 0.00028465 0.00007922 -0.00003090 -0.00000917 -0.00000158 -0.00000815 -0.00000276 -0.00000116 0.00010016 0.00183594 0.00091385 0.11888240 11.24043 
0.120 0.00624158 5 6713622.60 1132663.46 593166.25 -934693.77 49150.70 5873335.96 481464284.04 -0.00186267 -0.00616322 -0.00284247 -0.00135889 -0.00099247 -0.00251840 -0.00262353 -0.00263435 -0.00257628 -0.00245343 -0.00227294 -0.00204373 -0.00177766 -0.00148982 -0.00119674 -0.00091440 -0.00065828 -0.00043910 -0.00010282 0.00006164 0.00001780 -0.00000455 0.00000046 -0.00000350 -0.00000500 -0.00020608 -0.00205514 -0.00107288 -0.13764925 14.98724 
0.150 0.00724841 5 8507829.56 1540217.33 962748.29 -938740.76 88680.78 6854923.93 580904670.04 -0.00210333 -0.00715815 -0.00328132 -0.00159948 -0.00123311 -0.00358797 -0.00374186 -0.00376200 -0.00368744 -0.00352457 -0.00328402 -0.00297866 -0.00262385 -0.00223743 -0.00183893 -0.00144845 -0.00108452 -0.00076339 -0.00023125 0.00007703 0.00003347 -0.00000141 0.00000335 -0.00000322 -0.00000569 -0.00030597 -0.00241857 -0.00129631 -0.17036490 18.73405 
0.180 0.00828680 5 -6523127.18 851190.57 851622.60 -30371.97 -808919.06 -7386649.32 -669567369.48 0.00236069 0.00828680 0.00426078 0.00261347 0.00146880 0.00185390 0.00190802 0.00191811 0.00190803 0.00187693 0.00182339 0.00174554 0.00164138 0.00150919 0.00134852 0.00116136 0.00095335 0.00073692 0.00028505 -0.00005272 -0.00003780 -0.00000565 -0.00000794 -0.00000175 -0.00000021 0.00018721 0.00304055 0.00152479 0.20281098 22.48086 
0.210 0.00954381 5 8780727.71 61661.25 -18553.72 -219908.99 835897.06 8121632.11 748950819.68 -0.00202732 -0.00913566 -0.00588411 -0.00274372 -0.00158511 -0.00352388 -0.00368089 -0.00374562 -0.00375332 -0.00370366 -0.00359616 -0.00343032 -0.00320594 -0.00292402 -0.00258911 -0.00221263 -0.00181232 -0.00141393 -0.00061983 0.00000136 0.00005055 0.00001154 0.00000831 -0.00000065 -0.00000328 -0.00037275 -0.00350854 -0.00184274 -0.26141156 26.22767 
0.240 0.01111547 5 -4569901.84 670314.56 1714028.53 1838269.34 -842035.32 -7950478.94 -595702908.94 0.00064057 0.01111547 0.00888169 0.00240546 0.00111064 0.00072984 0.00067006 0.00061720 0.00057504 0.00054260 0.00051811 0.00049917 0.00048281 0.00046555 0.00044373 0.00041387 0.00037284 0.00031822 0.00013529 -0.00006404 -0.00003874 -0.00000533 -0.00000671 -0.00000242 -0.00000120 0.00005832 0.00384213 0.00183208 0.25928859 29.97447 
0.270 0.01317043 4 7852300.32 -498901.42 -590977.17 621614.98 1696369.97 6624193.96 707075141.58 0.00421147 -0.01089260 -0.01317043 -0.00404262 -0.00164101 -0.00427761 -0.00447911 -0.00457650 -0.00461507 -0.00459376 -0.00451106 -0.00436514 -0.00415428 -0.00387772 -0.00353738 -0.00314004 -0.00269753 -0.00223168 -0.00117069 -0.00014650 0.00005653 0.00002514 0.00000610 -0.00000164 -0.00000267 -0.00050317 -0.00473413 -0.00248654 -0.44296062 33.72128 
0.300 0.01471314 4 -5391979.41 821699.16 1978972.58 186459.81 -1635413.20 -6743697.76 -627069313.26 -0.00342656 0.01386424 0.01459322 0.00454772 0.00095370 0.00149505 0.00154685 0.00156291 0.00157187 0.00157265 0.00156335 0.00154152 0.00150408 0.00144747 0.00136802 0.00126259 0.00112876 0.00096574 0.00047534 -0.00010410 -0.00012216 -0.00002077 -0.00000404 -0.00000023 -0.00000023 0.00017410 0.00523738 0.00254764 0.42266419 37.46809 
0.330 0.01809482 4 -3560615.78 1730022.60 1865106.73 788026.89 -1444134.09 -6499637.92 -562512904.49 -0.00585139 0.01736442 0.01794899 0.00611336 0.00079054 -0.00059810 -0.00066960 -0.00072086 -0.00074875 -0.00075420 -0.00073907 -0.00070591 -0.00065806 -0.00059963 -0.00053518 -0.00046926 -0.00040602 -0.00034943 -0.00026170 -0.00020275 -0.00007767 -0.00000329 -0.00000506 -0.00000169 -0.00000021 -0.00009292 0.00622276 0.00286772 0.48397094 41.21490 
0.360 0.02193951 5 -5769925.15 365482.11 1056190.31 887331.46 -300835.32 -7778093.70 -613084312.54 -0.00497259 0.02193951 0.01908883 0.00519067 0.00051353 0.00136851 0.00148568 0.00155854 0.00161785 0.00166232 0.00168991 0.00169796 0.00168316 0.00164164 0.00156929 0.00146251 0.00131862 0.00113729 0.00057261 -0.00010826 -0.00013528 -0.00002256 -0.00000461 0.00000164 0.00000170 0.00019181 0.00669511 0.00324040 0.50995517 44.96171 
0.390 0.02232363 5 -5531635.30 824626.26 1431516.30 816717.29 -524714.91 -8079780.24 -646538258.21 -0.00413896 0.02232363 0.01864162 0.00276025 0.00075720 0.00180947 0.00182880 0.00182562 0.00181192 0.00178775 0.00175266 0.00170584 0.00164586 0.00157045 0.00147676 0.00136202 0.00122389 0.00106081 0.00055671 -0.00011775 -0.00016923 -0.00003191 -0.00000295 0.00000143 0.00000023 0.00019433 0.00623870 0.00302779 0.45639923 48.70852 
0.420 0.02532003 5 -6813961.43 348205.10 862835.93 750627.86 -756384.99 -8019245.34 -679701101.68 -0.00569909 0.02532003 0.02123755 0.00322889 0.00082489 0.00314925 0.00325398 0.00329019 0.00328820 0.00324863 0.00317229 0.00306034 0.00291402 0.00273438 0.00252228 0.00227894 0.00200635 0.00170727 0.00089421 -0.00010880 -0.00022837 -0.00004914 -0.00000115 0.00000307 0.00000039 0.00034503 0.00700347 0.00346635 0.53549169 52.45533 
