0.001 0.00010912 4 39915.69 -124.81 -3788.49 1653.87 4958.95 37216.17 3538473.78 0.00000519 -0.00003282 -0.00010912 -0.00002689 0.00000627 0.00005063 0.00005450 0.00005055 0.00004521 0.00003905 0.00003235 0.00002561 0.00001927 0.00001360 0.00000865 0.00000435 0.00000073 -0.00000228 -0.00000452 0.00000069 0.00001032 0.00000004 -0.00001035 -0.00000143 0.00000190 0.00000342 -0.00002831 -0.00001145 -0.00209581 0.02878 
0.030 0.00132930 5 -1296982.68 11118.74 24722.62 -13734.21 -95899.90 -1223189.92 -112416454.45 0.00048881 0.00132930 0.00054769 0.00040501 0.00026746 0.00031288 0.00031370 0.00029817 0.00027308 0.00023977 0.00020089 0.00016001 0.00012052 0.00008499 0.00005486 0.00003069 0.00001240 -0.00000064 -0.00001186 -0.00000429 0.00000953 -0.00000059 -0.00001158 -0.00000248 0.00000111 0.00001741 0.00048052 0.00023451 0.02921761 0.86341 
0.060 0.00253622 5 -2591583.33 661.40 62723.93 -80100.75 -217044.04 -2357823.88 -221399758.74 0.00089845 0.00253622 0.00113526 0.00080389 0.00050831 0.00069377 0.00070606 0.00069039 0.00065704 0.00060631 0.00053974 0.00046017 0.00037277 0.00028494 0.00020361 0.00013337 0.00007679 0.00003416 -0.00001388 -0.00001530 0.00000715 -0.00000042 -0.00001208 -0.00000315 0.00000036 0.00004570 0.00093987 0.00046487 0.05959750 1.72682 
0.090 0.00369790 5 -3886613.28 -45331.24 88095.71 -132085.73 -339687.36 -3457604.66 -327171157.64 0.00126065 0.00369790 0.00170045 0.00118209 0.00074269 0.00114928 0.00117853 0.00116533 0.00112473 0.00105664 0.00096240 0.00084485 0.00070957 0.00056534 0.00042312 0.00029365 0.00018483 0.00009971 -0.00000674 -0.00002959 0.00000311 -0.00000016 -0.00001233 -0.00000357 -0.00000019 0.00008257 0.00137903 0.00069032 0.08993509 2.59023 
0.120 0.00483566 5 -5205459.41 -109357.57 86017.17 -192773.95 -468474.78 -4520870.29 -431565043.21 0.00160265 0.00483566 0.00225374 0.00155726 0.00098450 0.00163656 0.00168210 0.00166925 0.00161829 0.00152981 0.00140540 0.00124870 0.00106635 0.00086823 0.00066703 0.00047738 0.00031324 0.00018162 0.00000763 -0.00004421 -0.00000174 0.00000001 -0.00001246 -0.00000383 -0.00000055 0.00012234 0.00181334 0.00091504 0.12055757 3.45364 
0.150 0.00593671 5 -6539811.63 -180777.86 64159.68 -283256.15 -601866.66 -5538070.63 -534505903.32 0.00193300 0.00593671 0.00279135 0.00193255 0.00123294 0.00218613 0.00225162 0.00224106 0.00218059 0.00207106 0.00191486 0.00171634 0.00148371 0.00122896 0.00096677 0.00071394 0.00048783 0.00030085 0.00003872 -0.00005947 -0.00000851 -0.00000012 -0.00001251 -0.00000396 -0.00000078 0.00016956 0.00224305 0.00114156 0.15196542 4.31705 
0.180 0.00701822 5 -7835162.84 -244046.94 43344.90 -386565.42 -738525.52 -6509369.85 -634348683.80 0.00226428 0.00701822 0.00332529 0.00231104 0.00148142 0.00279567 0.00288692 0.00288327 0.00281771 0.00269096 0.00250532 0.00226501 0.00197905 0.00166188 0.00133141 0.00100749 0.00071091 0.00045878 0.00008667 -0.00007572 -0.00001733 -0.00000057 -0.00001246 -0.00000399 -0.00000091 0.00022517 0.00267231 0.00137233 0.18435551 5.18046 
0.210 0.00810034 5 -9110820.17 -301285.63 -3916.97 -492076.57 -869548.16 -7443992.85 -731542127.80 0.00258896 0.00810034 0.00386792 0.00268421 0.00173424 0.00345302 0.00357346 0.00357970 0.00351208 0.00337118 0.00315901 0.00287941 0.00254139 0.00216098 0.00175907 0.00135914 0.00098565 0.00065952 0.00015489 -0.00009211 -0.00002834 -0.00000145 -0.00001236 -0.00000394 -0.00000097 0.00028827 0.00310359 0.00160802 0.21778292 6.04387 
0.240 0.00898324 5 -10232159.87 -349146.86 -250966.02 -765825.32 -844495.69 -8021725.97 -801774837.04 0.00292063 0.00898324 0.00443608 0.00293232 0.00195520 0.00407606 0.00421783 0.00422759 0.00415175 0.00399095 0.00374749 0.00342554 0.00303487 0.00259310 0.00212426 0.00165576 0.00121595 0.00082847 0.00021356 -0.00010519 -0.00003756 -0.00000221 -0.00001224 -0.00000385 -0.00000096 0.00034471 0.00348235 0.00181556 0.24725500 6.90729 
0.270 0.01006696 5 -10176830.36 -463749.49 -428257.50 -204543.11 -727462.51 -8352817.75 -798008257.19 0.00202593 0.01006696 0.00632894 0.00284112 0.00188426 0.00433887 0.00448545 0.00449770 0.00442306 0.00426188 0.00401579 0.00368788 0.00328629 0.00282717 0.00233446 0.00183702 0.00136562 0.00094594 0.00026328 -0.00010908 -0.00004419 -0.00000319 -0.00001174 -0.00000368 -0.00000100 0.00037291 0.00381671 0.00198728 0.28206858 7.77070 
0.300 0.01113556 5 10364991.73 774970.79 440733.84 -201712.06 806959.77 8544039.40 799669836.72 -0.00146246 -0.01061319 -0.00798626 -0.00315166 -0.00196057 -0.00427460 -0.00440128 -0.00440329 -0.00431749 -0.00414468 -0.00388805 -0.00355315 -0.00315144 -0.00270124 -0.00222561 -0.00175026 -0.00130216 -0.00090462 -0.00025674 0.00010171 0.00004202 0.00000029 0.00000629 -0.00000188 -0.00000538 -0.00036162 -0.00423476 -0.00217726 -0.32085524 8.63411 
0.330 0.01254267 5 10387087.33 811805.75 631523.69 -491580.11 894560.32 8540777.67 796290027.38 -0.00042346 -0.01190269 -0.01022614 -0.00321319 -0.00196131 -0.00465331 -0.00479715 -0.00481072 -0.00473442 -0.00456841 -0.00431437 -0.00397576 -0.00356155 -0.00308856 -0.00257995 -0.00206289 -0.00156662 -0.00111723 -0.00035224 0.00010532 0.00005384 0.00000328 0.00000693 -0.00000121 -0.00000483 -0.00040770 -0.00470289 -0.00242118 -0.36968761 9.49752 
0.360 0.01448970 5 9951370.40 686684.69 669449.35 -637738.35 918014.02 8314960.69 771709536.07 0.00114166 -0.01372615 -0.01259064 -0.00327033 -0.00191288 -0.00487593 -0.00503426 -0.00506177 -0.00500050 -0.00485011 -0.00461105 -0.00428474 -0.00387685 -0.00340094 -0.00287875 -0.00233807 -0.00180970 -0.00132220 -0.00045748 0.00010088 0.00006534 0.00000673 0.00000700 -0.00000053 -0.00000396 -0.00044334 -0.00515837 -0.00265364 -0.41798765 10.36093 
0.390 0.01608986 5 9700386.70 676388.34 645450.44 -576727.98 922112.71 8033163.18 750136994.93 0.00267479 -0.01523446 -0.01448305 -0.00347565 -0.00186638 -0.00510748 -0.00528944 -0.00533433 -0.00528698 -0.00514708 -0.00491482 -0.00459100 -0.00417990 -0.00369345 -0.00315283 -0.00258672 -0.00202753 -0.00150548 -0.00055241 0.00009644 0.00007543 0.00000963 0.00000692 -0.00000004 -0.00000319 -0.00047817 -0.00552936 -0.00284605 -0.46067417 11.22434 
0.420 0.01800422 5 9703714.94 861428.32 633053.59 -561302.25 891182.50 7879352.78 735391177.32 0.00396131 -0.01707903 -0.01633909 -0.00362480 -0.00181935 -0.00538442 -0.00558834 -0.00564518 -0.00560321 -0.00546252 -0.00522372 -0.00488802 -0.00445982 -0.00395110 -0.00338373 -0.00278781 -0.00219739 -0.00164407 -0.00062016 0.00009580 0.00008320 0.00001154 0.00000685 0.00000027 -0.00000264 -0.00051082 -0.00594032 -0.00305604 -0.50126481 12.08775 
0.450 0.01960774 5 10194064.21 1014906.89 723636.97 -530666.07 779325.88 8206860.54 760333390.71 0.00408052 -0.01871261 -0.01694639 -0.00372951 -0.00185353 -0.00560767 -0.00582644 -0.00588809 -0.00584412 -0.00569493 -0.00544161 -0.00508614 -0.00463403 -0.00409886 -0.00350414 -0.00288183 -0.00226779 -0.00169476 -0.00063825 0.00009941 0.00008528 0.00001174 0.00000757 0.00000049 -0.00000258 -0.00053103 -0.00623499 -0.00320492 -0.51841916 12.95116 
0.480 0.02265099 5 9898006.69 1153152.69 508439.18 -529266.87 737615.98 8028065.72 735592985.23 0.00553875 -0.02162401 -0.01976869 -0.00370471 -0.00166431 -0.00555427 -0.00577375 -0.00583895 -0.00579958 -0.00565611 -0.00540976 -0.00506256 -0.00461953 -0.00409283 -0.00350460 -0.00288650 -0.00227486 -0.00170336 -0.00064635 0.00009723 0.00008523 0.00001179 0.00000775 0.00000024 -0.00000295 -0.00052915 -0.00682397 -0.00348001 -0.56499370 13.81457 
0.510 0.02428771 5 10139241.38 1258962.04 458683.83 -459046.96 603774.80 8276867.67 749853438.34 0.00560976 -0.02319273 -0.02057052 -0.00369363 -0.00161274 -0.00558987 -0.00581473 -0.00588325 -0.00584556 -0.00570218 -0.00545444 -0.00510459 -0.00465793 -0.00412684 -0.00353341 -0.00290947 -0.00229228 -0.00171638 -0.00065392 0.00009518 0.00008429 0.00001160 0.00000838 0.00000000 -0.00000347 -0.00053370 -0.00710009 -0.00361187 -0.57879980 14.67798 
0.540 0.02526176 5 9588511.54 896296.37 216507.87 -538632.22 413748.42 8600591.11 751930593.41 0.00501896 -0.02412304 -0.02061369 -0.00336420 -0.00151302 -0.00505787 -0.00525149 -0.00531466 -0.00528971 -0.00517686 -0.00497671 -0.00469039 -0.00432019 -0.00387168 -0.00335829 -0.00280448 -0.00224274 -0.00170709 -0.00068576 0.00007144 0.00008098 0.00001279 0.00000881 -0.00000044 -0.00000401 -0.00049681 -0.00714302 -0.00361239 -0.56472813 15.54139 
0.570 0.02484425 5 9086754.21 722932.89 -152968.60 -592749.84 472519.10 8637020.67 744749355.81 0.00454107 -0.02366528 -0.02017267 -0.00327200 -0.00141245 -0.00459935 -0.00477604 -0.00484085 -0.00483042 -0.00474485 -0.00458453 -0.00435028 -0.00404355 -0.00366704 -0.00322747 -0.00274097 -0.00223299 -0.00173526 -0.00074311 0.00004360 0.00008022 0.00001489 0.00000879 -0.00000100 -0.00000446 -0.00046876 -0.00700829 -0.00353433 -0.54782346 16.40480 
0.600 0.02479682 5 8881564.67 675725.16 -315212.25 -583223.81 663661.61 8440613.96 736893203.94 0.00479463 -0.02351824 -0.02045097 -0.00328272 -0.00138955 -0.00458984 -0.00477000 -0.00484186 -0.00484144 -0.00476883 -0.00462437 -0.00440887 -0.00412370 -0.00377101 -0.00335529 -0.00288804 -0.00239009 -0.00189155 -0.00085596 0.00002057 0.00008848 0.00001876 0.00000830 -0.00000117 -0.00000418 -0.00048233 -0.00701620 -0.00354525 -0.55403853 17.26821 
0.630 0.02519419 4 -7372313.39 570351.21 405667.67 -383214.42 -1581779.06 -6383338.80 -671079724.05 -0.01314725 0.02291538 0.02483838 0.01306889 0.00156990 0.00248343 0.00277709 0.00295161 0.00307171 0.00313635 0.00314388 0.00309223 0.00297893 0.00280181 0.00256055 0.00225907 0.00190762 0.00152872 0.00068248 -0.00006182 -0.00009321 -0.00001685 -0.00000619 -0.00000016 0.00000043 0.00033259 0.00921286 0.00449545 0.83795499 18.13162 
0.660 0.02753617 4 -6937711.07 702335.20 675496.58 -371830.22 -1533875.00 -6409837.63 -660804356.14 -0.01460081 0.02553428 0.02716066 0.01420992 0.00152247 0.00196968 0.00225897 0.00244154 0.00257982 0.00267264 0.00271813 0.00271398 0.00265735 0.00254526 0.00237567 0.00214869 0.00186759 0.00154551 0.00075255 -0.00003002 -0.00009767 -0.00002066 -0.00000581 0.00000026 0.00000050 0.00030049 0.00999247 0.00484386 0.90105912 18.99503 
0.690 0.03128834 4 -6355221.86 868651.33 1113187.47 -465986.99 -1510613.21 -6360460.46 -646085013.34 -0.01678047 0.02973130 0.03091824 0.01570840 0.00148856 0.00121481 0.00147853 0.00165504 0.00180046 0.00191343 0.00199182 0.00203266 0.00203214 0.00198614 0.00189164 0.00174780 0.00155576 0.00132159 0.00068167 -0.00001538 -0.00009137 -0.00002087 -0.00000581 0.00000015 0.00000032 0.00022942 0.01120283 0.00537350 0.99484917 19.85845 
