0.001 0.00011730 4 89367.48 4617.77 10080.12 12523.62 10254.32 51891.65 6193531.10 0.00000319 -0.00004655 -0.00011730 -0.00003628 -0.00000282 0.00003599 0.00004032 0.00003753 0.00003371 0.00002927 0.00002440 0.00001945 0.00001476 0.00001051 0.00000672 0.00000332 0.00000032 -0.00000228 -0.00000420 0.00000080 0.00001016 -0.00000009 -0.00001039 -0.00000149 0.00000184 0.00000271 -0.00003691 -0.00001586 -0.00281682 0.11929 
0.030 0.00215292 5 -1900772.99 132360.24 85546.30 35102.45 -158028.34 -1995753.63 -178906879.74 0.00071996 0.00215292 0.00095455 0.00066205 0.00041194 0.00037605 0.00037114 0.00034871 0.00031556 0.00027391 0.00022696 0.00017874 0.00013299 0.00009239 0.00005844 0.00003159 0.00001159 -0.00000243 -0.00001385 -0.00000500 0.00000927 -0.00000078 -0.00001173 -0.00000291 0.00000054 0.00001971 0.00077545 0.00037399 0.04705291 3.57873 
0.060 0.00414059 5 -3633006.67 282674.11 203645.54 38467.74 -322454.23 -3835339.82 -345430548.68 0.00135448 0.00414059 0.00192528 0.00130119 0.00078364 0.00072858 0.00072472 0.00069439 0.00064633 0.00058220 0.00050482 0.00041830 0.00032855 0.00024293 0.00016695 0.00010368 0.00005433 0.00001828 -0.00001872 -0.00001355 0.00000797 -0.00000050 -0.00001216 -0.00000351 -0.00000027 0.00004287 0.00151016 0.00073070 0.09312746 7.15747 
0.090 0.00600371 5 -5218390.20 406745.86 343073.41 35257.75 -488233.18 -5515234.03 -497998090.06 0.00195154 0.00600371 0.00283188 0.00190084 0.00113335 0.00110403 0.00110553 0.00107097 0.00101180 0.00092921 0.00082597 0.00070643 0.00057702 0.00044602 0.00032292 0.00021522 0.00012757 0.00006093 -0.00001653 -0.00002415 0.00000552 -0.00000016 -0.00001240 -0.00000377 -0.00000064 0.00007072 0.00219983 0.00106879 0.13702045 10.73620 
0.120 0.00777519 5 -6642062.91 544128.66 476688.84 17559.80 -641366.18 -7039074.04 -637108454.31 0.00254440 0.00777519 0.00369578 0.00247676 0.00146974 0.00147706 0.00148633 0.00145099 0.00138558 0.00129097 0.00116889 0.00102284 0.00085908 0.00068665 0.00051639 0.00036045 0.00022861 0.00012493 -0.00000592 -0.00003586 0.00000187 0.00000005 -0.00001252 -0.00000387 -0.00000079 0.00010139 0.00286205 0.00139552 0.17949835 14.31493 
0.150 0.00935326 5 -7917144.60 697713.65 407028.99 -297097.48 -596306.22 -8128483.53 -746441909.99 0.00307829 0.00935326 0.00463902 0.00294904 0.00178343 0.00195032 0.00197096 0.00193717 0.00186743 0.00176221 0.00162288 0.00145178 0.00125425 0.00103920 0.00081831 0.00060501 0.00041399 0.00025549 0.00003289 -0.00004978 -0.00000546 -0.00000028 -0.00001241 -0.00000384 -0.00000085 0.00014490 0.00348577 0.00171102 0.22203735 17.89367 
0.180 0.01075161 5 -8558326.08 622734.08 324780.62 -34734.21 -803248.19 -8667858.37 -796626030.89 0.00282236 0.01075161 0.00628954 0.00312152 0.00188340 0.00245440 0.00249342 0.00246971 0.00240569 0.00230140 0.00215724 0.00197403 0.00175480 0.00150678 0.00124130 0.00097233 0.00071583 0.00048856 0.00012672 -0.00006038 -0.00001879 -0.00000216 -0.00001159 -0.00000363 -0.00000101 0.00020072 0.00400060 0.00198201 0.26637938 21.47240 
0.210 0.01169149 5 -9027106.16 465232.72 102502.03 -22052.19 -603833.77 -8968954.95 -814799119.82 0.00239126 0.01169149 0.00751240 0.00312329 0.00190241 0.00314970 0.00322919 0.00322887 0.00317988 0.00308204 0.00293531 0.00273980 0.00249714 0.00221243 0.00189587 0.00156254 0.00122988 0.00091536 0.00033722 -0.00005602 -0.00004136 -0.00000728 -0.00001039 -0.00000307 -0.00000109 0.00028785 0.00430132 0.00216927 0.30019237 25.05113 
0.240 0.01280467 5 -4636961.02 876465.41 1762159.07 1589438.28 -473383.79 -8391639.98 -618721659.40 0.00094017 0.01280467 0.00993597 0.00267567 0.00109807 0.00026906 0.00019268 0.00014044 0.00010946 0.00009874 0.00010637 0.00012976 0.00016559 0.00020986 0.00025780 0.00030353 0.00033986 0.00035406 0.00026601 0.00006193 -0.00000738 -0.00000855 -0.00000724 -0.00000087 -0.00000002 0.00003546 0.00429847 0.00203386 0.28127844 28.62987 
0.270 0.01720300 5 -3838984.48 1134295.64 2546609.86 1594992.44 -448182.32 -8666700.11 -615775493.13 -0.00080900 0.01720300 0.01367508 0.00297248 0.00098790 -0.00048065 -0.00062171 -0.00070812 -0.00075538 -0.00076444 -0.00073726 -0.00067655 -0.00058590 -0.00046979 -0.00033367 -0.00018415 -0.00002961 0.00011347 0.00028081 0.00015731 0.00000959 -0.00001362 -0.00000737 -0.00000062 -0.00000011 -0.00003903 0.00526129 0.00244564 0.34565066 32.20860 
0.300 0.02006940 5 -2632936.33 1580366.98 2994444.01 1803094.51 -416526.89 -8594314.95 -581722422.85 -0.00202807 0.02006940 0.01606292 0.00310935 0.00090766 -0.00159281 -0.00183295 -0.00197789 -0.00206151 -0.00208467 -0.00204924 -0.00195796 -0.00181452 -0.00162379 -0.00139213 -0.00112814 -0.00084197 -0.00055318 -0.00001748 0.00018657 0.00004196 -0.00001019 -0.00000795 -0.00000111 -0.00000026 -0.00017984 0.00584074 0.00264247 0.37451097 35.78733 
0.330 0.02109776 5 -2607484.91 1340564.89 3017589.39 1849892.69 -638059.96 -8177471.92 -558806269.06 -0.00224575 0.02109776 0.01680342 0.00313924 0.00096918 -0.00175688 -0.00203004 -0.00220871 -0.00232835 -0.00238973 -0.00239464 -0.00234571 -0.00224650 -0.00210172 -0.00191699 -0.00169802 -0.00144996 -0.00117864 -0.00050926 0.00004356 0.00003243 -0.00000296 -0.00000674 -0.00000148 -0.00000039 -0.00025292 0.00608073 0.00271615 0.38310883 39.36607 
0.360 0.02038330 5 -392768.99 1514413.41 3589646.02 2531434.97 -487856.16 -7540407.23 -439156824.65 -0.00307692 0.02038330 0.01699372 0.00297422 0.00087259 -0.00338900 -0.00381752 -0.00409548 -0.00428530 -0.00438768 -0.00440437 -0.00433804 -0.00419244 -0.00397274 -0.00368540 -0.00333716 -0.00293385 -0.00248431 -0.00131835 -0.00008522 0.00009891 0.00002173 -0.00000768 -0.00000352 -0.00000061 -0.00049620 0.00585198 0.00247968 0.35203939 42.94480 
0.390 0.02057393 5 -2082671.23 -2793516.83 -6245465.14 -2965852.38 -253533.58 10175696.70 506735875.88 -0.00160525 -0.01973168 -0.01366804 -0.00334350 -0.00040420 0.00644312 0.00687534 0.00702491 0.00700303 0.00681516 0.00647200 0.00598898 0.00538742 0.00469480 0.00394355 0.00317003 0.00241197 0.00170655 0.00043917 -0.00031666 -0.00014906 -0.00000164 0.00001013 0.00000005 -0.00000416 0.00059557 -0.00557516 -0.00229713 -0.26833836 46.52354 
0.420 0.02328489 5 -4031856.38 -2711571.17 -6982009.52 -3631741.35 -236813.68 9530279.33 394503477.99 0.00067645 -0.02229331 -0.01696711 -0.00308529 -0.00003212 0.00741525 0.00792326 0.00811410 0.00811524 0.00793209 0.00757543 0.00706124 0.00641171 0.00565546 0.00482629 0.00396216 0.00310268 0.00228707 0.00072852 -0.00034518 -0.00020715 -0.00001200 0.00001069 0.00000134 -0.00000352 0.00071457 -0.00599671 -0.00243152 -0.29943971 50.10227 
0.450 0.02393137 5 -3888561.13 -2714895.21 -6639519.01 -3560372.55 -201359.17 9227584.82 385216374.09 0.00192059 -0.02290155 -0.01791390 -0.00288619 -0.00035431 0.00689224 0.00743191 0.00765977 0.00770794 0.00758036 0.00728565 0.00683657 0.00625180 0.00555666 0.00478205 0.00396349 0.00313818 0.00234380 0.00077688 -0.00035411 -0.00021307 -0.00000963 0.00001064 0.00000136 -0.00000327 0.00069235 -0.00615506 -0.00251755 -0.32532905 53.68100 
0.480 0.02470296 5 -4044291.66 -3006396.73 -6185166.37 -3641823.06 -215653.37 9004747.87 374151573.77 0.00294091 -0.02363096 -0.01876765 -0.00277686 -0.00066906 0.00680319 0.00739422 0.00766458 0.00775488 0.00766853 0.00741348 0.00700081 0.00644753 0.00577733 0.00501979 0.00420940 0.00338230 0.00257527 0.00092529 -0.00035520 -0.00023827 -0.00001284 0.00001120 0.00000204 -0.00000284 0.00071417 -0.00634404 -0.00259455 -0.34585221 57.25974 
0.510 0.02414058 5 -3973589.40 -3695563.64 -5248755.84 -3648705.34 -12927.15 8632362.57 383810125.29 0.00388095 -0.02305588 -0.01891834 -0.00294013 -0.00136924 0.00660275 0.00727197 0.00760802 0.00776360 0.00774099 0.00754653 0.00718859 0.00668158 0.00604709 0.00531324 0.00451438 0.00368714 0.00286819 0.00113206 -0.00032331 -0.00025493 -0.00001551 0.00001180 0.00000266 -0.00000246 0.00074137 -0.00647462 -0.00264132 -0.37009755 60.83847 
0.540 0.02306747 5 -3673526.87 -4198912.94 -4317981.84 -3470566.53 51724.30 8262210.15 393693567.16 0.00471923 -0.02199737 -0.01864628 -0.00314838 -0.00219138 0.00622485 0.00697181 0.00737962 0.00761182 0.00766980 0.00755696 0.00727786 0.00684195 0.00626596 0.00557448 0.00480170 0.00398655 0.00316701 0.00136328 -0.00027909 -0.00027996 -0.00002173 0.00001301 0.00000356 -0.00000220 0.00075937 -0.00654138 -0.00266305 -0.39215927 64.41720 
0.570 0.02226097 5 -3407791.10 -4495531.19 -3560532.35 -3324047.33 -4752.17 7977071.94 395594416.31 0.00529968 -0.02120639 -0.01841103 -0.00322108 -0.00291261 0.00583164 0.00664180 0.00711005 0.00740764 0.00753560 0.00749628 0.00729286 0.00693000 0.00641693 0.00577191 0.00502875 0.00423060 0.00341900 0.00157963 -0.00020712 -0.00028802 -0.00002876 0.00001382 0.00000437 -0.00000209 0.00077172 -0.00660663 -0.00268708 -0.40969722 67.99594 
0.600 0.02139565 5 -2866336.27 -4129956.13 -3099761.63 -3171861.36 -310882.60 7846125.46 385233346.20 0.00571242 -0.02035423 -0.01776505 -0.00297572 -0.00374996 0.00480133 0.00565234 0.00617535 0.00654214 0.00675365 0.00681195 0.00671971 0.00647858 0.00608697 0.00555012 0.00489744 0.00417483 0.00342788 0.00167711 -0.00013866 -0.00027529 -0.00002746 0.00001371 0.00000439 -0.00000195 0.00072031 -0.00657481 -0.00269947 -0.42368972 71.57467 
0.630 0.01933898 5 -2281989.66 -3874714.00 -2686997.01 -2915679.57 -348019.22 7543420.13 383113255.35 0.00599821 -0.01833006 -0.01657975 -0.00305674 -0.00475615 0.00372081 0.00460686 0.00517785 0.00560635 0.00589324 0.00604051 0.00605051 0.00592292 0.00564906 0.00522275 0.00466709 0.00402851 0.00335623 0.00172749 -0.00008043 -0.00026350 -0.00002591 0.00001387 0.00000441 -0.00000186 0.00065655 -0.00647838 -0.00268814 -0.44101250 75.15340 
0.660 0.01989263 3 861946.90 -1550324.05 -5484336.71 2577462.75 2626461.59 2692683.32 384942543.55 0.01632680 0.00117545 -0.01247399 -0.01989263 -0.00698636 0.00078129 0.00107771 0.00127744 0.00142774 0.00152984 0.00158578 0.00159745 0.00156127 0.00145961 0.00127631 0.00102904 0.00076067 0.00051198 0.00002621 -0.00049947 -0.00035241 -0.00005563 0.00001468 0.00000718 -0.00000036 0.00011229 -0.00746920 -0.00344173 -0.85972048 78.73214 
0.690 0.02126338 3 724437.34 -1723162.08 -5411600.39 2992519.69 2640153.82 2226526.31 369534935.76 0.01750091 0.00372010 -0.01113297 -0.02126338 -0.00787376 0.00044072 0.00073967 0.00094121 0.00109651 0.00120682 0.00127416 0.00129999 0.00127746 0.00117969 0.00098440 0.00071501 0.00042261 0.00015997 -0.00026669 -0.00060839 -0.00034379 -0.00004209 0.00001352 0.00000589 -0.00000022 0.00006058 -0.00744427 -0.00345752 -0.89649818 82.31087 
0.720 0.02321201 3 -56133.81 -2065024.45 -5622856.60 3342687.43 2721939.12 1567120.69 329854143.64 0.01869521 0.00851399 -0.00867328 -0.02321201 -0.00919060 0.00069398 0.00107498 0.00133571 0.00154357 0.00169971 0.00180605 0.00186357 0.00186167 0.00176366 0.00154490 0.00123181 0.00088295 0.00056441 0.00002394 -0.00050780 -0.00034974 -0.00004751 0.00001363 0.00000647 0.00000010 0.00013245 -0.00725429 -0.00333028 -0.92373136 85.88960 
0.750 0.02424740 3 -1115203.64 -2725276.79 -5640986.60 4030949.96 2589102.70 631007.08 274184431.46 0.01910674 0.01224484 -0.00610748 -0.02424740 -0.01003504 0.00165452 0.00214238 0.00247439 0.00274108 0.00294355 0.00308365 0.00316177 0.00316287 0.00304061 0.00276853 0.00236791 0.00191101 0.00148744 0.00069417 -0.00025666 -0.00033059 -0.00005794 0.00001306 0.00000755 0.00000066 0.00030567 -0.00684818 -0.00304789 -0.90366084 89.46834 
0.780 0.02546332 3 -2197405.43 -3528243.14 -5410420.75 4394690.79 2549472.43 -202904.75 224290300.31 0.02001759 0.01428997 -0.00498479 -0.02546332 -0.01080499 0.00290517 0.00351839 0.00393587 0.00427294 0.00453044 0.00470995 0.00481098 0.00481337 0.00466211 0.00432566 0.00381389 0.00321540 0.00265282 0.00152979 0.00004219 -0.00032108 -0.00007646 0.00001325 0.00000947 0.00000125 0.00052405 -0.00684028 -0.00292818 -0.90725700 93.04707 
0.810 0.02683013 3 -3302485.75 -3813861.78 -5735813.65 4785697.01 2590606.23 -1129113.55 157401710.60 0.02126985 0.01703667 -0.00330598 -0.02683013 -0.01182807 0.00378114 0.00449203 0.00497648 0.00536936 0.00567143 0.00588419 0.00600609 0.00601046 0.00583425 0.00543665 0.00483078 0.00412124 0.00343311 0.00205090 0.00022723 -0.00030664 -0.00008723 0.00001258 0.00001053 0.00000179 0.00067601 -0.00673787 -0.00279944 -0.91859275 96.62580 
0.840 0.02811208 3 -4251589.48 -3876071.96 -6160197.95 5107917.80 2615659.99 -1938897.37 93113908.59 0.02253272 0.01987626 -0.00155289 -0.02811208 -0.01275070 0.00454612 0.00533056 0.00586659 0.00630313 0.00664081 0.00688087 0.00702007 0.00702318 0.00681867 0.00635368 0.00565543 0.00484050 0.00404183 0.00243420 0.00034840 -0.00030612 -0.00009944 0.00001227 0.00001172 0.00000225 0.00079922 -0.00656000 -0.00265061 -0.92679998 100.20454 
0.870 0.02924981 3 -4915826.46 -3779209.39 -6528494.00 5220307.62 2668606.99 -2497037.68 43467817.56 0.02372577 0.02288758 0.00011362 -0.02924981 -0.01375882 0.00489459 0.00573418 0.00631151 0.00678514 0.00715573 0.00742434 0.00758607 0.00759773 0.00737906 0.00686616 0.00609801 0.00520094 0.00432433 0.00259170 0.00038887 -0.00032021 -0.00011060 0.00001250 0.00001280 0.00000254 0.00086124 -0.00639385 -0.00253977 -0.94285619 103.78327 
0.900 0.03020493 3 -5327477.07 -3658585.79 -6762302.38 5280154.08 2717693.76 -2904436.74 7968799.21 0.02476119 0.02580202 0.00183059 -0.03020493 -0.01489331 0.00492100 0.00580245 0.00641400 0.00692143 0.00732535 0.00762655 0.00781743 0.00784477 0.00761876 0.00707229 0.00625036 0.00528961 0.00436746 0.00258907 0.00038672 -0.00031079 -0.00010714 0.00001172 0.00001244 0.00000263 0.00087986 -0.00624776 -0.00246140 -0.96278090 107.36200 
0.930 0.03120740 3 -5551731.07 -3488670.76 -6935353.55 5283967.97 2771875.89 -3183550.62 -17092901.34 0.02579386 0.02857840 0.00331538 -0.03120740 -0.01603771 0.00480163 0.00571518 0.00635418 0.00689044 0.00732455 0.00765700 0.00787692 0.00792066 0.00768781 0.00711266 0.00623420 0.00520805 0.00425213 0.00248020 0.00034686 -0.00030521 -0.00010170 0.00001107 0.00001187 0.00000263 0.00087334 -0.00617943 -0.00243283 -0.99119722 110.94074 
0.960 0.03241357 3 -5780127.60 -3385235.30 -7058774.67 5390118.69 2790421.77 -3516658.09 -42547331.44 0.02677364 0.03144684 0.00500885 -0.03241357 -0.01711142 0.00499416 0.00593575 0.00659769 0.00715736 0.00761522 0.00797109 0.00820771 0.00824752 0.00798059 0.00734916 0.00638179 0.00526789 0.00425803 0.00245281 0.00032654 -0.00030046 -0.00009758 0.00001044 0.00001140 0.00000265 0.00089835 -0.00608738 -0.00237640 -1.01434436 114.51947 
0.990 0.03470583 5 -5669775.87 -1655791.65 -4239479.96 5245206.59 2097442.88 -7117153.72 -320875446.04 0.02654055 0.03470583 0.01066565 -0.02658898 -0.01726791 -0.00074247 -0.00012557 0.00034780 0.00078266 0.00117910 0.00153580 0.00183014 0.00197311 0.00184578 0.00139765 0.00066231 -0.00014317 -0.00077400 -0.00136144 -0.00121218 -0.00037468 0.00001881 0.00000106 -0.00000075 0.00000198 -0.00001197 -0.00341025 -0.00160500 -0.88756867 118.09821 
1.020 0.03786169 5 -6169150.61 -3250212.74 -7045203.48 5370858.86 2802591.86 -4047185.11 -87851699.69 0.03021994 0.03786169 0.00806906 -0.03558692 -0.01950988 0.00455605 0.00553957 0.00624438 0.00685465 0.00737012 0.00778918 0.00808431 0.00815613 0.00787546 0.00716968 0.00606966 0.00484004 0.00376714 0.00206003 0.00018693 -0.00029426 -0.00008401 0.00000849 0.00001000 0.00000275 0.00084720 -0.00600543 -0.00236515 -1.10259965 121.67694 
