0.001 0.00011501 4 75520.97 1447.00 8111.36 9671.90 8089.42 48201.28 5503419.80 0.00000281 -0.00004339 -0.00011501 -0.00003365 -0.00000066 0.00004037 0.00004463 0.00004154 0.00003728 0.00003233 0.00002691 0.00002141 0.00001620 0.00001150 0.00000734 0.00000365 0.00000045 -0.00000228 -0.00000431 0.00000075 0.00001018 -0.00000007 -0.00001038 -0.00000149 0.00000185 0.00000293 -0.00003480 -0.00001476 -0.00262346 0.04756 
0.030 0.00164536 5 -2144917.26 -784.26 -124279.81 -224635.70 -230098.62 -1565118.87 -167284814.68 0.00049501 0.00164536 0.00074432 0.00061659 0.00043277 0.00057592 0.00057344 0.00054262 0.00049363 0.00043045 0.00035820 0.00028325 0.00021163 0.00014779 0.00009430 0.00005207 0.00002079 -0.00000086 -0.00001914 -0.00000885 0.00000812 -0.00000070 -0.00001116 -0.00000307 0.00000012 0.00003062 0.00065873 0.00032506 0.04419037 1.42683 
0.060 0.00310302 5 -4020310.55 7144.65 -205983.35 -427117.55 -437082.13 -2957272.17 -315486147.10 0.00092304 0.00310302 0.00148361 0.00117252 0.00079917 0.00110374 0.00110484 0.00105845 0.00097787 0.00086856 0.00073820 0.00059692 0.00045612 0.00032693 0.00021625 0.00012718 0.00006008 0.00001298 -0.00003120 -0.00001975 0.00000677 -0.00000003 -0.00001108 -0.00000351 -0.00000066 0.00006205 0.00125471 0.00062114 0.08509247 2.85365 
0.090 0.00441954 5 -5796056.38 16658.22 -333943.72 -636183.38 -635416.22 -4207171.28 -452555997.61 0.00128662 0.00441954 0.00215225 0.00168538 0.00115378 0.00167577 0.00168395 0.00162451 0.00151533 0.00136319 0.00117817 0.00097366 0.00076424 0.00056434 0.00038706 0.00024034 0.00012695 0.00004525 -0.00003893 -0.00003319 0.00000483 0.00000089 -0.00001101 -0.00000363 -0.00000091 0.00009922 0.00180227 0.00089757 0.12404937 4.28048 
0.120 0.00562903 5 -7477557.77 9159.37 -468537.60 -838954.21 -828101.30 -5351124.02 -579975121.26 0.00159537 0.00562903 0.00276772 0.00215763 0.00148919 0.00236390 0.00239245 0.00233072 0.00220300 0.00201568 0.00177966 0.00150970 0.00122366 0.00093982 0.00067525 0.00044529 0.00026040 0.00012206 -0.00003626 -0.00005316 0.00000049 0.00000194 -0.00001101 -0.00000360 -0.00000090 0.00015110 0.00230880 0.00116258 0.16228422 5.70731 
0.150 0.00667364 5 -9119374.33 -31675.44 -701362.48 -1029292.87 -1012917.37 -6344126.16 -696223833.99 0.00179351 0.00667364 0.00331620 0.00257235 0.00181080 0.00323268 0.00329658 0.00324234 0.00310357 0.00288626 0.00260099 0.00226229 0.00188971 0.00150611 0.00113384 0.00079355 0.00050400 0.00027707 -0.00000968 -0.00008135 -0.00000841 0.00000270 -0.00001098 -0.00000343 -0.00000070 0.00022445 0.00275823 0.00141223 0.20014252 7.13414 
0.180 0.00787474 5 -7305408.64 363048.69 569212.25 -230538.38 -849440.27 -7157690.92 -672794404.05 0.00238542 0.00787474 0.00386681 0.00269859 0.00159369 0.00165258 0.00165201 0.00159406 0.00149372 0.00135328 0.00117740 0.00097191 0.00074714 0.00051908 0.00030623 0.00012587 -0.00000815 -0.00009186 -0.00013002 -0.00004814 0.00001297 0.00000339 -0.00001337 -0.00000433 -0.00000080 0.00008944 0.00298291 0.00144583 0.19019613 8.56096 
0.210 0.00886739 5 -8310135.71 437387.88 332919.17 -390056.70 -1011966.55 -7678419.52 -744956024.87 0.00259022 0.00886739 0.00478769 0.00294609 0.00180107 0.00225333 0.00227570 0.00222656 0.00212625 0.00197642 0.00178048 0.00154269 0.00127125 0.00098058 0.00069062 0.00042375 0.00020102 0.00003646 -0.00011761 -0.00007745 0.00000492 0.00000432 -0.00001328 -0.00000440 -0.00000086 0.00014373 0.00342336 0.00168114 0.22560873 9.98779 
0.240 0.00999648 5 -9396070.34 -84943.90 -108041.18 -32040.62 -978317.26 -8192727.38 -782520114.92 0.00216215 0.00999648 0.00619437 0.00295257 0.00187800 0.00318264 0.00324596 0.00320840 0.00309973 0.00292211 0.00267997 0.00237879 0.00202840 0.00164504 0.00125100 0.00087265 0.00053638 0.00026390 -0.00006630 -0.00011223 -0.00000913 0.00000445 -0.00001276 -0.00000440 -0.00000099 0.00022728 0.00380309 0.00190354 0.26464220 11.41462 
0.270 0.01059628 5 -9259745.85 -23285.68 -8838.74 26308.36 -930835.70 -8323094.08 -784137915.76 0.00188128 0.01059628 0.00714734 0.00297148 0.00183177 0.00332016 0.00340045 0.00338306 0.00329974 0.00315141 0.00293987 0.00266746 0.00233932 0.00196625 0.00156619 0.00116378 0.00078642 0.00046062 0.00000550 -0.00012600 -0.00002027 0.00000338 -0.00001210 -0.00000419 -0.00000103 0.00025808 0.00400978 0.00201679 0.28505754 12.84144 
0.300 0.01096189 5 -8720140.78 31134.01 178547.50 230983.50 -760636.65 -8400169.14 -761944912.14 0.00161681 0.01096189 0.00768181 0.00275834 0.00167000 0.00328873 0.00338267 0.00338647 0.00333297 0.00322195 0.00305343 0.00282746 0.00254551 0.00221268 0.00184041 0.00144787 0.00105893 0.00070160 0.00012962 -0.00011808 -0.00003036 0.00000066 -0.00001130 -0.00000372 -0.00000093 0.00028103 0.00401525 0.00203155 0.28805287 14.26827 
0.330 0.01103898 5 -8029840.18 91000.03 459086.09 575443.42 -617533.88 -8537835.85 -736663414.31 0.00150341 0.01103898 0.00764752 0.00233610 0.00145008 0.00310367 0.00320716 0.00322983 0.00320530 0.00313289 0.00301172 0.00284062 0.00261886 0.00234729 0.00203045 0.00167914 0.00130982 0.00094782 0.00028633 -0.00009477 -0.00003891 -0.00000291 -0.00001064 -0.00000300 -0.00000057 0.00029291 0.00382475 0.00194855 0.27267633 15.69510 
0.360 0.01141029 4 5696964.83 -207517.28 -1612522.14 -843702.56 1933318.67 6427388.14 598702513.09 0.00287938 -0.00907970 -0.01141029 -0.00422505 -0.00138752 -0.00260111 -0.00272511 -0.00279416 -0.00283751 -0.00285392 -0.00284154 -0.00279805 -0.00272076 -0.00260674 -0.00245326 -0.00225824 -0.00202083 -0.00174468 -0.00098482 -0.00008354 0.00009908 0.00003057 0.00000163 -0.00000200 -0.00000206 -0.00033463 -0.00430931 -0.00219787 -0.38669227 17.12193 
0.390 0.01353291 4 4693393.52 -500817.06 -1955734.86 -1089155.21 2016122.43 6222978.22 562949573.24 0.00434390 -0.01026869 -0.01353291 -0.00489949 -0.00134478 -0.00181220 -0.00188425 -0.00192643 -0.00195765 -0.00197669 -0.00198169 -0.00197034 -0.00193990 -0.00188738 -0.00180970 -0.00170381 -0.00156702 -0.00139838 -0.00085885 -0.00010052 0.00008933 0.00003049 0.00000127 -0.00000124 -0.00000095 -0.00024676 -0.00480390 -0.00238304 -0.42963320 18.54875 
0.420 0.01567430 4 3630436.39 -873181.34 -2169093.54 -1344825.65 1998944.03 6018592.90 523370756.57 0.00579408 -0.01210630 -0.01567430 -0.00558152 -0.00131313 -0.00084361 -0.00084793 -0.00085238 -0.00086243 -0.00087688 -0.00089389 -0.00091112 -0.00092589 -0.00093544 -0.00093673 -0.00092595 -0.00089889 -0.00085248 -0.00060639 -0.00009709 0.00007108 0.00002680 0.00000120 -0.00000039 -0.00000007 -0.00012807 -0.00536329 -0.00258222 -0.46988962 19.97558 
0.450 0.01777597 4 2589188.68 -1316680.49 -2167044.94 -1815233.25 1895464.67 5992682.70 488202484.73 0.00676123 -0.01461166 -0.01777597 -0.00581665 -0.00113873 0.00021477 0.00029288 0.00033579 0.00035495 0.00035163 0.00032779 0.00028590 0.00022870 0.00015886 0.00007935 -0.00000530 -0.00008934 -0.00016781 -0.00025800 -0.00008630 0.00004282 0.00002060 0.00000158 0.00000055 0.00000059 0.00000960 -0.00587800 -0.00275037 -0.49325003 21.40241 
0.480 0.02006505 4 1714620.46 -1763183.91 -2125360.83 -2259975.41 1767213.91 6095926.69 464983766.46 0.00754320 -0.01772474 -0.02006505 -0.00575269 -0.00101929 0.00123310 0.00140340 0.00150333 0.00156195 0.00158047 0.00156089 0.00150572 0.00141766 0.00129907 0.00115252 0.00098295 0.00079757 0.00060370 0.00018895 -0.00003162 0.00001164 0.00000978 0.00000277 0.00000170 0.00000076 0.00015583 -0.00645394 -0.00294267 -0.51431710 22.82924 
0.510 0.02157069 4 1434863.85 -2021767.31 -2026097.76 -2391483.15 1723666.32 6150545.75 462258131.20 0.00834824 -0.01959974 -0.02157069 -0.00591881 -0.00113050 0.00148974 0.00170523 0.00183466 0.00191630 0.00195141 0.00194206 0.00189081 0.00180019 0.00167176 0.00150718 0.00131184 0.00109515 0.00086695 0.00035260 -0.00000397 0.00000398 0.00000602 0.00000344 0.00000206 0.00000065 0.00020286 -0.00690016 -0.00312687 -0.54411324 24.25606 
0.540 0.02150897 4 1732833.83 -2251255.61 -1882870.13 -1936788.97 1781683.43 6022065.10 483344395.55 0.00903573 -0.01907838 -0.02150897 -0.00642153 -0.00164173 0.00099813 0.00122396 0.00136518 0.00146172 0.00151485 0.00152664 0.00149961 0.00143590 0.00133570 0.00119920 0.00103231 0.00084721 0.00065645 0.00024306 -0.00000857 0.00001274 0.00000754 0.00000394 0.00000186 0.00000031 0.00015610 -0.00705028 -0.00322208 -0.57459032 25.68289 
0.570 0.02091016 5 7791603.21 -48372.65 -281728.00 -97694.43 885586.64 7333811.64 682645787.41 0.00729834 -0.01987951 -0.01990495 -0.00641750 -0.00196902 -0.00457113 -0.00480583 -0.00493738 -0.00501593 -0.00504011 -0.00500803 -0.00491762 -0.00476800 -0.00456172 -0.00430277 -0.00398788 -0.00360652 -0.00315466 -0.00186582 -0.00026161 0.00014382 0.00005246 0.00000014 -0.00000553 -0.00000275 -0.00060136 -0.00721468 -0.00370153 -0.64213380 27.10972 
0.600 0.01948967 5 6937220.76 -352356.52 -410770.85 -344987.11 825791.70 7219543.55 650953971.46 0.00752086 -0.01846446 -0.01920923 -0.00671657 -0.00221567 -0.00399380 -0.00416027 -0.00425037 -0.00430194 -0.00431370 -0.00428386 -0.00421058 -0.00409381 -0.00393794 -0.00374864 -0.00352107 -0.00323881 -0.00288746 -0.00178100 -0.00028698 0.00013286 0.00005266 -0.00000079 -0.00000560 -0.00000250 -0.00052996 -0.00705937 -0.00359079 -0.63444253 28.53654 
0.630 0.01727809 4 6136324.44 -835116.09 -568536.47 -137401.36 952551.80 6724826.57 622590118.00 0.00828511 -0.01398856 -0.01727809 -0.00949788 -0.00245850 -0.00279150 -0.00294283 -0.00303704 -0.00310729 -0.00315224 -0.00316993 -0.00315847 -0.00311823 -0.00305494 -0.00297536 -0.00287294 -0.00272630 -0.00251295 -0.00167956 -0.00036075 0.00009711 0.00005068 0.00000048 -0.00000524 -0.00000258 -0.00042236 -0.00690002 -0.00345893 -0.65314132 29.96337 
0.660 0.01665174 4 5344465.95 -1003428.37 -776344.94 -336580.64 823802.35 6637017.55 588594252.36 0.00862949 -0.01253142 -0.01665174 -0.01070003 -0.00246819 -0.00176749 -0.00187869 -0.00195563 -0.00202162 -0.00207531 -0.00211475 -0.00213822 -0.00214721 -0.00214950 -0.00215449 -0.00215634 -0.00212635 -0.00203409 -0.00147519 -0.00038946 0.00006547 0.00004572 0.00000117 -0.00000463 -0.00000247 -0.00031130 -0.00687448 -0.00338797 -0.65475700 31.39020 
0.690 0.01651294 4 4744565.15 -1013179.12 -1055540.67 -586216.18 759381.05 6640120.06 562457075.19 0.00884337 -0.01210821 -0.01651294 -0.01144692 -0.00239580 -0.00093629 -0.00101464 -0.00107711 -0.00113876 -0.00119817 -0.00125326 -0.00130239 -0.00134782 -0.00139995 -0.00147129 -0.00155367 -0.00161523 -0.00161972 -0.00128321 -0.00040740 0.00003694 0.00004074 0.00000236 -0.00000392 -0.00000247 -0.00021881 -0.00692395 -0.00336202 -0.65536850 32.81703 
0.720 0.01664209 4 4322247.33 -973506.24 -1320019.14 -790654.50 758367.19 6648060.02 544197842.97 0.00889951 -0.01219210 -0.01664209 -0.01183378 -0.00225825 -0.00026534 -0.00031784 -0.00036801 -0.00042491 -0.00048713 -0.00055257 -0.00061969 -0.00069149 -0.00078079 -0.00090266 -0.00104861 -0.00118323 -0.00126556 -0.00111724 -0.00043419 0.00000255 0.00003451 0.00000334 -0.00000324 -0.00000244 -0.00014356 -0.00698803 -0.00335209 -0.65320155 34.24385 
0.750 0.01570162 4 4389774.52 -847076.35 -1234610.31 -837741.69 627567.23 6681635.63 538097590.64 0.00892050 -0.01105554 -0.01570162 -0.01193124 -0.00260144 -0.00069641 -0.00075626 -0.00080758 -0.00086235 -0.00091910 -0.00097578 -0.00103094 -0.00108839 -0.00116342 -0.00127400 -0.00141129 -0.00153713 -0.00160695 -0.00138588 -0.00054387 -0.00000338 0.00004409 0.00000301 -0.00000420 -0.00000255 -0.00020470 -0.00683287 -0.00331183 -0.65468047 35.67068 
0.780 0.01589909 4 4052737.03 -847450.81 -1410624.01 -969376.30 639653.65 6640534.49 523041913.33 0.00884331 -0.01122618 -0.01589909 -0.01194002 -0.00234858 -0.00014163 -0.00018508 -0.00022893 -0.00028144 -0.00034116 -0.00040599 -0.00047455 -0.00055123 -0.00065357 -0.00080214 -0.00098815 -0.00117060 -0.00130088 -0.00122486 -0.00054448 -0.00002455 0.00004015 0.00000357 -0.00000377 -0.00000256 -0.00014066 -0.00680905 -0.00326664 -0.64355778 37.09751 
0.810 0.01609146 4 3725039.59 -838832.74 -1560022.38 -1106306.44 625732.94 6604468.20 507115606.59 0.00875863 -0.01143676 -0.01609146 -0.01189777 -0.00214714 0.00035166 0.00032651 0.00029246 0.00024499 0.00018557 0.00011631 0.00003855 -0.00005267 -0.00017741 -0.00035877 -0.00058804 -0.00082160 -0.00100699 -0.00106400 -0.00054001 -0.00004552 0.00003545 0.00000412 -0.00000328 -0.00000254 -0.00008098 -0.00679390 -0.00322784 -0.63326832 38.52433 
0.840 0.01633269 4 3432416.95 -796636.00 -1740240.21 -1256801.78 513545.55 6712549.39 494995880.30 0.00862757 -0.01187428 -0.01633269 -0.01196744 -0.00203837 0.00091951 0.00092270 0.00090601 0.00087011 0.00081649 0.00074726 0.00066364 0.00055992 0.00041386 0.00019924 -0.00007602 -0.00036634 -0.00061508 -0.00083138 -0.00050785 -0.00006873 0.00002541 0.00000494 -0.00000231 -0.00000252 -0.00000547 -0.00686996 -0.00322338 -0.62728230 39.95116 
0.870 0.01649319 4 3080667.35 -842257.75 -1858884.88 -1341359.98 527440.32 6595729.64 477707595.57 0.00873182 -0.01185532 -0.01649319 -0.01196904 -0.00194321 0.00135160 0.00137860 0.00137670 0.00135112 0.00130333 0.00123543 0.00114856 0.00103649 0.00087543 0.00063721 0.00032876 -0.00000348 -0.00030000 -0.00064296 -0.00049074 -0.00009639 0.00001499 0.00000568 -0.00000129 -0.00000240 0.00005285 -0.00685023 -0.00318315 -0.62065532 41.37799 
0.900 0.01686169 4 2702561.27 -923113.04 -1977183.48 -1415219.69 564990.34 6453087.14 460397888.71 0.00896317 -0.01204607 -0.01686169 -0.01196996 -0.00188552 0.00176910 0.00182603 0.00184342 0.00183205 0.00179335 0.00172942 0.00164137 0.00152249 0.00134795 0.00108808 0.00074913 0.00037822 0.00003687 -0.00043506 -0.00047198 -0.00013027 0.00000265 0.00000670 -0.00000002 -0.00000222 0.00011259 -0.00688811 -0.00316917 -0.61884575 42.80482 
0.930 0.01740904 4 2333172.45 -1015505.46 -2087539.12 -1492603.77 611203.87 6317616.93 444366234.95 0.00925351 -0.01247775 -0.01740904 -0.01190608 -0.00183123 0.00213741 0.00222514 0.00226257 0.00226625 0.00223762 0.00217877 0.00209085 0.00196706 0.00178244 0.00150686 0.00114571 0.00074579 0.00036912 -0.00021522 -0.00043598 -0.00015920 -0.00000966 0.00000764 0.00000129 -0.00000197 0.00016949 -0.00696306 -0.00317409 -0.61947267 44.23164 
0.960 0.01757584 3 -5431680.13 929111.90 3295312.40 -2525523.88 -1981682.25 -5148898.31 -616612874.09 -0.01621185 0.01044368 0.01668642 0.01742777 0.00874297 0.00649275 0.00646363 0.00641546 0.00635352 0.00627684 0.00618351 0.00606933 0.00592062 0.00570383 0.00537593 0.00492526 0.00438935 0.00383429 0.00257239 0.00067841 -0.00026885 -0.00016816 0.00000580 0.00001275 -0.00000084 0.00076959 0.00947728 0.00485155 1.04252991 45.65847 
0.990 0.01741735 4 -5966680.23 1395406.38 2452471.07 -2147324.21 -1813492.18 -5853741.28 -670633135.00 -0.01650842 0.01243848 0.01734294 0.01646045 0.00947250 0.00778757 0.00770575 0.00761008 0.00749672 0.00736489 0.00721286 0.00703651 0.00682203 0.00653542 0.00613307 0.00560289 0.00498248 0.00433947 0.00285821 0.00070936 -0.00029853 -0.00017965 0.00000639 0.00001397 -0.00000052 0.00088654 0.00977496 0.00505322 1.06920346 47.08530 
1.020 0.01799343 3 -5642428.16 534315.62 3867714.56 -2336134.37 -2161779.19 -5546544.78 -636873413.38 -0.01706985 0.01176686 0.01760030 0.01776966 0.00940765 0.00721936 0.00715016 0.00706598 0.00696783 0.00685480 0.00672499 0.00657411 0.00638810 0.00613301 0.00576556 0.00527348 0.00469364 0.00409291 0.00272061 0.00070028 -0.00028490 -0.00017665 0.00000637 0.00001364 -0.00000060 0.00083138 0.00998436 0.00512208 1.09421976 48.51212 
1.050 0.01894465 3 -5634592.74 504431.02 4166561.46 -2511803.15 -2222112.81 -5571669.26 -643481041.53 -0.01724496 0.01034793 0.01688263 0.01870600 0.00999824 0.00722267 0.00712305 0.00701540 0.00689676 0.00676625 0.00662200 0.00645943 0.00626363 0.00599983 0.00562550 0.00513018 0.00455181 0.00395724 0.00261502 0.00065821 -0.00028573 -0.00017267 0.00000638 0.00001328 -0.00000066 0.00081337 0.01010531 0.00516921 1.11670957 49.93895 
1.080 0.01997606 3 -5713762.78 486205.70 4235973.93 -2578239.50 -2274584.42 -5583118.49 -649624669.27 -0.01786630 0.00939113 0.01681207 0.01972558 0.01041466 0.00737429 0.00727344 0.00716363 0.00704229 0.00690855 0.00676054 0.00659357 0.00639249 0.00612235 0.00574068 0.00523677 0.00464807 0.00404150 0.00266618 0.00066796 -0.00029128 -0.00017616 0.00000668 0.00001369 -0.00000054 0.00083010 0.01031191 0.00527495 1.15194796 51.36578 
1.110 0.02095332 3 -5784482.51 492831.79 4296779.69 -2684163.85 -2233851.40 -5656078.74 -656718314.93 -0.01843002 0.00875893 0.01689849 0.02067655 0.01078828 0.00744122 0.00733569 0.00722181 0.00709678 0.00695974 0.00680883 0.00663930 0.00643587 0.00616370 0.00578051 0.00527509 0.00468399 0.00407364 0.00268562 0.00067049 -0.00029725 -0.00017972 0.00000697 0.00001410 -0.00000041 0.00083597 0.01055478 0.00539192 1.18611576 52.79261 
1.140 0.02170805 3 -5846551.15 475094.53 4340029.84 -2754835.94 -2166976.30 -5739863.27 -661596966.10 -0.01894206 0.00841648 0.01702286 0.02141791 0.01105186 0.00751353 0.00741024 0.00729742 0.00717308 0.00703638 0.00688544 0.00671552 0.00651151 0.00623913 0.00585651 0.00535160 0.00475934 0.00414484 0.00273534 0.00068414 -0.00030317 -0.00018436 0.00000732 0.00001463 -0.00000028 0.00084685 0.01075156 0.00548995 1.21370622 54.21943 
1.170 0.02228277 3 -5874041.00 430011.83 4378859.94 -2806947.44 -2119247.06 -5756718.28 -661269409.43 -0.01949777 0.00845438 0.01727988 0.02198326 0.01126775 0.00764911 0.00755029 0.00743979 0.00731694 0.00718087 0.00702971 0.00685878 0.00665312 0.00637883 0.00599403 0.00548549 0.00488658 0.00426187 0.00281717 0.00071040 -0.00030858 -0.00019019 0.00000776 0.00001528 -0.00000012 0.00086672 0.01094706 0.00559215 1.23955345 55.64626 
1.200 0.02303949 3 -5868412.62 383783.88 4488809.80 -2903069.98 -2087920.53 -5750015.78 -660216718.30 -0.02009398 0.00820714 0.01742471 0.02272585 0.01158018 0.00773653 0.00763406 0.00751988 0.00739343 0.00725384 0.00709926 0.00692498 0.00671612 0.00643914 0.00605264 0.00554293 0.00494221 0.00431392 0.00285323 0.00072148 -0.00031124 -0.00019304 0.00000801 0.00001559 -0.00000005 0.00087609 0.01116217 0.00569796 1.26882608 57.07309 
