0.001 0.00011149 4 18855.87 -2086.41 -21674.63 -2297.13 4162.85 40751.19 3023913.42 -0.00000104 -0.00003880 -0.00011149 -0.00002687 0.00001038 0.00006083 0.00006450 0.00005988 0.00005356 0.00004620 0.00003818 0.00003010 0.00002251 0.00001576 0.00000993 0.00000497 0.00000088 -0.00000243 -0.00000489 0.00000044 0.00001017 -0.00000006 -0.00001042 -0.00000150 0.00000184 0.00000389 -0.00002859 -0.00001133 -0.00195275 0.08331 
0.030 0.00162614 5 -1279672.72 121832.49 204788.14 48001.33 -140565.12 -1513729.56 -131703798.16 0.00050710 0.00162614 0.00071444 0.00050699 0.00028871 0.00021989 0.00021789 0.00020358 0.00018332 0.00015896 0.00013214 0.00010476 0.00007858 0.00005512 0.00003523 0.00001920 0.00000695 -0.00000197 -0.00000941 -0.00000276 0.00000877 -0.00000102 -0.00001124 -0.00000277 0.00000056 0.00001172 0.00057308 0.00027487 0.03446842 2.49937 
0.060 0.00313390 5 -2377533.18 258315.24 561755.55 41330.23 -323716.76 -2915217.44 -254938371.62 0.00095056 0.00313390 0.00148826 0.00103630 0.00053601 0.00029051 0.00028057 0.00025702 0.00022597 0.00019002 0.00015143 0.00011266 0.00007713 0.00004827 0.00002588 0.00000931 -0.00000226 -0.00000988 -0.00001346 -0.00000288 0.00000884 -0.00000114 -0.00001126 -0.00000329 -0.00000029 0.00001319 0.00112939 0.00053644 0.06809340 4.99874 
0.090 0.00462953 5 -3255484.80 464256.84 1031465.84 24965.75 -510704.14 -4265469.09 -370945018.49 0.00141321 0.00462953 0.00225523 0.00157023 0.00076191 0.00024082 0.00021988 0.00018926 0.00015276 0.00011170 0.00006958 0.00003050 -0.00000272 -0.00002776 -0.00004178 -0.00004640 -0.00004500 -0.00004046 -0.00002316 0.00000020 0.00001062 -0.00000100 -0.00001123 -0.00000347 -0.00000072 0.00000524 0.00167764 0.00078922 0.09988262 7.49811 
0.120 0.00617596 5 -3681322.17 953199.49 1753694.80 -76973.42 -727103.37 -5584139.66 -482589175.58 0.00196033 0.00617596 0.00306230 0.00217780 0.00097349 -0.00015421 -0.00019853 -0.00023158 -0.00025672 -0.00027346 -0.00028166 -0.00028123 -0.00027247 -0.00025523 -0.00023094 -0.00020006 -0.00016294 -0.00012485 -0.00004984 0.00000842 0.00001558 -0.00000059 -0.00001129 -0.00000352 -0.00000088 -0.00002773 0.00225595 0.00104280 0.13044365 9.99748 
0.150 0.00784685 5 -3795758.00 1624391.46 2520922.44 -133890.35 -920718.22 -6886463.33 -587118984.53 0.00263837 0.00784685 0.00394059 0.00284327 0.00120042 -0.00100221 -0.00110737 -0.00116502 -0.00119244 -0.00118913 -0.00115500 -0.00109017 -0.00099603 -0.00087748 -0.00074327 -0.00060367 -0.00046858 -0.00034440 -0.00012110 0.00002870 0.00002839 0.00000039 -0.00001163 -0.00000354 -0.00000086 -0.00010848 0.00288671 0.00129560 0.15832300 12.49686 
0.180 0.00968167 5 3008498.34 -2154448.92 -2092565.32 -502360.00 80927.93 7676944.65 573983067.96 -0.00483118 -0.00956050 -0.00450909 -0.00270628 -0.00114124 0.00207330 0.00225247 0.00231401 0.00229551 0.00219965 0.00203269 0.00180074 0.00151496 0.00119361 0.00086078 0.00054331 0.00026670 0.00005218 -0.00015928 -0.00011100 -0.00001679 0.00000495 0.00000351 -0.00000351 -0.00000538 0.00015680 -0.00335635 -0.00149008 -0.15745790 14.99623 
0.210 0.01228618 5 2426934.94 -2768552.34 -3000734.75 -1051330.84 -82070.64 9329623.51 647013964.63 -0.00505728 -0.01193245 -0.00615292 -0.00326222 -0.00124042 0.00318789 0.00344821 0.00354348 0.00352690 0.00340389 0.00318362 0.00287635 0.00249631 0.00206378 0.00160477 0.00114928 0.00072643 0.00036271 -0.00012836 -0.00019631 -0.00003784 0.00000908 0.00000605 -0.00000285 -0.00000529 0.00026134 -0.00407795 -0.00177282 -0.19059728 17.49560 
0.240 0.01511902 5 475155.00 -3916038.81 -4233307.99 -1713378.42 -200086.95 10537967.17 668031177.89 -0.00487451 -0.01455540 -0.00810620 -0.00377123 -0.00121454 0.00511841 0.00550019 0.00563494 0.00560710 0.00542566 0.00510492 0.00466298 0.00412259 0.00351102 0.00285968 0.00220323 0.00157609 0.00101015 0.00008878 -0.00030260 -0.00009497 0.00000771 0.00000968 -0.00000140 -0.00000492 0.00044623 -0.00476781 -0.00199799 -0.21499142 19.99497 
0.270 0.01788005 5 -2354804.50 -4583071.81 -5477032.67 -2338835.06 -339324.38 10383459.41 572266602.09 -0.00341696 -0.01712352 -0.01120848 -0.00399289 -0.00103251 0.00722857 0.00776224 0.00796280 0.00795645 0.00775327 0.00736930 0.00682612 0.00615090 0.00537600 0.00453768 0.00367528 0.00282883 0.00203726 0.00057819 -0.00035356 -0.00018602 -0.00000680 0.00001147 0.00000092 -0.00000373 0.00068283 -0.00540789 -0.00217236 -0.24424933 22.49434 
0.300 0.02028432 5 -4146808.79 -4579412.53 -6177322.62 -2999322.97 -276553.27 9885802.61 477355410.70 -0.00120155 -0.01937650 -0.01408416 -0.00364522 -0.00098964 0.00787596 0.00849899 0.00875287 0.00878505 0.00860545 0.00822993 0.00768008 0.00698330 0.00617250 0.00528460 0.00435967 0.00343875 0.00256229 0.00086297 -0.00035547 -0.00022689 -0.00001370 0.00001142 0.00000210 -0.00000275 0.00078059 -0.00581302 -0.00231034 -0.27787005 24.99371 
0.330 0.02234932 5 -5688136.61 -4449696.38 -6532140.58 -3833788.16 -308186.96 9435675.47 381462204.37 0.00089761 -0.02134196 -0.01635751 -0.00324360 -0.00094889 0.00843737 0.00913096 0.00942870 0.00949568 0.00934122 0.00898052 0.00843439 0.00772949 0.00689818 0.00597711 0.00500634 0.00402715 0.00308085 0.00116886 -0.00034363 -0.00028049 -0.00002713 0.00001302 0.00000380 -0.00000221 0.00086986 -0.00607231 -0.00238447 -0.30002161 27.49308 
0.360 0.02193866 5 -6293867.61 -4361097.66 -6214641.18 -4036841.96 -246976.96 8565690.15 309935447.74 0.00293886 -0.02096504 -0.01733596 -0.00334848 -0.00133602 0.00848807 0.00923641 0.00958132 0.00969948 0.00959796 0.00928954 0.00879195 0.00812880 0.00732971 0.00642922 0.00546585 0.00447974 0.00351136 0.00147346 -0.00028163 -0.00030006 -0.00003427 0.00001114 0.00000448 -0.00000134 0.00092203 -0.00613463 -0.00238596 -0.32637663 29.99245 
0.390 0.01845116 5 -6483773.51 -5187029.62 -4794694.14 -4054943.19 -335326.70 7888220.14 286494763.21 0.00303468 -0.01754336 -0.01518228 -0.00283340 -0.00204473 0.00822920 0.00905674 0.00947246 0.00966190 0.00963073 0.00938999 0.00895482 0.00834641 0.00759238 0.00672574 0.00578404 0.00480633 0.00383241 0.00171000 -0.00026285 -0.00034344 -0.00004395 0.00001203 0.00000553 -0.00000106 0.00094656 -0.00548422 -0.00206804 -0.29295683 32.49182 
0.420 0.02003387 5 13129547.70 6577718.80 7407204.98 6552831.47 -203789.93 -7204417.62 -51317129.89 -0.00290302 0.02003387 0.01759225 0.00379983 -0.00017779 -0.01532208 -0.01649964 -0.01710429 -0.01737769 -0.01732989 -0.01697797 -0.01634556 -0.01546312 -0.01436776 -0.01310159 -0.01171028 -0.01024133 -0.00874197 -0.00518711 -0.00094612 0.00041556 0.00020895 -0.00001558 -0.00002386 -0.00000669 -0.00191781 0.00560678 0.00160954 0.18242984 34.99120 
0.450 0.02257788 5 13708846.06 7744888.87 6575625.58 6628690.29 -183176.64 -7057182.03 -56752658.30 -0.00361142 0.02257788 0.01977289 0.00424811 -0.00037981 -0.01682551 -0.01809920 -0.01876130 -0.01907531 -0.01905122 -0.01870611 -0.01806378 -0.01715506 -0.01601785 -0.01469620 -0.01323905 -0.01169409 -0.01010171 -0.00622817 -0.00137776 0.00038749 0.00024776 -0.00001702 -0.00002730 -0.00000677 -0.00216316 0.00620790 0.00176100 0.19967575 37.49057 
0.480 0.02229558 5 13568992.63 8159646.25 6130164.23 6100948.23 -517684.22 -6304081.86 -56541925.81 -0.00451707 0.02229558 0.02087932 0.00484015 -0.00066477 -0.01718416 -0.01842864 -0.01906469 -0.01935651 -0.01931379 -0.01895321 -0.01829805 -0.01737868 -0.01623309 -0.01490889 -0.01346190 -0.01193734 -0.01036560 -0.00648302 -0.00153412 0.00032633 0.00023840 -0.00001456 -0.00002575 -0.00000640 -0.00221127 0.00634363 0.00179906 0.21997238 39.98994 
0.510 0.02156560 5 2337475.34 3566161.20 1624113.93 4694471.71 -548.64 -7546722.86 -347680531.41 -0.00544687 0.02156560 0.01869081 0.00343003 0.00114172 -0.00371843 -0.00417818 -0.00442437 -0.00454087 -0.00452918 -0.00439412 -0.00414065 -0.00377922 -0.00332933 -0.00282124 -0.00229141 -0.00176725 -0.00125933 -0.00029521 0.00022673 0.00005202 -0.00001772 -0.00000255 -0.00000295 -0.00000485 -0.00040434 0.00620075 0.00269197 0.41089079 42.48931 
0.540 0.02327062 5 2883908.86 3504118.30 1801697.11 4923507.53 -174376.51 -7171037.58 -310224229.13 -0.00693844 0.02327062 0.02060749 0.00371303 0.00113939 -0.00397437 -0.00445960 -0.00472196 -0.00485019 -0.00484548 -0.00471223 -0.00445491 -0.00408361 -0.00362047 -0.00310474 -0.00257962 -0.00205389 -0.00152711 -0.00044532 0.00023105 0.00006114 -0.00001881 0.00000032 -0.00000247 -0.00000542 -0.00044431 0.00662307 0.00286871 0.44838355 44.98868 
0.570 0.02487955 5 3615431.57 3667857.94 2001283.79 5091906.73 -363533.61 -6782083.28 -274859112.73 -0.00843953 0.02487955 0.02249426 0.00411156 0.00114232 -0.00439546 -0.00491486 -0.00519544 -0.00533184 -0.00532513 -0.00517995 -0.00490104 -0.00449978 -0.00400482 -0.00347190 -0.00294534 -0.00241328 -0.00186691 -0.00065660 0.00021239 0.00007753 -0.00001504 0.00000227 -0.00000260 -0.00000593 -0.00050147 0.00705614 0.00304136 0.48592275 47.48805 
0.600 0.02632733 5 4484193.97 4043604.22 2203168.97 5202618.66 -564129.92 -6401067.96 -243612544.85 -0.00988841 0.02632733 0.02427616 0.00461636 0.00117674 -0.00493380 -0.00549702 -0.00579906 -0.00594191 -0.00592684 -0.00575954 -0.00544652 -0.00500169 -0.00446358 -0.00390656 -0.00336791 -0.00282749 -0.00226321 -0.00091297 0.00018453 0.00009926 -0.00001072 0.00000403 -0.00000267 -0.00000637 -0.00057132 0.00749351 0.00320928 0.52321644 49.98742 
0.630 0.02700747 5 5647268.38 4822316.06 2453408.15 5201512.26 -784505.77 -6045462.32 -219704670.86 -0.01114164 0.02700747 0.02553363 0.00539093 0.00132084 -0.00578764 -0.00641080 -0.00673561 -0.00687682 -0.00683832 -0.00662862 -0.00625805 -0.00574502 -0.00513798 -0.00452124 -0.00393479 -0.00335167 -0.00274096 -0.00121592 0.00014104 0.00012423 -0.00000294 0.00000530 -0.00000310 -0.00000676 -0.00067078 0.00787405 0.00333483 0.55619732 52.48679 
0.660 0.02724293 5 6813239.21 5644558.53 2731291.66 5130914.94 -1055068.53 -5638457.39 -197693340.91 -0.01240884 0.02724293 0.02654001 0.00626539 0.00158174 -0.00654177 -0.00722610 -0.00757757 -0.00772290 -0.00766818 -0.00742431 -0.00700495 -0.00643386 -0.00577454 -0.00512180 -0.00450360 -0.00389226 -0.00324472 -0.00155932 0.00005836 0.00014351 0.00000971 0.00000646 -0.00000400 -0.00000720 -0.00076791 0.00822533 0.00344791 0.59051022 54.98616 
0.690 0.03046626 5 -3310402.90 569582.81 -8380255.90 7185624.05 3494550.21 -6179904.08 -161291618.31 0.00852488 0.03046626 0.01552950 -0.00969378 -0.00831133 -0.00286251 -0.00266628 -0.00253919 -0.00243103 -0.00234077 -0.00226655 -0.00220623 -0.00216428 -0.00218104 -0.00229589 -0.00247828 -0.00267261 -0.00281669 -0.00284056 -0.00224578 -0.00089715 -0.00007176 0.00002730 0.00001003 0.00000015 -0.00051639 0.00188884 0.00061113 -0.21641298 57.48554 
0.720 0.03441314 5 -3819077.12 1252389.70 -9643399.06 8299395.34 3568339.79 -7295802.90 -231296469.57 0.00926853 0.03441314 0.01779822 -0.01238094 -0.00826761 -0.00194127 -0.00177009 -0.00166122 -0.00157053 -0.00149734 -0.00144028 -0.00139783 -0.00137746 -0.00142757 -0.00157575 -0.00180282 -0.00205420 -0.00225148 -0.00237548 -0.00200821 -0.00089244 -0.00010110 0.00002765 0.00001282 0.00000070 -0.00040021 0.00217795 0.00080837 -0.21823628 59.98491 
0.750 0.03682516 5 -3942677.79 1932444.21 -10499467.27 9230773.69 3548139.94 -8154568.35 -282922401.45 0.00985369 0.03682516 0.01920186 -0.01485286 -0.00769927 -0.00097710 -0.00087165 -0.00080898 -0.00075953 -0.00072299 -0.00069844 -0.00068516 -0.00069390 -0.00078067 -0.00096845 -0.00123643 -0.00153248 -0.00177721 -0.00198963 -0.00181595 -0.00089135 -0.00012588 0.00002944 0.00001565 0.00000118 -0.00029798 0.00235456 0.00094547 -0.21762096 62.48428 
0.780 0.03566588 5 -6835230.54 -2375868.85 -7352455.31 7090771.92 2569620.46 -6767298.76 -256543237.15 0.01006746 0.03566588 0.01903102 -0.01379852 -0.00876315 0.00286611 0.00352815 0.00400138 0.00439870 0.00471971 0.00496549 0.00513757 0.00522369 0.00516183 0.00492774 0.00453025 0.00402659 0.00351130 0.00242040 0.00056365 -0.00038756 -0.00020450 0.00001425 0.00002133 0.00000360 0.00061983 0.00223039 0.00137482 -0.13075292 64.98365 
0.810 0.03855785 5 -9017217.45 -3420794.29 -7500567.37 7135347.02 2561348.72 -7792551.53 -349639674.33 0.01111893 0.03855785 0.02019290 -0.01663128 -0.00844485 0.00679825 0.00765302 0.00824786 0.00872994 0.00909813 0.00935318 0.00949645 0.00951292 0.00933608 0.00894214 0.00832702 0.00756672 0.00676761 0.00485538 0.00152494 -0.00036025 -0.00030239 0.00001753 0.00003045 0.00000448 0.00122432 0.00234569 0.00174999 -0.09331928 67.48302 
0.840 0.04098707 5 -11330071.74 -4951033.92 -7207101.77 6672466.47 2719322.14 -8563724.66 -422921993.63 0.01219219 0.04098707 0.02076837 -0.01910784 -0.00825881 0.01097499 0.01199631 0.01268067 0.01320869 0.01357854 0.01379079 0.01384677 0.01372872 0.01336684 0.01273368 0.01182296 0.01072136 0.00954312 0.00666390 0.00201674 -0.00046453 -0.00040029 0.00002401 0.00003966 0.00000499 0.00177237 0.00235043 0.00204335 -0.06744141 69.98239 
0.870 0.04283096 5 -14092876.63 -7370754.24 -6485705.65 5975981.45 3046219.29 -9258617.49 -478198146.21 0.01268581 0.04283096 0.02068615 -0.02103122 -0.00772369 0.01626269 0.01738661 0.01808074 0.01855890 0.01881829 0.01885941 0.01868373 0.01827066 0.01754821 0.01648370 0.01507478 0.01343606 0.01171932 0.00776960 0.00209114 -0.00061117 -0.00046556 0.00003016 0.00004576 0.00000512 0.00231438 0.00236208 0.00233674 -0.03000553 72.48176 
0.900 0.04459062 5 -15963720.84 -9037848.12 -6279648.57 5744679.13 3456712.14 -9847615.42 -508382019.59 0.01271261 0.04459062 0.02050970 -0.02274648 -0.00690654 0.01994225 0.02103110 0.02163645 0.02198812 0.02208314 0.02192522 0.02151799 0.02084326 0.01983806 0.01846766 0.01672694 0.01474853 0.01270673 0.00819026 0.00208009 -0.00068839 -0.00049620 0.00003421 0.00004895 0.00000518 0.00262341 0.00239921 0.00251831 -0.00871316 74.98113 
0.930 0.04465992 5 -16737707.35 -9714295.16 -6268727.76 5663269.65 3756847.27 -10174801.35 -520268965.42 0.01254047 0.04465992 0.01960044 -0.02360868 -0.00610763 0.02268809 0.02371485 0.02424497 0.02450613 0.02449538 0.02421834 0.02368060 0.02286257 0.02169771 0.02013478 0.01817585 0.01596295 0.01368390 0.00866767 0.00213386 -0.00073144 -0.00052086 0.00003712 0.00005152 0.00000520 0.00287329 0.00229470 0.00260206 0.00919008 77.48050 
0.960 0.04385932 5 -16680352.57 -9609625.53 -6376550.52 5756699.92 3949813.27 -10400689.72 -524175837.42 0.01196974 0.04385932 0.01851027 -0.02398701 -0.00515471 0.02463839 0.02559511 0.02606867 0.02627704 0.02621561 0.02588857 0.02529938 0.02442122 0.02318230 0.02152042 0.01944295 0.01708746 0.01462649 0.00914870 0.00221387 -0.00076583 -0.00054684 0.00004071 0.00005438 0.00000518 0.00307008 0.00217810 0.00265194 0.03195028 79.97988 
