0.001 0.00011282 4 54103.70 -1657.86 221.61 5488.89 6071.01 43980.06 4525416.55 0.00000184 -0.00004020 -0.00011282 -0.00003064 0.00000306 0.00004752 0.00005155 0.00004788 0.00004287 0.00003708 0.00003076 0.00002438 0.00001837 0.00001298 0.00000825 0.00000413 0.00000063 -0.00000230 -0.00000447 0.00000069 0.00001025 -0.00000001 -0.00001037 -0.00000146 0.00000187 0.00000327 -0.00003213 -0.00001332 -0.00236106 0.06797 
0.030 0.00150416 5 -1653570.08 102861.30 -22255.91 -121401.41 -182816.16 -1429957.89 -143463065.99 0.00044038 0.00150416 0.00066791 0.00053307 0.00035690 0.00041684 0.00041527 0.00039364 0.00035930 0.00031433 0.00026232 0.00020801 0.00015588 0.00010922 0.00006993 0.00003872 0.00001539 -0.00000095 -0.00001481 -0.00000616 0.00000861 -0.00000078 -0.00001130 -0.00000284 0.00000051 0.00002252 0.00057624 0.00028209 0.03760241 2.03904 
0.060 0.00283515 5 -3254375.25 198757.18 -65779.89 -296618.80 -373685.05 -2717048.69 -278675409.00 0.00080676 0.00283515 0.00134444 0.00103799 0.00068183 0.00090298 0.00091107 0.00088431 0.00083406 0.00076173 0.00067038 0.00056487 0.00045229 0.00034156 0.00024075 0.00015501 0.00008692 0.00003640 -0.00001892 -0.00001909 0.00000585 -0.00000037 -0.00001138 -0.00000341 -0.00000034 0.00005666 0.00111402 0.00055233 0.07521555 4.07809 
0.090 0.00406126 5 4508484.52 -206059.14 81608.97 411122.92 482364.25 3739447.53 381245812.02 -0.00123522 -0.00398514 -0.00210565 -0.00148946 -0.00092873 -0.00098266 -0.00096962 -0.00092781 -0.00085802 -0.00076429 -0.00065272 -0.00053151 -0.00041021 -0.00029801 -0.00020112 -0.00012272 -0.00006359 -0.00002237 0.00001883 0.00001638 -0.00000079 -0.00000505 -0.00000394 -0.00000342 -0.00000308 -0.00005547 -0.00161557 -0.00078681 -0.10663100 6.11713 
0.120 0.00525749 5 5840843.67 -233796.87 57499.35 544505.61 643323.22 4829312.37 493113682.51 -0.00160230 -0.00517955 -0.00271243 -0.00194005 -0.00121171 -0.00135217 -0.00134448 -0.00129556 -0.00120902 -0.00108971 -0.00094491 -0.00078443 -0.00061938 -0.00046152 -0.00032101 -0.00020401 -0.00011322 -0.00004784 0.00002257 0.00002526 -0.00000214 -0.00000573 -0.00000110 -0.00000335 -0.00000416 -0.00008054 -0.00209827 -0.00102641 -0.13935074 8.15617 
0.150 0.00640667 5 7088594.61 -255912.10 27947.46 670378.18 795145.12 5851035.95 597889918.20 -0.00196970 -0.00632668 -0.00329544 -0.00237591 -0.00148479 -0.00171739 -0.00171396 -0.00165805 -0.00155583 -0.00141274 -0.00123715 -0.00104041 -0.00083525 -0.00063486 -0.00045193 -0.00029593 -0.00017212 -0.00008076 0.00002307 0.00003466 -0.00000226 -0.00000587 0.00000173 -0.00000307 -0.00000497 -0.00010605 -0.00256513 -0.00125881 -0.17105821 10.19522 
0.180 0.00752129 5 8227581.69 -286136.83 8565.44 773283.55 929939.11 6801930.42 694419267.44 -0.00233458 -0.00743623 -0.00386339 -0.00279469 -0.00174449 -0.00209802 -0.00209488 -0.00202989 -0.00191122 -0.00174457 -0.00153902 -0.00130705 -0.00106302 -0.00082151 -0.00059657 -0.00040052 -0.00024174 -0.00012217 0.00001992 0.00004448 -0.00000112 -0.00000549 0.00000443 -0.00000257 -0.00000548 -0.00013286 -0.00301713 -0.00148494 -0.20188771 12.23426 
0.210 0.00862029 5 9259333.00 -297523.93 -15960.46 860575.47 1041241.58 7671000.34 781252347.85 -0.00269162 -0.00851371 -0.00444356 -0.00318309 -0.00198477 -0.00246205 -0.00246439 -0.00239559 -0.00226630 -0.00208193 -0.00185183 -0.00158901 -0.00130913 -0.00102861 -0.00076275 -0.00052622 -0.00033022 -0.00017912 0.00000936 0.00005434 0.00000145 -0.00000471 0.00000681 -0.00000184 -0.00000562 -0.00016113 -0.00345396 -0.00170473 -0.23184489 14.27330 
0.240 0.00955817 5 10126844.21 -58690.57 73360.87 878644.92 1209687.76 8023841.22 827879566.63 -0.00278248 -0.00925159 -0.00548282 -0.00343530 -0.00212118 -0.00290548 -0.00291986 -0.00284905 -0.00270764 -0.00250135 -0.00224022 -0.00193798 -0.00161222 -0.00128204 -0.00096530 -0.00067868 -0.00043691 -0.00024734 -0.00000281 0.00006653 0.00000536 -0.00000402 0.00000855 -0.00000093 -0.00000532 -0.00019590 -0.00385765 -0.00191244 -0.26520536 16.31235 
0.270 0.01073610 5 10612423.91 125671.55 36643.88 894611.26 975647.88 8579849.35 859165795.32 -0.00253847 -0.01029180 -0.00675552 -0.00361572 -0.00219010 -0.00325652 -0.00328544 -0.00321982 -0.00307802 -0.00286505 -0.00259016 -0.00226626 -0.00191113 -0.00154559 -0.00118978 -0.00086171 -0.00057794 -0.00034879 -0.00003562 0.00007584 0.00001127 -0.00000290 0.00000955 -0.00000006 -0.00000471 -0.00022921 -0.00425362 -0.00211576 -0.29910560 18.35139 
0.300 0.01253624 5 7513988.05 -160802.80 -651108.55 -180327.21 1147895.81 7358330.79 687599898.07 0.00199867 -0.01180393 -0.01238495 -0.00317843 -0.00145342 -0.00304757 -0.00312430 -0.00313280 -0.00309463 -0.00300868 -0.00287357 -0.00268778 -0.00245060 -0.00216406 -0.00183634 -0.00148443 -0.00113230 -0.00080578 -0.00024691 0.00008041 0.00003722 0.00000240 0.00000802 0.00000043 -0.00000300 -0.00027552 -0.00463623 -0.00231972 -0.37815529 20.39043 
0.330 0.01538126 5 6998370.72 -395675.68 -710556.23 -368256.06 959262.96 7513595.72 675356739.24 0.00304290 -0.01451489 -0.01457559 -0.00349217 -0.00140948 -0.00267458 -0.00272658 -0.00272639 -0.00268988 -0.00261589 -0.00250281 -0.00234877 -0.00215229 -0.00191353 -0.00163708 -0.00133540 -0.00102828 -0.00073915 -0.00023480 0.00006871 0.00003311 0.00000250 0.00000802 0.00000032 -0.00000308 -0.00024287 -0.00525139 -0.00259074 -0.42082717 22.42948 
0.360 0.01723897 5 6457676.04 -736682.00 -699276.46 -636686.11 1084930.60 7445390.01 664054224.90 0.00382059 -0.01629203 -0.01617335 -0.00380371 -0.00138675 -0.00226213 -0.00229028 -0.00228453 -0.00225397 -0.00219734 -0.00211283 -0.00199822 -0.00185129 -0.00167051 -0.00145674 -0.00121607 -0.00096175 -0.00071344 -0.00025392 0.00005001 0.00003098 0.00000369 0.00000791 0.00000017 -0.00000310 -0.00021129 -0.00570081 -0.00278465 -0.45300692 24.46852 
0.390 0.01880988 5 6134469.72 -743485.98 -771794.05 -817552.37 1007597.66 7459704.45 647962668.18 0.00441009 -0.01781062 -0.01738027 -0.00394854 -0.00132706 -0.00206986 -0.00209160 -0.00208776 -0.00206436 -0.00202008 -0.00195301 -0.00186076 -0.00174079 -0.00159087 -0.00141021 -0.00120151 -0.00097325 -0.00074215 -0.00028771 0.00003876 0.00003240 0.00000508 0.00000780 0.00000016 -0.00000297 -0.00020060 -0.00602226 -0.00292966 -0.47566444 26.50757 
0.420 0.01992147 5 5638870.33 -738921.78 -952396.34 -1020807.95 971267.46 7379728.93 622172078.99 0.00494492 -0.01887927 -0.01830606 -0.00391565 -0.00122451 -0.00181658 -0.00182667 -0.00182116 -0.00180285 -0.00177040 -0.00172179 -0.00165450 -0.00156575 -0.00145273 -0.00131337 -0.00114737 -0.00095812 -0.00075676 -0.00032384 0.00002216 0.00003304 0.00000674 0.00000745 0.00000010 -0.00000280 -0.00018368 -0.00619506 -0.00300167 -0.48714369 28.54661 
0.450 0.02169141 5 5840603.77 -600580.28 -1159367.43 -760576.03 705263.28 7655864.24 634582061.31 0.00517689 -0.02065473 -0.01943216 -0.00436949 -0.00121367 -0.00178598 -0.00180991 -0.00181737 -0.00181276 -0.00179465 -0.00176089 -0.00170880 -0.00163533 -0.00153735 -0.00141220 -0.00125858 -0.00107799 -0.00087840 -0.00041421 -0.00000046 0.00003644 0.00000915 0.00000733 -0.00000053 -0.00000324 -0.00019479 -0.00666052 -0.00322577 -0.51903380 30.58565 
0.480 0.02303404 5 5619220.09 -582126.94 -1370453.81 -755813.53 574977.90 7752636.46 627397328.47 0.00559093 -0.02192733 -0.02038006 -0.00457173 -0.00116196 -0.00161400 -0.00163558 -0.00164653 -0.00165016 -0.00164497 -0.00162873 -0.00159862 -0.00155140 -0.00148356 -0.00139170 -0.00127318 -0.00112646 -0.00095343 -0.00049900 -0.00003297 0.00003783 0.00001235 0.00000717 -0.00000073 -0.00000317 -0.00019025 -0.00694561 -0.00335700 -0.53899514 32.62470 
0.510 0.02497683 5 5494483.59 -624096.20 -1532306.53 -703400.55 460745.11 7893541.77 629101080.38 0.00606143 -0.02377552 -0.02168906 -0.00482415 -0.00114127 -0.00142728 -0.00144058 -0.00145038 -0.00145769 -0.00146099 -0.00145797 -0.00144573 -0.00142084 -0.00137951 -0.00131789 -0.00123238 -0.00111997 -0.00097958 -0.00056346 -0.00007354 0.00003418 0.00001508 0.00000714 -0.00000105 -0.00000327 -0.00018059 -0.00737062 -0.00355111 -0.56714955 34.66374 
0.540 0.02784736 5 5206311.60 -706786.45 -1787782.70 -692627.10 366282.79 8027225.06 626444602.02 0.00678905 -0.02650055 -0.02369705 -0.00494821 -0.00110358 -0.00111963 -0.00110738 -0.00110525 -0.00110850 -0.00111559 -0.00112417 -0.00113123 -0.00113325 -0.00112618 -0.00110575 -0.00106753 -0.00100721 -0.00092027 -0.00058965 -0.00011522 0.00002637 0.00001709 0.00000719 -0.00000120 -0.00000324 -0.00015326 -0.00794616 -0.00380639 -0.60304067 36.70278 
0.570 0.03012772 5 4577686.22 -914804.89 -2171605.75 -722389.99 437394.94 7949091.91 611040150.36 0.00723840 -0.02859462 -0.02541985 -0.00475324 -0.00104571 -0.00051153 -0.00044092 -0.00040682 -0.00039215 -0.00039537 -0.00041409 -0.00044529 -0.00048540 -0.00053027 -0.00057519 -0.00061478 -0.00064302 -0.00065065 -0.00051155 -0.00015572 0.00000625 0.00001652 0.00000756 -0.00000091 -0.00000302 -0.00008406 -0.00835275 -0.00396022 -0.62108495 38.74183 
0.600 0.03065899 5 3978487.91 -844766.60 -2349908.85 -1279169.33 683652.56 7768680.12 578313053.58 0.00708402 -0.02887292 -0.02568177 -0.00382434 -0.00089060 -0.00022545 -0.00011383 -0.00005370 -0.00002060 -0.00001299 -0.00002846 -0.00006400 -0.00011609 -0.00018070 -0.00025300 -0.00032722 -0.00039702 -0.00045350 -0.00043489 -0.00017139 -0.00000550 0.00001541 0.00000746 -0.00000082 -0.00000296 -0.00004359 -0.00817070 -0.00385339 -0.59632244 40.78087 
