0.001 0.00011715 4 68159.44 -825.60 1740.52 7408.01 8167.44 51669.08 5488803.29 0.00000116 -0.00004765 -0.00011715 -0.00003436 0.00000035 0.00004406 0.00004825 0.00004489 0.00004027 0.00003490 0.00002901 0.00002305 0.00001741 0.00001234 0.00000787 0.00000395 0.00000058 -0.00000227 -0.00000439 0.00000072 0.00001022 -0.00000003 -0.00001037 -0.00000147 0.00000186 0.00000311 -0.00003560 -0.00001503 -0.00262463 0.03380 
0.030 0.00157647 5 2001133.18 -22936.68 98142.21 232302.54 237240.00 1456385.11 157967158.52 -0.00039643 -0.00150645 -0.00087460 -0.00061744 -0.00038584 -0.00042366 -0.00041264 -0.00039049 -0.00035511 -0.00030931 -0.00025695 -0.00020291 -0.00015152 -0.00010600 -0.00006828 -0.00003911 -0.00001824 -0.00000469 0.00000730 0.00000651 0.00000526 -0.00000277 -0.00000879 -0.00000273 -0.00000022 -0.00002168 -0.00064341 -0.00031313 -0.04419319 1.01406 
0.060 0.00286610 5 4104870.22 140.04 300998.26 575725.17 503477.44 2724529.31 310926540.42 -0.00070416 -0.00279228 -0.00156428 -0.00119373 -0.00079682 -0.00109322 -0.00108957 -0.00104787 -0.00097223 -0.00086777 -0.00074177 -0.00060410 -0.00046577 -0.00033779 -0.00022744 -0.00013832 -0.00007126 -0.00002463 0.00002173 0.00001937 0.00000203 -0.00000488 -0.00000599 -0.00000333 -0.00000216 -0.00006247 -0.00122087 -0.00060550 -0.08706975 2.02813 
0.090 0.00411458 5 6123433.45 73911.14 507776.16 867361.63 740071.00 3934313.52 454198899.00 -0.00099812 -0.00403811 -0.00222375 -0.00173289 -0.00118842 -0.00175606 -0.00176336 -0.00170546 -0.00159357 -0.00143523 -0.00124137 -0.00102673 -0.00080736 -0.00059869 -0.00041393 -0.00026092 -0.00014279 -0.00005816 0.00003173 0.00003390 0.00000013 -0.00000638 -0.00000261 -0.00000347 -0.00000377 -0.00010510 -0.00177153 -0.00088628 -0.12818620 3.04219 
0.120 0.00539932 5 7793457.99 54133.50 637246.18 1051599.92 925459.55 5125018.84 583949929.99 -0.00135156 -0.00532115 -0.00287978 -0.00223555 -0.00153967 -0.00231150 -0.00232646 -0.00225765 -0.00212049 -0.00192314 -0.00167794 -0.00140164 -0.00111401 -0.00083484 -0.00058136 -0.00036750 -0.00020139 -0.00008193 0.00004557 0.00004859 -0.00000111 -0.00000716 0.00000101 -0.00000325 -0.00000500 -0.00014151 -0.00230843 -0.00115731 -0.16644444 4.05625 
0.150 0.00668063 5 9290270.54 62435.75 669024.07 1196216.24 1103007.66 6259586.82 703240036.18 -0.00174141 -0.00659714 -0.00353767 -0.00272860 -0.00185727 -0.00286605 -0.00288521 -0.00280507 -0.00264518 -0.00241401 -0.00212446 -0.00179418 -0.00144456 -0.00109919 -0.00077977 -0.00050408 -0.00028499 -0.00012481 0.00005189 0.00006452 -0.00000004 -0.00000697 0.00000465 -0.00000261 -0.00000577 -0.00017974 -0.00283651 -0.00142517 -0.20374912 5.07032 
0.180 0.00789805 5 10640985.91 42691.69 765440.27 1366476.53 1216068.79 7250308.64 808793645.99 -0.00209806 -0.00777023 -0.00422498 -0.00318335 -0.00216090 -0.00339933 -0.00342580 -0.00333841 -0.00316069 -0.00290113 -0.00257300 -0.00219435 -0.00178743 -0.00137736 -0.00098967 -0.00064688 -0.00036744 -0.00016100 0.00006715 0.00008388 0.00000178 -0.00000676 0.00000793 -0.00000141 -0.00000585 -0.00021744 -0.00334333 -0.00168278 -0.24027277 6.08438 
0.210 0.00871290 5 -8939534.09 9523.26 108790.42 -434524.24 -985471.15 -7637852.38 -749535764.94 0.00203243 0.00871290 0.00497600 0.00283155 0.00180289 0.00370456 0.00383780 0.00386135 0.00381804 0.00370753 0.00352957 0.00328438 0.00297439 0.00260765 0.00219984 0.00177330 0.00135481 0.00096983 0.00030793 -0.00008971 -0.00004624 -0.00000555 -0.00001069 -0.00000360 -0.00000140 0.00033590 0.00337899 0.00176243 0.24924375 7.09844 
0.240 0.00981659 5 -9625030.70 -41230.27 43619.66 -612259.63 -1059231.08 -7955929.39 -793753481.30 0.00140881 0.00981659 0.00685131 0.00306974 0.00192174 0.00440316 0.00456232 0.00459716 0.00455742 0.00444259 0.00425216 0.00398586 0.00364496 0.00323533 0.00277162 0.00227768 0.00178339 0.00131816 0.00047231 -0.00009124 -0.00006507 -0.00000937 -0.00000977 -0.00000322 -0.00000154 0.00041424 0.00389395 0.00204545 0.30247522 8.11251 
0.270 0.01084029 5 -8582968.11 -47143.15 280689.99 196245.44 -1200007.77 -7812752.61 -741484667.80 0.00006440 0.01084029 0.00927729 0.00295945 0.00170666 0.00422559 0.00437227 0.00441064 0.00438736 0.00430168 0.00415251 0.00393854 0.00365876 0.00331366 0.00290873 0.00245954 0.00199050 0.00153014 0.00062249 -0.00006660 -0.00007823 -0.00001434 -0.00000839 -0.00000282 -0.00000189 0.00042021 0.00421788 0.00220047 0.33967299 9.12657 
0.300 0.01218166 5 -6423277.86 106318.61 939783.08 1237080.98 -1208838.86 -7497621.67 -639393508.35 -0.00164934 0.01218166 0.01157410 0.00274075 0.00132677 0.00317762 0.00326477 0.00328423 0.00326894 0.00321808 0.00313028 0.00300367 0.00283604 0.00262541 0.00237111 0.00207551 0.00174664 0.00140186 0.00064351 -0.00002064 -0.00007356 -0.00001738 -0.00000651 -0.00000247 -0.00000236 0.00033349 0.00440177 0.00224060 0.35613223 10.14064 
0.330 0.01322131 5 -5793939.80 259046.92 1167738.58 1510932.28 -1081285.63 -7650371.95 -621716541.80 -0.00215570 0.01322131 0.01221154 0.00271279 0.00123648 0.00268711 0.00274955 0.00275919 0.00274326 0.00270097 0.00263091 0.00253109 0.00239910 0.00223263 0.00203041 0.00179312 0.00152494 0.00123763 0.00058217 -0.00001266 -0.00006593 -0.00001641 -0.00000615 -0.00000237 -0.00000228 0.00028421 0.00451676 0.00226833 0.35888722 11.15470 
0.360 0.01541754 5 -4646971.34 436144.16 1406778.08 1782496.08 -831931.62 -7440458.04 -563750557.01 -0.00342113 0.01541754 0.01419977 0.00259846 0.00103772 0.00194541 0.00195551 0.00193832 0.00191021 0.00187042 0.00181755 0.00174956 0.00166394 0.00155809 0.00143010 0.00127921 0.00110557 0.00091115 0.00043719 -0.00001156 -0.00005113 -0.00001330 -0.00000587 -0.00000243 -0.00000218 0.00020021 0.00485717 0.00238328 0.37786811 12.16876 
0.390 0.01733628 5 -4156815.87 494987.26 1550078.78 2005422.64 -733033.37 -7474271.17 -543310356.78 -0.00408032 0.01733628 0.01556873 0.00257195 0.00094292 0.00151486 0.00149234 0.00145691 0.00141811 0.00137518 0.00132665 0.00127047 0.00120404 0.00112455 0.00102968 0.00091800 0.00078896 0.00064440 0.00029024 -0.00003388 -0.00004192 -0.00000927 -0.00000618 -0.00000259 -0.00000191 0.00014422 0.00518142 0.00250554 0.39364320 13.18283 
0.420 0.01985500 5 -3704588.47 583939.25 1771081.82 2184125.13 -589963.94 -7653770.73 -532179003.52 -0.00455713 0.01985500 0.01722070 0.00261776 0.00084256 0.00095388 0.00088521 0.00082507 0.00077328 0.00072894 0.00069043 0.00065549 0.00062128 0.00058458 0.00054225 0.00049153 0.00043010 0.00035638 0.00015207 -0.00004056 -0.00002804 -0.00000533 -0.00000675 -0.00000235 -0.00000124 0.00007654 0.00565291 0.00269061 0.41469360 14.19689 
0.450 0.02201058 5 -2927717.81 757693.38 2105900.79 2510602.86 -627243.21 -7674671.63 -508805948.95 -0.00513679 0.02201058 0.01882014 0.00267616 0.00076672 0.00023072 0.00010256 0.00001026 -0.00005731 -0.00010107 -0.00012281 -0.00012499 -0.00011076 -0.00008389 -0.00004839 -0.00000825 0.00003219 0.00006518 0.00005929 -0.00002553 -0.00002094 -0.00000501 -0.00000624 -0.00000206 -0.00000111 -0.00000420 0.00607662 0.00284635 0.43417250 15.21095 
0.480 0.02352566 5 -2325691.77 882194.53 2294570.76 2812850.20 -621927.09 -7693380.17 -488060278.00 -0.00550926 0.02352566 0.01990775 0.00273341 0.00071883 -0.00033487 -0.00051231 -0.00063373 -0.00071859 -0.00076783 -0.00078328 -0.00076752 -0.00072395 -0.00065671 -0.00057036 -0.00046941 -0.00035828 -0.00024413 -0.00005501 -0.00000962 -0.00001356 -0.00000490 -0.00000585 -0.00000183 -0.00000099 -0.00007339 0.00637583 0.00294985 0.44629882 16.22502 
0.510 0.02349159 5 -1612376.73 1221756.82 2424971.86 2993563.27 -733804.81 -7518863.86 -466862412.37 -0.00569577 0.02349159 0.02019451 0.00309191 0.00071695 -0.00117609 -0.00141857 -0.00157791 -0.00168563 -0.00174261 -0.00175073 -0.00171269 -0.00163219 -0.00151397 -0.00136336 -0.00118556 -0.00098520 -0.00076991 -0.00031133 -0.00001286 0.00000462 -0.00000109 -0.00000587 -0.00000187 -0.00000079 -0.00018106 0.00647915 0.00294109 0.44688380 17.23908 
0.540 0.02389359 5 -1010503.81 1387775.52 2628114.10 3077984.58 -659025.74 -7445352.27 -444169089.45 -0.00587807 0.02389359 0.02053017 0.00328493 0.00069930 -0.00185384 -0.00215397 -0.00234892 -0.00248058 -0.00254982 -0.00255856 -0.00250965 -0.00240713 -0.00225640 -0.00206363 -0.00183449 -0.00157329 -0.00128714 -0.00061718 -0.00006151 0.00001361 0.00000402 -0.00000608 -0.00000214 -0.00000064 -0.00027868 0.00658943 0.00294093 0.44565927 18.25314 
0.570 0.02443150 5 -552398.80 1393445.94 2879987.21 3060550.60 -509387.87 -7376994.68 -420714260.97 -0.00630164 0.02443150 0.02111889 0.00380439 0.00054099 -0.00251460 -0.00284129 -0.00304928 -0.00318663 -0.00325423 -0.00325409 -0.00318921 -0.00306397 -0.00288433 -0.00265713 -0.00238830 -0.00208191 -0.00174457 -0.00091938 -0.00013685 0.00001726 0.00001056 -0.00000594 -0.00000252 -0.00000062 -0.00036652 0.00676807 0.00297801 0.45333723 19.26721 
0.600 0.02429361 5 -317959.29 1526685.46 2884883.31 2950035.36 -426284.54 -7253278.87 -409544537.59 -0.00653055 0.02429361 0.02121535 0.00412503 0.00051716 -0.00288303 -0.00323318 -0.00345582 -0.00360340 -0.00367676 -0.00367785 -0.00360977 -0.00347727 -0.00328717 -0.00304731 -0.00276386 -0.00243945 -0.00207820 -0.00115652 -0.00020798 0.00001083 0.00001385 -0.00000553 -0.00000253 -0.00000048 -0.00042481 0.00681035 0.00296686 0.45492257 20.28127 
0.630 0.02387634 5 -162963.08 1684403.79 2855633.32 2803735.03 -409700.10 -7097035.11 -403225077.01 -0.00676748 0.02387634 0.02118427 0.00446723 0.00063063 -0.00315567 -0.00353049 -0.00377015 -0.00393133 -0.00401484 -0.00402261 -0.00395791 -0.00382607 -0.00363501 -0.00339370 -0.00310830 -0.00277969 -0.00240930 -0.00142430 -0.00032035 -0.00000784 0.00001735 -0.00000514 -0.00000263 -0.00000034 -0.00047929 0.00685169 0.00295730 0.45921788 21.29533 
0.660 0.02373977 5 -94722.23 1753370.15 2862877.00 2747175.87 -441384.04 -7016761.20 -401207050.51 -0.00688580 0.02373977 0.02120805 0.00460668 0.00070997 -0.00331334 -0.00370749 -0.00396221 -0.00413681 -0.00423203 -0.00424974 -0.00419319 -0.00406797 -0.00388267 -0.00364713 -0.00336770 -0.00304407 -0.00267506 -0.00165370 -0.00041849 -0.00002405 0.00001941 -0.00000496 -0.00000276 -0.00000031 -0.00051961 0.00688601 0.00295197 0.46072640 22.30940 
0.690 0.02396326 5 7967.10 1783560.32 2918733.22 2800990.27 -493808.75 -7001507.95 -399028016.68 -0.00708073 0.02396326 0.02142851 0.00478617 0.00082196 -0.00348936 -0.00390949 -0.00418423 -0.00437706 -0.00448859 -0.00452063 -0.00447642 -0.00436178 -0.00418583 -0.00395897 -0.00368721 -0.00336904 -0.00300160 -0.00194682 -0.00057026 -0.00005675 0.00002299 -0.00000455 -0.00000310 -0.00000034 -0.00057059 0.00700285 0.00297966 0.46672686 23.32346 
0.720 0.02444892 5 99780.22 1751873.46 3011032.89 2949341.60 -549782.08 -7062685.65 -397693288.13 -0.00736989 0.02444892 0.02179735 0.00505592 0.00098700 -0.00363650 -0.00408177 -0.00437537 -0.00458538 -0.00471245 -0.00475842 -0.00472673 -0.00462365 -0.00445906 -0.00424384 -0.00398338 -0.00367483 -0.00331366 -0.00223310 -0.00070780 -0.00007254 0.00002941 -0.00000470 -0.00000373 -0.00000032 -0.00061674 0.00720098 0.00304803 0.47948830 24.33753 
0.750 0.02501186 5 168301.31 1643160.50 3126958.27 3088918.56 -627104.42 -7063631.60 -392552173.22 -0.00776982 0.02501186 0.02229485 0.00536368 0.00111569 -0.00374089 -0.00420205 -0.00450858 -0.00473115 -0.00487044 -0.00492837 -0.00490841 -0.00481687 -0.00466357 -0.00445921 -0.00420906 -0.00391049 -0.00355902 -0.00248082 -0.00085898 -0.00010309 0.00003308 -0.00000438 -0.00000416 -0.00000040 -0.00065491 0.00741700 0.00312901 0.49542270 25.35159 
0.780 0.02530667 5 283105.64 1549408.99 3293443.21 3182699.74 -758272.10 -6984174.20 -385156875.67 -0.00817701 0.02530667 0.02274917 0.00585447 0.00128937 -0.00393229 -0.00441517 -0.00473767 -0.00497443 -0.00512617 -0.00519486 -0.00518414 -0.00510057 -0.00495420 -0.00475547 -0.00450880 -0.00421106 -0.00385802 -0.00276150 -0.00103391 -0.00014621 0.00003639 -0.00000370 -0.00000448 -0.00000046 -0.00070573 0.00765668 0.00321437 0.51450609 26.36565 
0.810 0.02348463 5 652567.00 1720232.52 3399283.11 3055605.61 -760355.85 -6762198.39 -369300820.14 -0.00791090 0.02348463 0.02176507 0.00637599 0.00151073 -0.00445975 -0.00498844 -0.00533964 -0.00559880 -0.00576653 -0.00584474 -0.00583702 -0.00574987 -0.00559299 -0.00537600 -0.00510256 -0.00476968 -0.00437473 -0.00315572 -0.00119971 -0.00015631 0.00004977 -0.00000351 -0.00000542 -0.00000046 -0.00079849 0.00751370 0.00309807 0.50359387 27.37972 
0.840 0.02149402 4 711265.71 1605875.01 3382531.12 3088373.53 -912372.86 -6453141.08 -352473516.27 -0.00876336 0.02137504 0.02114963 0.00757250 0.00176019 -0.00430267 -0.00479870 -0.00512847 -0.00537209 -0.00553026 -0.00560498 -0.00559996 -0.00552196 -0.00538087 -0.00518639 -0.00494192 -0.00464418 -0.00428975 -0.00317666 -0.00130471 -0.00021704 0.00004076 -0.00000145 -0.00000431 -0.00000028 -0.00078328 0.00746704 0.00308428 0.52784005 28.39378 
0.870 0.02085107 4 924005.54 1672689.36 3406919.22 3095579.67 -1015032.30 -6236150.41 -339838428.51 -0.00923308 0.01974237 0.02052728 0.00850028 0.00214200 -0.00445622 -0.00497365 -0.00531899 -0.00557662 -0.00574715 -0.00583242 -0.00583584 -0.00576351 -0.00562431 -0.00542713 -0.00517572 -0.00486815 -0.00450218 -0.00335179 -0.00138506 -0.00021766 0.00004834 -0.00000168 -0.00000501 -0.00000030 -0.00081867 0.00748023 0.00307166 0.54380117 29.40784 
0.900 0.02001143 4 1121547.83 1806057.36 3403521.12 3052955.34 -1113291.00 -6027694.98 -330999039.69 -0.00961209 0.01783742 0.01971388 0.00951138 0.00253383 -0.00466031 -0.00519890 -0.00555929 -0.00582986 -0.00601115 -0.00610489 -0.00611421 -0.00604450 -0.00590349 -0.00569893 -0.00543485 -0.00511102 -0.00472765 -0.00353243 -0.00147053 -0.00022051 0.00005615 -0.00000227 -0.00000579 -0.00000027 -0.00085888 0.00746379 0.00304259 0.55773493 30.42191 
0.930 0.02003695 4 1587142.27 1899503.00 3499359.76 3203496.62 -1028475.32 -5986741.80 -310335879.80 -0.00938495 0.01799059 0.01971062 0.00925938 0.00238718 -0.00523834 -0.00581829 -0.00620529 -0.00649536 -0.00668898 -0.00678776 -0.00679449 -0.00671377 -0.00655238 -0.00631746 -0.00601401 -0.00564408 -0.00520983 -0.00387073 -0.00159147 -0.00023236 0.00005907 -0.00000178 -0.00000613 -0.00000057 -0.00094992 0.00738619 0.00295785 0.53759617 31.43597 
0.960 0.01932801 4 2047600.52 2090909.46 3522746.71 3245142.63 -898304.81 -5912893.47 -291401936.03 -0.00870987 0.01720792 0.01897761 0.00885329 0.00205946 -0.00593124 -0.00654113 -0.00694472 -0.00724410 -0.00743978 -0.00753342 -0.00752766 -0.00742654 -0.00723509 -0.00695815 -0.00660478 -0.00617955 -0.00568477 -0.00419091 -0.00169625 -0.00023081 0.00006834 -0.00000197 -0.00000711 -0.00000092 -0.00104448 0.00703415 0.00274259 0.49447019 32.45003 
0.990 0.01924626 4 2325878.51 -1315549.50 -2705353.17 -869219.33 1778646.12 5437354.39 465267889.35 0.01210709 -0.01447657 -0.01924626 -0.00984260 -0.00331196 -0.00117606 -0.00108234 -0.00102669 -0.00099681 -0.00099127 -0.00100769 -0.00104311 -0.00109383 -0.00115530 -0.00122243 -0.00128874 -0.00134737 -0.00139668 -0.00142831 -0.00107399 -0.00032139 0.00001992 0.00001007 0.00000030 -0.00000102 -0.00024180 -0.00719852 -0.00350295 -0.69862773 33.46410 
1.020 0.01839767 4 2133767.18 -1338277.68 -2841710.34 -636106.55 1853090.68 5096771.08 449257945.42 0.01273419 -0.01190716 -0.01839767 -0.01196448 -0.00347096 -0.00057759 -0.00049063 -0.00044266 -0.00042313 -0.00043058 -0.00046262 -0.00051625 -0.00058775 -0.00067293 -0.00076834 -0.00086831 -0.00096289 -0.00104649 -0.00116379 -0.00096231 -0.00030338 0.00001802 0.00001015 0.00000036 -0.00000118 -0.00016849 -0.00727230 -0.00349859 -0.72558238 34.47816 
1.050 0.01444312 3 -242281.93 3349520.94 2860887.39 -1237243.75 -2224207.83 -2991238.68 -388919465.00 -0.01192720 -0.00087705 0.00998711 0.01426027 0.00492969 -0.00141219 -0.00175392 -0.00199155 -0.00217758 -0.00231247 -0.00239772 -0.00243579 -0.00243112 -0.00239296 -0.00233305 -0.00225509 -0.00215000 -0.00201161 -0.00155095 -0.00075436 -0.00022008 -0.00000917 0.00000189 0.00000062 -0.00000001 -0.00035715 0.00549798 0.00238760 0.60664840 35.49222 
1.080 0.01509319 3 -498103.47 3663469.43 2249092.19 -1953790.41 -2396899.38 -2059975.30 -377011370.32 -0.01245510 -0.00373597 0.00755662 0.01495705 0.00570260 -0.00023078 -0.00052718 -0.00073982 -0.00091073 -0.00104031 -0.00112989 -0.00118190 -0.00120064 -0.00120213 -0.00120794 -0.00121732 -0.00120458 -0.00114868 -0.00088783 -0.00048097 -0.00019986 -0.00002421 0.00000289 0.00000222 0.00000011 -0.00018524 0.00511723 0.00230043 0.61845035 36.50629 
1.110 0.01527861 3 -849369.06 3382802.70 2177449.16 -2911959.74 -2453486.17 -1044175.00 -346629161.22 -0.01263326 -0.00569090 0.00493166 0.01518737 0.00625902 0.00118262 0.00097387 0.00081592 0.00068542 0.00058200 0.00050438 0.00045046 0.00041091 0.00035459 0.00025403 0.00012055 -0.00000876 -0.00008272 -0.00009543 -0.00019075 -0.00019240 -0.00004234 0.00000424 0.00000416 0.00000031 0.00002903 0.00464172 0.00219135 0.61487519 37.52035 
1.140 0.01570187 3 -557555.82 2755190.90 2701170.25 -3759180.02 -2423669.10 168932.15 -269424674.06 -0.01270695 -0.00783592 0.00208498 0.01562880 0.00676257 0.00186450 0.00169833 0.00156781 0.00145735 0.00136660 0.00129435 0.00123825 0.00118097 0.00107943 0.00090762 0.00068652 0.00047613 0.00032611 0.00017906 -0.00011003 -0.00018775 -0.00004401 0.00000569 0.00000432 -0.00000023 0.00012269 0.00413726 0.00200463 0.59663489 38.53442 
1.170 0.01747954 2 -9698240.77 2812478.42 -3381562.27 -3397557.75 -1319643.23 -4411955.95 -754099301.59 -0.01407154 -0.00699565 -0.00172946 0.01239649 0.01732279 0.01742370 0.01715401 0.01678684 0.01631464 0.01573838 0.01505856 0.01427020 0.01334925 0.01225404 0.01097287 0.00957333 0.00814199 0.00676083 0.00379514 0.00038344 -0.00049041 -0.00016718 0.00001296 0.00001553 0.00000099 0.00165621 0.00614359 0.00375979 0.94739791 39.54848 
1.200 0.01890014 2 -9336652.23 2954519.99 -3057898.65 -3779198.01 -1380737.69 -4073337.88 -739174229.63 -0.01588207 -0.00855001 -0.00218609 0.01395055 0.01873336 0.01836481 0.01804366 0.01763856 0.01713276 0.01652660 0.01581619 0.01500283 0.01405847 0.01291914 0.01159512 0.01014968 0.00864758 0.00719058 0.00401186 0.00041213 -0.00051734 -0.00018189 0.00001452 0.00001687 0.00000080 0.00174523 0.00653196 0.00398914 1.02500526 40.56254 
