0.001 0.00011263 4 54061.67 -1483.36 834.59 4712.06 6065.00 43933.38 4499117.01 0.00000285 -0.00003971 -0.00011263 -0.00003029 0.00000314 0.00004742 0.00005146 0.00004781 0.00004281 0.00003702 0.00003070 0.00002432 0.00001831 0.00001291 0.00000819 0.00000408 0.00000058 -0.00000234 -0.00000451 0.00000065 0.00001018 -0.00000006 -0.00001040 -0.00000149 0.00000185 0.00000325 -0.00003181 -0.00001318 -0.00234862 0.04350 
0.030 0.00142599 5 1628709.27 -39446.48 43440.47 143054.92 181235.61 1300424.74 134069608.28 -0.00037588 -0.00135625 -0.00078392 -0.00052439 -0.00031294 -0.00027863 -0.00026544 -0.00024701 -0.00022112 -0.00018997 -0.00015588 -0.00012164 -0.00008974 -0.00006196 -0.00003931 -0.00002214 -0.00001018 -0.00000276 0.00000353 0.00000370 0.00000466 -0.00000267 -0.00000860 -0.00000293 -0.00000058 -0.00001335 -0.00056034 -0.00026976 -0.03721459 1.30508 
0.060 0.00269193 5 3218139.58 -81401.15 121232.34 310658.20 357726.32 2509923.86 262299047.30 -0.00074272 -0.00261861 -0.00142894 -0.00100800 -0.00063237 -0.00066967 -0.00065382 -0.00061740 -0.00056080 -0.00048821 -0.00040550 -0.00032017 -0.00023912 -0.00016733 -0.00010770 -0.00006129 -0.00002774 -0.00000556 0.00001392 0.00000944 0.00000058 -0.00000420 -0.00000579 -0.00000341 -0.00000238 -0.00003473 -0.00107694 -0.00052330 -0.07207185 2.61016 
0.090 0.00396741 5 -5040879.51 155239.58 -243169.96 -561935.36 -598724.45 -3792289.32 -407158417.00 0.00107487 0.00396741 0.00195509 0.00154805 0.00104563 0.00139179 0.00139137 0.00133477 0.00123838 0.00110828 0.00095265 0.00078230 0.00060957 0.00044701 0.00030433 0.00018693 0.00009660 0.00003177 -0.00003381 -0.00002642 0.00000625 0.00000039 -0.00001170 -0.00000359 -0.00000056 0.00008053 0.00162220 0.00080323 0.11176197 3.91524 
0.120 0.00523322 5 -6596771.64 225923.02 -319873.83 -739736.83 -790931.44 -4972152.56 -534409666.27 0.00141512 0.00523322 0.00260730 0.00204758 0.00138280 0.00187742 0.00188149 0.00181376 0.00169384 0.00152891 0.00132901 0.00110758 0.00087930 0.00065917 0.00046101 0.00029413 0.00016296 0.00006679 -0.00003717 -0.00003817 0.00000427 0.00000096 -0.00001198 -0.00000375 -0.00000071 0.00011281 0.00214857 0.00106713 0.14895820 5.22033 
0.150 0.00645146 5 -8100182.28 275400.24 -405807.84 -919449.51 -974663.51 -6075661.66 -654883368.83 0.00175243 0.00645146 0.00324037 0.00253436 0.00171567 0.00240218 0.00241369 0.00233663 0.00219447 0.00199521 0.00175055 0.00147629 0.00119009 0.00090944 0.00065072 0.00042788 0.00024919 0.00011559 -0.00003672 -0.00005163 0.00000143 0.00000150 -0.00001224 -0.00000387 -0.00000077 0.00014938 0.00266272 0.00132757 0.18590476 6.52541 
0.180 0.00762272 5 -9492609.97 337007.51 -529886.02 -1207136.01 -1051425.42 -7041170.03 -762643634.52 0.00208924 0.00762272 0.00390311 0.00299650 0.00203906 0.00294050 0.00296057 0.00287610 0.00271434 0.00248365 0.00219693 0.00187180 0.00152849 0.00118753 0.00086777 0.00058620 0.00035572 0.00018000 -0.00003010 -0.00006593 -0.00000236 0.00000191 -0.00001241 -0.00000394 -0.00000080 0.00018871 0.00317003 0.00158628 0.22290248 7.83049 
0.210 0.00865541 5 -9990735.65 352195.34 -591405.97 -1046804.51 -1266664.66 -7438055.85 -805714339.46 0.00190021 0.00865541 0.00528007 0.00317834 0.00215190 0.00329066 0.00331704 0.00323558 0.00307361 0.00283763 0.00253902 0.00219381 0.00182194 0.00144507 0.00108391 0.00075765 0.00048277 0.00026720 -0.00000687 -0.00007710 -0.00000811 0.00000161 -0.00001193 -0.00000395 -0.00000098 0.00022040 0.00360809 0.00180847 0.25990462 9.13557 
0.240 0.00972078 5 -10358365.56 408961.82 -591886.86 -1185275.60 -1131122.18 -7859042.73 -839593952.82 0.00157510 0.00972078 0.00673418 0.00338008 0.00224623 0.00363999 0.00367600 0.00360072 0.00344329 0.00320825 0.00290458 0.00254560 0.00215003 0.00173996 0.00133788 0.00096508 0.00064122 0.00037973 0.00002768 -0.00008874 -0.00001517 0.00000109 -0.00001145 -0.00000390 -0.00000111 0.00025528 0.00404684 0.00203267 0.29858671 10.44065 
0.270 0.01033070 5 -10193939.38 596445.24 -384191.01 -1340497.04 -1132606.84 -7933089.73 -847573344.74 0.00121957 0.01033070 0.00787152 0.00352132 0.00224626 0.00368645 0.00372785 0.00366478 0.00352597 0.00331373 0.00303354 0.00269424 0.00231059 0.00190291 0.00149358 0.00110492 0.00075864 0.00047163 0.00006585 -0.00009228 -0.00002057 0.00000025 -0.00001100 -0.00000374 -0.00000111 0.00027004 0.00432585 0.00217130 0.32465446 11.74573 
0.300 0.01074277 5 -9997062.53 819040.00 -89877.55 -1285434.25 -1155040.06 -8285750.67 -867277019.70 0.00137074 0.01074277 0.00804403 0.00362464 0.00223711 0.00344441 0.00348642 0.00343458 0.00331652 0.00313336 0.00288813 0.00258610 0.00223802 0.00186131 0.00147685 0.00110649 0.00077188 0.00049051 0.00008271 -0.00008745 -0.00002099 -0.00000020 -0.00001100 -0.00000350 -0.00000085 0.00025908 0.00443413 0.00221624 0.32835765 13.05081 
0.330 0.01160862 5 9791121.71 -597231.62 239924.92 794104.43 1108571.12 8245752.87 839555778.29 -0.00076504 -0.01102371 -0.00951789 -0.00376995 -0.00222713 -0.00335211 -0.00337656 -0.00332325 -0.00320775 -0.00303040 -0.00279333 -0.00250097 -0.00216325 -0.00179666 -0.00142216 -0.00106225 -0.00073915 -0.00046968 -0.00008038 0.00008412 0.00002040 -0.00000111 0.00000867 0.00000062 -0.00000352 -0.00025099 -0.00471756 -0.00234481 -0.35783530 14.35590 
0.360 0.01356635 5 7706638.98 -476991.94 -812353.47 -225073.03 1266231.97 7954825.45 739701820.95 0.00097853 -0.01283050 -0.01244037 -0.00366163 -0.00181875 -0.00257820 -0.00258274 -0.00254381 -0.00246919 -0.00235818 -0.00221002 -0.00202412 -0.00180138 -0.00154637 -0.00126940 -0.00098664 -0.00071785 -0.00048135 -0.00011449 0.00006786 0.00002284 0.00000129 0.00000760 0.00000128 -0.00000219 -0.00020518 -0.00509048 -0.00249530 -0.39234874 15.66098 
0.390 0.01625629 5 4977147.38 -622177.66 -1816425.86 -1363932.71 1237208.11 7542475.49 610721892.28 0.00304160 -0.01538848 -0.01531215 -0.00340344 -0.00132193 -0.00121435 -0.00115720 -0.00110703 -0.00105560 -0.00100196 -0.00094473 -0.00088219 -0.00081249 -0.00073343 -0.00064126 -0.00053383 -0.00041655 -0.00030141 -0.00009829 0.00002710 0.00001402 0.00000311 0.00000615 0.00000144 -0.00000130 -0.00009563 -0.00540359 -0.00258388 -0.41240188 16.96606 
0.420 0.01863993 5 3447346.10 -982285.59 -2150215.78 -2057403.95 1149749.22 7487502.20 552211421.63 0.00402748 -0.01770414 -0.01721886 -0.00327184 -0.00108038 -0.00012457 -0.00000112 0.00007533 0.00012791 0.00015763 0.00016610 0.00015539 0.00012808 0.00008829 0.00004475 0.00000924 -0.00001009 -0.00001556 -0.00001045 -0.00000132 -0.00000172 0.00000222 0.00000611 0.00000148 -0.00000127 0.00000811 -0.00574820 -0.00269031 -0.42559254 18.27114 
0.450 0.02039688 5 1956798.57 -1415445.44 -2549593.77 -2577473.86 914078.67 7585232.97 503292298.81 0.00448004 -0.01946494 -0.01831315 -0.00315695 -0.00084182 0.00113572 0.00133559 0.00144317 0.00149943 0.00150548 0.00146323 0.00137520 0.00124531 0.00108176 0.00089829 0.00071151 0.00053705 0.00038579 0.00013057 -0.00003110 -0.00002446 -0.00000017 0.00000665 0.00000130 -0.00000181 0.00013334 -0.00594473 -0.00271591 -0.42145764 19.57622 
0.480 0.02199322 5 458816.66 -1757717.13 -3106781.92 -3048606.51 814783.51 7557138.70 451144698.98 0.00498052 -0.02092347 -0.01936965 -0.00306175 -0.00061371 0.00228072 0.00254870 0.00268063 0.00273409 0.00271039 0.00261221 0.00244294 0.00220934 0.00192563 0.00161202 0.00129102 0.00098414 0.00070892 0.00023860 -0.00005819 -0.00004202 -0.00000155 0.00000662 0.00000134 -0.00000181 0.00024235 -0.00611114 -0.00273602 -0.41925280 20.88130 
0.510 0.01982699 5 -887762.66 -2469214.96 -3802381.26 -2967354.42 858147.55 7493040.42 430369952.56 0.00398103 -0.01878249 -0.01763069 -0.00304170 -0.00043705 0.00360279 0.00392332 0.00405987 0.00408545 0.00400237 0.00381647 0.00353447 0.00316923 0.00274143 0.00227801 0.00180896 0.00136365 0.00096702 0.00030519 -0.00009484 -0.00006015 -0.00000273 0.00000725 0.00000043 -0.00000305 0.00035232 -0.00560252 -0.00243917 -0.36737367 22.18638 
0.540 0.01966549 5 -1554816.18 1674518.23 2332981.82 2754900.75 -980271.94 -7336945.04 -483454322.62 -0.00498319 0.01966549 0.01789157 0.00332621 0.00082393 -0.00085161 -0.00103429 -0.00113850 -0.00118823 -0.00118419 -0.00112810 -0.00102234 -0.00087086 -0.00068219 -0.00047290 -0.00026573 -0.00008339 0.00005437 0.00016040 0.00007742 0.00000001 -0.00001054 -0.00000533 -0.00000286 -0.00000274 -0.00007901 0.00585319 0.00270187 0.42306284 23.49147 
0.570 0.02279430 5 -501242.21 1812621.62 2813734.45 3064395.02 -935564.09 -7256429.21 -441921645.08 -0.00631265 0.02279430 0.02040092 0.00354583 0.00067296 -0.00166756 -0.00190738 -0.00203944 -0.00210034 -0.00209082 -0.00201272 -0.00186860 -0.00166297 -0.00140609 -0.00111616 -0.00081802 -0.00053801 -0.00030072 0.00001259 0.00008859 0.00001750 -0.00000784 -0.00000529 -0.00000307 -0.00000280 -0.00016946 0.00646995 0.00294294 0.45974508 24.79655 
0.600 0.02570544 5 407658.97 2000839.74 3286178.70 3248171.95 -870695.59 -7256835.82 -412741737.07 -0.00727171 0.02570544 0.02254176 0.00361490 0.00057213 -0.00246892 -0.00277371 -0.00294051 -0.00301921 -0.00301063 -0.00291683 -0.00274063 -0.00248723 -0.00216844 -0.00180402 -0.00142006 -0.00104477 -0.00070703 -0.00017149 0.00009082 0.00003667 -0.00000397 -0.00000542 -0.00000337 -0.00000283 -0.00026473 0.00701765 0.00314908 0.48718443 26.10163 
0.630 0.02835902 5 1226733.91 2211682.11 3759623.57 3376293.66 -834915.02 -7285950.40 -390990880.36 -0.00798079 0.02835902 0.02441504 0.00360418 0.00050050 -0.00329599 -0.00367214 -0.00387924 -0.00398093 -0.00397809 -0.00387299 -0.00366874 -0.00337133 -0.00299431 -0.00255913 -0.00209328 -0.00162658 -0.00119071 -0.00041753 0.00007555 0.00005817 0.00000193 -0.00000591 -0.00000386 -0.00000278 -0.00036955 0.00750822 0.00332336 0.50766252 27.40671 
0.660 0.03043854 5 2220748.83 2517441.23 4191209.70 3491783.16 -792143.92 -7187541.35 -359524308.38 -0.00876739 0.03043854 0.02609515 0.00361406 0.00041531 -0.00418009 -0.00463859 -0.00489259 -0.00502179 -0.00502712 -0.00491122 -0.00467769 -0.00433405 -0.00389597 -0.00338667 -0.00283488 -0.00227153 -0.00173015 -0.00069584 0.00005353 0.00007981 0.00000846 -0.00000624 -0.00000442 -0.00000280 -0.00048442 0.00789831 0.00344521 0.52344615 28.71179 
