0.001 0.00011349 4 49787.79 -386.55 -3118.22 1655.69 6183.99 45452.89 4357575.61 0.00000419 -0.00004085 -0.00011349 -0.00003000 0.00000411 0.00004928 0.00005349 0.00004993 0.00004491 0.00003899 0.00003244 0.00002579 0.00001948 0.00001381 0.00000883 0.00000451 0.00000084 -0.00000221 -0.00000452 0.00000064 0.00001025 -0.00000000 -0.00001037 -0.00000146 0.00000188 0.00000341 -0.00003151 -0.00001296 -0.00231195 0.12647 
0.030 0.00208213 5 98498.37 367497.16 706559.31 591266.56 160375.54 -1727200.20 -84048138.98 0.00112429 0.00208213 0.00078826 0.00033508 0.00006001 -0.00050769 -0.00051507 -0.00049696 -0.00045444 -0.00039238 -0.00031780 -0.00023976 -0.00016747 -0.00010690 -0.00005980 -0.00002599 -0.00000389 0.00000872 0.00001543 0.00000956 0.00001038 -0.00000144 -0.00001160 -0.00000205 0.00000155 -0.00002523 0.00057703 0.00025709 0.02035571 3.79402 
0.060 0.00406726 5 105346.85 803120.50 1335639.67 1083115.87 270947.08 -3387476.27 -173400953.43 0.00210488 0.00406726 0.00164718 0.00071824 0.00014713 -0.00105445 -0.00108088 -0.00105123 -0.00097275 -0.00085253 -0.00070187 -0.00053555 -0.00037032 -0.00022236 -0.00010451 -0.00002174 0.00002913 0.00005514 0.00005652 0.00002115 0.00000878 -0.00000320 -0.00001228 -0.00000255 0.00000099 -0.00005299 0.00116176 0.00051645 0.04364544 7.58804 
0.090 0.00599841 5 227521.25 1351169.01 2209809.60 1351606.99 253023.27 -4938087.63 -266532218.88 0.00301598 0.00599841 0.00254423 0.00124071 0.00026444 -0.00192901 -0.00200491 -0.00198543 -0.00188953 -0.00172429 -0.00150180 -0.00123805 -0.00095351 -0.00067143 -0.00041473 -0.00020266 -0.00004857 0.00004826 0.00011085 0.00005588 0.00001114 -0.00000601 -0.00001269 -0.00000280 0.00000044 -0.00011515 0.00177817 0.00077239 0.06746705 11.38206 
0.120 0.00780142 5 261284.37 2175374.13 2753958.82 1477135.94 195241.61 -6340426.13 -366956411.15 0.00383065 0.00780142 0.00342349 0.00183322 0.00049944 -0.00294308 -0.00309944 -0.00311687 -0.00303038 -0.00284682 -0.00257807 -0.00223966 -0.00185211 -0.00144109 -0.00103506 -0.00066294 -0.00035118 -0.00011728 0.00012640 0.00011403 0.00002325 -0.00000875 -0.00001311 -0.00000291 -0.00000001 -0.00020694 0.00241963 0.00102434 0.09257357 15.17608 
0.150 0.00948377 5 26438.50 3041388.99 2894228.43 1550905.29 139521.78 -7599606.00 -469973588.89 0.00452759 0.00948377 0.00424658 0.00241819 0.00082404 -0.00381732 -0.00406238 -0.00413192 -0.00407596 -0.00390096 -0.00361831 -0.00324259 -0.00279346 -0.00229622 -0.00178067 -0.00127932 -0.00082376 -0.00044199 0.00006818 0.00018274 0.00004576 -0.00001016 -0.00001366 -0.00000302 -0.00000030 -0.00030358 0.00305366 0.00127022 0.11874340 18.97010 
0.180 0.01115529 5 -3117265.77 1446997.92 2375869.33 1884889.92 59848.05 -8884870.98 -587684949.66 0.00478215 0.01115529 0.00506353 0.00277166 0.00123785 -0.00248395 -0.00272164 -0.00285835 -0.00292885 -0.00293408 -0.00287608 -0.00275777 -0.00258304 -0.00235680 -0.00208505 -0.00177477 -0.00143423 -0.00107846 -0.00032082 0.00016468 0.00006296 -0.00000730 -0.00001251 -0.00000322 -0.00000095 -0.00027939 0.00364408 0.00155984 0.15854781 22.76411 
0.210 0.01256523 5 -1691700.60 3786866.77 2610534.81 1624473.30 50769.68 -9764345.17 -666813272.54 0.00543807 0.01256523 0.00566430 0.00341068 0.00161374 -0.00449357 -0.00489586 -0.00510015 -0.00517260 -0.00511492 -0.00493275 -0.00463170 -0.00422258 -0.00372372 -0.00316020 -0.00256209 -0.00196045 -0.00138826 -0.00033683 0.00026990 0.00011242 -0.00000559 -0.00001529 -0.00000376 -0.00000063 -0.00045328 0.00421142 0.00173342 0.17317511 26.55813 
0.240 0.01345691 5 -3722312.80 3017573.63 1839951.58 1398228.87 340200.57 -10318267.46 -730916858.23 0.00525340 0.01345691 0.00612609 0.00337669 0.00225481 -0.00283944 -0.00322259 -0.00346216 -0.00361033 -0.00366751 -0.00363533 -0.00351637 -0.00331442 -0.00303490 -0.00268655 -0.00228470 -0.00184640 -0.00139574 -0.00044614 0.00020008 0.00008318 -0.00000998 -0.00001420 -0.00000340 -0.00000081 -0.00035291 0.00459009 0.00196425 0.21307281 30.35215 
0.270 0.01412200 5 -4362985.48 2822788.26 1509801.40 1632901.09 133954.27 -10462430.50 -756229412.29 0.00461867 0.01412200 0.00691298 0.00322318 0.00288499 -0.00175829 -0.00215551 -0.00242390 -0.00261648 -0.00273361 -0.00277682 -0.00274855 -0.00265240 -0.00249337 -0.00227782 -0.00201255 -0.00170389 -0.00136132 -0.00052499 0.00014429 0.00004992 -0.00002040 -0.00001243 -0.00000243 -0.00000100 -0.00028484 0.00491657 0.00215346 0.25184859 34.14617 
0.300 0.01430353 5 -4724870.88 2586520.10 1185733.91 1783861.21 129540.14 -10410526.24 -754475904.01 0.00353384 0.01430353 0.00738476 0.00279204 0.00369646 -0.00019326 -0.00059297 -0.00087958 -0.00110520 -0.00127011 -0.00137566 -0.00142409 -0.00141882 -0.00136492 -0.00126901 -0.00113772 -0.00097572 -0.00078595 -0.00025130 0.00016447 -0.00001706 -0.00005033 -0.00000906 0.00000044 -0.00000105 -0.00013763 0.00507921 0.00230790 0.29304955 37.94019 
0.330 0.01415898 5 -4902009.68 2538573.88 981650.67 1783190.26 146713.54 -10352138.04 -754608417.04 0.00298258 0.01415898 0.00740736 0.00254172 0.00417502 0.00073778 0.00033487 0.00003797 -0.00020500 -0.00039431 -0.00053135 -0.00061837 -0.00065883 -0.00065796 -0.00062250 -0.00055912 -0.00047224 -0.00036419 -0.00003623 0.00015650 -0.00006272 -0.00006106 -0.00000721 0.00000147 -0.00000120 -0.00004542 0.00511240 0.00237244 0.31324064 41.73421 
0.360 0.01372084 5 -5146987.07 2398131.47 874856.47 1722856.46 127769.79 -10270601.26 -755637301.44 0.00231956 0.01372084 0.00713882 0.00216263 0.00495316 0.00207152 0.00166847 0.00136121 0.00109764 0.00087744 0.00069926 0.00056085 0.00045876 0.00038785 0.00034160 0.00031387 0.00030074 0.00030015 0.00032378 0.00013701 -0.00013250 -0.00007355 -0.00000503 0.00000272 -0.00000126 0.00009169 0.00511800 0.00244791 0.33930481 45.52823 
0.390 0.01307983 5 -5437183.77 2222329.83 990625.44 1439633.32 55301.98 -10145074.33 -761671178.04 0.00174466 0.01307983 0.00674874 0.00188815 0.00573826 0.00327008 0.00285955 0.00253664 0.00224787 0.00199294 0.00177055 0.00157852 0.00141354 0.00127077 0.00114436 0.00102900 0.00092094 0.00081779 0.00054526 0.00003589 -0.00018386 -0.00006473 -0.00000443 0.00000192 -0.00000141 0.00020357 0.00511669 0.00250673 0.36265555 49.32225 
0.420 0.01256115 5 -5487060.34 2093655.18 1339717.04 1088248.59 -54967.22 -9953713.94 -761058221.19 0.00124060 0.01256115 0.00665232 0.00188155 0.00625069 0.00378639 0.00335382 0.00301036 0.00269750 0.00241496 0.00216148 0.00193500 0.00173236 0.00154914 0.00138020 0.00122078 0.00106711 0.00091355 0.00050689 -0.00008184 -0.00019357 -0.00004288 -0.00000525 -0.00000022 -0.00000169 0.00023527 0.00516035 0.00254403 0.37980839 53.11627 
0.450 0.01164363 5 -4790170.04 1831254.96 1797321.37 1324560.19 -304576.35 -9438730.22 -708328918.37 0.00008144 0.01164363 0.00703974 0.00234123 0.00653480 0.00359121 0.00311966 0.00275051 0.00241532 0.00211380 0.00184449 0.00160524 0.00139352 0.00120504 0.00103509 0.00087910 0.00073042 0.00057945 0.00021988 -0.00022651 -0.00019242 -0.00002009 -0.00000593 -0.00000251 -0.00000214 0.00018271 0.00521341 0.00254098 0.39970613 56.91029 
0.480 0.01090962 5 -3922808.95 1288747.22 2340933.87 1947624.61 -645756.03 -8854358.62 -633567572.36 -0.00086760 0.01090962 0.00759333 0.00256929 0.00636529 0.00306863 0.00258121 0.00220589 0.00186846 0.00156844 0.00130413 0.00107222 0.00087186 0.00069932 0.00054943 0.00041624 0.00029035 0.00016719 -0.00008852 -0.00034238 -0.00017394 0.00000618 -0.00000658 -0.00000514 -0.00000275 0.00010876 0.00513571 0.00246528 0.40155377 60.70431 
0.510 0.01080909 2 14433350.62 907471.35 3678606.11 2377438.46 1242275.43 6227559.26 866933922.36 0.00471799 -0.00007165 0.00083443 0.00013002 -0.01080909 -0.01938478 -0.01973057 -0.01977836 -0.01963006 -0.01928520 -0.01874450 -0.01801001 -0.01708697 -0.01599125 -0.01474696 -0.01338575 -0.01194815 -0.01048156 -0.00691332 -0.00215139 0.00007004 0.00023702 -0.00000318 -0.00002278 -0.00000670 -0.00227249 -0.00303703 -0.00263089 -0.56319638 64.49833 
0.540 0.01175075 2 13758566.85 217435.64 3648432.41 2426808.90 1271815.71 6194074.19 866660850.86 0.00549666 0.00052294 0.00132890 -0.00065395 -0.01175075 -0.01970933 -0.02002175 -0.02006155 -0.01992407 -0.01960872 -0.01911523 -0.01844199 -0.01759102 -0.01656985 -0.01539311 -0.01408357 -0.01267357 -0.01120582 -0.00755666 -0.00249740 0.00001191 0.00025741 -0.00000247 -0.00002462 -0.00000703 -0.00236942 -0.00328280 -0.00279759 -0.60874279 68.29234 
0.570 0.01294422 2 12928209.33 -599074.49 3809505.30 2333289.60 1150436.58 6234052.35 860063530.60 0.00644301 0.00114110 0.00194104 -0.00103080 -0.01294422 -0.02022410 -0.02046979 -0.02047301 -0.02031672 -0.02000043 -0.01952334 -0.01888357 -0.01808210 -0.01712228 -0.01601037 -0.01475695 -0.01338336 -0.01192866 -0.00820693 -0.00285797 -0.00005353 0.00027808 -0.00000192 -0.00002653 -0.00000733 -0.00247122 -0.00346694 -0.00293799 -0.65123745 72.08636 
0.600 0.01425630 2 11976232.81 -1436659.62 3986914.07 2262089.14 1010886.65 6153002.56 843362282.84 0.00752866 0.00211787 0.00281170 -0.00134592 -0.01425630 -0.02076306 -0.02092705 -0.02088136 -0.02069373 -0.02036380 -0.01989056 -0.01927241 -0.01851023 -0.01760683 -0.01656351 -0.01537838 -0.01405727 -0.01263063 -0.00886800 -0.00324776 -0.00012381 0.00030154 -0.00000153 -0.00002877 -0.00000768 -0.00257044 -0.00357229 -0.00304008 -0.69072300 75.88038 
0.630 0.01588625 2 10925890.78 -2277259.78 4131898.73 2245407.13 985870.89 5839973.81 816701363.63 0.00901643 0.00371506 0.00397055 -0.00210576 -0.01588625 -0.02136605 -0.02143240 -0.02132468 -0.02109184 -0.02073374 -0.02024939 -0.01963748 -0.01889945 -0.01803887 -0.01705536 -0.01593872 -0.01468046 -0.01329659 -0.00951905 -0.00364631 -0.00019765 0.00032604 -0.00000141 -0.00003101 -0.00000781 -0.00266753 -0.00372399 -0.00316277 -0.74370978 79.67440 
0.660 0.01761403 2 9685848.27 -3144568.42 4194549.13 2319263.95 1054660.44 5261943.17 776070834.32 0.01080280 0.00583540 0.00538116 -0.00321613 -0.01761403 -0.02177976 -0.02173549 -0.02155636 -0.02127032 -0.02087747 -0.02037697 -0.01976784 -0.01905186 -0.01823326 -0.01731129 -0.01627213 -0.01509870 -0.01379231 -0.01009139 -0.00407572 -0.00032979 0.00032969 0.00000062 -0.00003124 -0.00000780 -0.00274004 -0.00385305 -0.00326179 -0.79932466 83.46842 
0.690 0.01918035 2 8610327.49 -3919121.17 4254176.90 2291981.00 1133192.96 4850097.80 745210383.61 0.01255803 0.00763618 0.00628143 -0.00435987 -0.01918035 -0.02216013 -0.02201752 -0.02177385 -0.02143855 -0.02101161 -0.02049251 -0.01988047 -0.01917666 -0.01838449 -0.01750349 -0.01652048 -0.01541560 -0.01418211 -0.01059475 -0.00454023 -0.00051305 0.00032096 0.00000494 -0.00003025 -0.00000797 -0.00280863 -0.00407518 -0.00340236 -0.85977545 87.26244 
0.720 0.02101493 2 7953064.06 -4363668.47 4265959.35 2303665.21 1190205.03 4556902.94 724199211.38 0.01422673 0.00940150 0.00733887 -0.00527337 -0.02101493 -0.02312841 -0.02289837 -0.02259223 -0.02220302 -0.02173059 -0.02117473 -0.02053487 -0.01981294 -0.01901426 -0.01813947 -0.01717288 -0.01608883 -0.01487475 -0.01129170 -0.00508123 -0.00070955 0.00031428 0.00001041 -0.00002874 -0.00000778 -0.00294625 -0.00431995 -0.00359021 -0.92804194 91.05646 
0.750 0.02269143 2 7499809.55 -4559598.28 4284018.23 2222528.38 1259058.55 4293802.68 702348728.39 0.01603996 0.01091935 0.00783574 -0.00616405 -0.02269143 -0.02428574 -0.02399502 -0.02364200 -0.02320853 -0.02269425 -0.02209881 -0.02142206 -0.02066532 -0.01983338 -0.01892665 -0.01792915 -0.01681397 -0.01556660 -0.01185614 -0.00539058 -0.00081179 0.00031279 0.00001453 -0.00002775 -0.00000767 -0.00308654 -0.00463151 -0.00381079 -1.00290287 94.85048 
0.780 0.02451581 2 7433077.57 -4551063.02 4420958.57 2028568.85 1288302.73 4246310.45 694331990.33 0.01795654 0.01208948 0.00787312 -0.00690068 -0.02451581 -0.02587968 -0.02553918 -0.02514256 -0.02466228 -0.02409771 -0.02344853 -0.02271460 -0.02189753 -0.02100229 -0.02002960 -0.01896270 -0.01777260 -0.01644352 -0.01248340 -0.00565144 -0.00090229 0.00029914 0.00001888 -0.00002583 -0.00000773 -0.00326970 -0.00507380 -0.00411542 -1.09249990 98.64450 
0.810 0.02649157 2 7505649.15 -4629025.96 4660321.50 1776387.42 1287571.70 4410394.49 702371553.76 0.01965565 0.01294700 0.00777549 -0.00749269 -0.02649157 -0.02749262 -0.02708363 -0.02663009 -0.02609068 -0.02546423 -0.02475053 -0.02394954 -0.02306361 -0.02209939 -0.02105901 -0.01992353 -0.01866012 -0.01725131 -0.01305614 -0.00588150 -0.00098488 0.00028246 0.00002251 -0.00002352 -0.00000734 -0.00344348 -0.00561241 -0.00446023 -1.18496262 102.43852 
0.840 0.02856641 2 7624333.57 -4824878.18 4962680.97 1522806.95 1230156.16 4733567.67 721757205.17 0.02105104 0.01357952 0.00778766 -0.00783581 -0.02856641 -0.02913302 -0.02864631 -0.02813105 -0.02752954 -0.02683961 -0.02606112 -0.02519433 -0.02424266 -0.02321460 -0.02210783 -0.02089665 -0.01954929 -0.01804991 -0.01360915 -0.00609737 -0.00106154 0.00026744 0.00002586 -0.00002142 -0.00000693 -0.00361688 -0.00615807 -0.00480813 -1.27281944 106.23254 
0.870 0.03080919 2 7509122.71 -5323266.86 5355584.74 1249426.85 1111466.59 5115911.39 743096674.88 0.02226869 0.01418584 0.00804154 -0.00792931 -0.03080919 -0.03059320 -0.02999445 -0.02939674 -0.02871874 -0.02795669 -0.02711034 -0.02618047 -0.02517253 -0.02409838 -0.02295394 -0.02170630 -0.02031707 -0.01876807 -0.01416659 -0.00636990 -0.00118345 0.00024368 0.00003092 -0.00001835 -0.00000649 -0.00377012 -0.00666834 -0.00512874 -1.35289241 110.02655 
0.900 0.03300929 2 7288977.86 -5903034.61 5728076.22 1005366.75 971409.66 5487159.83 762730439.38 0.02332472 0.01482024 0.00844925 -0.00788781 -0.03300929 -0.03188896 -0.03117501 -0.03049567 -0.02974559 -0.02891861 -0.02801420 -0.02703389 -0.02598681 -0.02488697 -0.02372634 -0.02246236 -0.02104996 -0.01947039 -0.01474487 -0.00667448 -0.00129094 0.00023796 0.00003728 -0.00001654 -0.00000630 -0.00391137 -0.00711516 -0.00541323 -1.42446483 113.82057 
0.930 0.03496265 2 6662548.69 -6717323.47 6033035.26 739851.16 853848.75 5753136.98 771273257.38 0.02432556 0.01559945 0.00881369 -0.00790896 -0.03496265 -0.03264490 -0.03180829 -0.03104853 -0.03023601 -0.02936150 -0.02842393 -0.02742597 -0.02638125 -0.02530290 -0.02417099 -0.02292528 -0.02151960 -0.01994612 -0.01521833 -0.00701637 -0.00144201 0.00022560 0.00004394 -0.00001415 -0.00000601 -0.00400331 -0.00749112 -0.00563831 -1.48478905 117.61459 
0.960 0.03675159 2 6171934.81 -7201019.59 5998045.48 888854.29 862054.42 5624000.22 766678005.08 0.02521269 0.01737451 0.01026045 -0.00814221 -0.03675159 -0.03353360 -0.03263774 -0.03184257 -0.03100621 -0.03011644 -0.02917128 -0.02817445 -0.02714131 -0.02607993 -0.02495637 -0.02369527 -0.02225201 -0.02063266 -0.01578573 -0.00734527 -0.00157097 0.00022340 0.00005019 -0.00001293 -0.00000616 -0.00413190 -0.00757150 -0.00574431 -1.52884482 121.40861 
0.990 0.03814885 2 5534428.34 -7714527.97 6049995.49 743680.78 776548.68 5678731.36 758348012.20 0.02603336 0.01863822 0.01085630 -0.00809335 -0.03814885 -0.03405719 -0.03310790 -0.03228723 -0.03144112 -0.03055330 -0.02962071 -0.02864980 -0.02766321 -0.02666636 -0.02560035 -0.02437474 -0.02293511 -0.02129014 -0.01634896 -0.00772044 -0.00176290 0.00020068 0.00005839 -0.00000971 -0.00000607 -0.00423925 -0.00768023 -0.00585230 -1.56805957 125.20263 
1.020 0.03895721 2 4930958.88 -7985292.81 5986818.83 725974.56 571803.30 5631655.00 736293507.71 0.02648524 0.01982293 0.01177183 -0.00767144 -0.03895721 -0.03444606 -0.03349725 -0.03269051 -0.03186977 -0.03101463 -0.03012095 -0.02919904 -0.02828152 -0.02737044 -0.02639306 -0.02525690 -0.02386701 -0.02220432 -0.01705742 -0.00811566 -0.00197475 0.00017334 0.00007481 -0.00000451 -0.00000648 -0.00436418 -0.00749463 -0.00583166 -1.57744797 128.99665 
1.050 0.03986121 2 5264992.06 -7885115.40 5933260.12 766034.10 272506.95 6178306.29 762713196.06 0.02671714 0.02035603 0.01232379 -0.00690213 -0.03986121 -0.03694183 -0.03605948 -0.03529482 -0.03450788 -0.03367626 -0.03279611 -0.03188062 -0.03096899 -0.03005300 -0.02905755 -0.02787875 -0.02638195 -0.02452463 -0.01855791 -0.00852799 -0.00206087 0.00017741 0.00007877 -0.00000426 -0.00000669 -0.00474556 -0.00745478 -0.00601558 -1.61946480 132.79067 
1.080 0.04111099 2 12572881.02 352140.92 5041033.55 1023140.88 -272810.53 6429376.22 745470558.63 0.02868024 0.02582096 0.01576442 -0.01321479 -0.04111099 -0.04531765 -0.04529505 -0.04504754 -0.04461355 -0.04396651 -0.04310187 -0.04203968 -0.04083333 -0.03947940 -0.03792213 -0.03604299 -0.03370381 -0.03088372 -0.02218195 -0.00912296 -0.00201441 0.00020345 0.00007630 -0.00000738 -0.00000726 -0.00597338 -0.00810359 -0.00697197 -1.87104943 136.58469 
1.110 0.04348821 2 11803124.05 -1005970.22 4965636.26 924646.68 -200697.65 7119508.97 800385236.40 0.02928169 0.02709003 0.01706837 -0.01255369 -0.04348821 -0.04620169 -0.04607305 -0.04577225 -0.04531604 -0.04467457 -0.04384225 -0.04284767 -0.04175647 -0.04057123 -0.03923064 -0.03756132 -0.03537913 -0.03263378 -0.02346297 -0.00948112 -0.00216081 0.00018761 0.00009113 -0.00000353 -0.00000808 -0.00616635 -0.00826542 -0.00715034 -1.92176625 140.37871 
1.140 0.04520565 2 11205265.42 -2203929.66 5006449.73 1057208.85 -449416.23 7794952.73 847127667.39 0.02953124 0.02784866 0.01795284 -0.01273762 -0.04520565 -0.04580213 -0.04556206 -0.04520029 -0.04470929 -0.04405750 -0.04323790 -0.04228730 -0.04129056 -0.04025840 -0.03911488 -0.03768523 -0.03572777 -0.03314346 -0.02399708 -0.00972390 -0.00228451 0.00015975 0.00009763 -0.00000030 -0.00000834 -0.00616927 -0.00857193 -0.00729558 -1.95805966 144.17273 
1.170 0.04731181 2 10035557.49 -3906742.42 5462026.67 1035154.38 -619561.99 8064680.85 868214985.92 0.02937584 0.02837444 0.01888281 -0.01252747 -0.04731181 -0.04303289 -0.04254773 -0.04203049 -0.04142292 -0.04069295 -0.03983244 -0.03888626 -0.03795435 -0.03708077 -0.03616747 -0.03508550 -0.03356468 -0.03136148 -0.02314407 -0.00983367 -0.00242415 0.00010395 0.00009836 0.00000413 -0.00000797 -0.00580172 -0.00892483 -0.00726576 -1.95380409 147.96675 
