0.001 0.00011108 4 57868.64 983.08 4121.54 5719.05 5749.19 41295.77 4407385.12 0.00000337 -0.00003685 -0.00011108 -0.00002952 0.00000288 0.00004566 0.00004973 0.00004619 0.00004135 0.00003574 0.00002961 0.00002342 0.00001759 0.00001237 0.00000779 0.00000380 0.00000040 -0.00000245 -0.00000455 0.00000058 0.00001001 -0.00000019 -0.00001044 -0.00000157 0.00000178 0.00000313 -0.00003110 -0.00001292 -0.00232364 0.09664 
0.030 0.00138214 5 1719494.53 8282.15 122779.78 159328.10 167038.58 1262065.93 133125831.70 -0.00037859 -0.00131273 -0.00075243 -0.00050301 -0.00031797 -0.00035356 -0.00034384 -0.00032538 -0.00029574 -0.00025755 -0.00021402 -0.00016914 -0.00012649 -0.00008872 -0.00005740 -0.00003314 -0.00001578 -0.00000454 0.00000559 0.00000505 0.00000304 -0.00000308 -0.00000728 -0.00000318 -0.00000152 -0.00001827 -0.00054819 -0.00026668 -0.03691879 2.89929 
0.060 0.00265535 5 3325205.46 21239.78 210732.14 299633.35 320942.35 2472657.84 258798555.15 -0.00077575 -0.00258270 -0.00138595 -0.00096141 -0.00062497 -0.00079966 -0.00079371 -0.00076160 -0.00070403 -0.00062480 -0.00052987 -0.00042737 -0.00032640 -0.00023434 -0.00015584 -0.00009311 -0.00004643 -0.00001443 0.00001647 0.00001326 -0.00000052 -0.00000430 -0.00000370 -0.00000320 -0.00000308 -0.00004490 -0.00105782 -0.00051973 -0.07128026 5.79858 
0.090 0.00383950 5 4928718.86 51429.74 327824.66 465772.90 482571.31 3601120.25 380223721.55 -0.00112174 -0.00376425 -0.00197881 -0.00140210 -0.00093046 -0.00132560 -0.00133265 -0.00129406 -0.00121576 -0.00110278 -0.00096258 -0.00080510 -0.00064149 -0.00048369 -0.00034128 -0.00022103 -0.00012651 -0.00005753 0.00001945 0.00002667 -0.00000092 -0.00000498 -0.00000037 -0.00000286 -0.00000400 -0.00008206 -0.00154162 -0.00076627 -0.10568966 8.69788 
0.120 0.00498661 5 6512943.30 90245.96 458342.70 640123.51 649533.40 4674697.74 498153381.33 -0.00145698 -0.00491016 -0.00255286 -0.00183507 -0.00123861 -0.00189044 -0.00191423 -0.00187198 -0.00177546 -0.00163029 -0.00144561 -0.00123384 -0.00100870 -0.00078401 -0.00057366 -0.00038892 -0.00023819 -0.00012391 0.00001428 0.00004213 0.00000095 -0.00000509 0.00000269 -0.00000231 -0.00000454 -0.00012449 -0.00201677 -0.00101155 -0.14027935 11.59717 
0.150 0.00610004 5 8170473.59 154099.87 653835.11 825775.56 821937.47 5714825.57 616224756.90 -0.00175728 -0.00602201 -0.00311406 -0.00226555 -0.00155982 -0.00262468 -0.00266882 -0.00262344 -0.00250766 -0.00232742 -0.00209283 -0.00181753 -0.00151861 -0.00121374 -0.00091957 -0.00065240 -0.00042535 -0.00024589 -0.00001044 0.00006183 0.00000660 -0.00000461 0.00000546 -0.00000154 -0.00000472 -0.00018307 -0.00248866 -0.00126387 -0.17692800 14.49646 
0.180 0.00723377 5 9716519.68 204144.62 834788.39 964118.73 979506.77 6733961.17 728453175.58 -0.00206014 -0.00714711 -0.00369164 -0.00268857 -0.00187012 -0.00337642 -0.00344151 -0.00339478 -0.00326286 -0.00305181 -0.00277204 -0.00243804 -0.00206869 -0.00168601 -0.00131075 -0.00096159 -0.00065588 -0.00040572 -0.00005516 0.00008029 0.00001457 -0.00000357 0.00000784 -0.00000061 -0.00000452 -0.00024634 -0.00296044 -0.00151865 -0.21393127 17.39575 
0.210 0.00834588 5 11129939.53 241660.16 992444.67 1211855.15 1044250.57 7639728.98 829288926.53 -0.00232937 -0.00820538 -0.00432893 -0.00310217 -0.00216416 -0.00409913 -0.00419060 -0.00414906 -0.00400869 -0.00377570 -0.00346086 -0.00307886 -0.00264930 -0.00219601 -0.00174401 -0.00131572 -0.00093103 -0.00060666 -0.00012403 0.00009593 0.00002471 -0.00000200 0.00000973 0.00000034 -0.00000399 -0.00031268 -0.00342643 -0.00177233 -0.25165338 20.29504 
0.240 0.00905277 5 12046243.07 459194.87 1238568.82 1241734.18 1320774.07 7785971.14 871227786.81 -0.00204497 -0.00870368 -0.00558525 -0.00331116 -0.00228901 -0.00480353 -0.00492857 -0.00489964 -0.00475872 -0.00451225 -0.00417123 -0.00375055 -0.00326985 -0.00275336 -0.00222842 -0.00172270 -0.00126130 -0.00086256 -0.00023032 0.00010515 0.00003847 0.00000058 0.00001022 0.00000089 -0.00000326 -0.00038397 -0.00379769 -0.00198424 -0.29205791 23.19434 
0.270 0.00894982 5 11138698.08 378854.26 850171.57 1199073.02 1229335.92 7481263.30 824025896.96 -0.00102341 -0.00849460 -0.00658421 -0.00319994 -0.00205759 -0.00467835 -0.00481979 -0.00481517 -0.00470680 -0.00449882 -0.00419924 -0.00381846 -0.00337205 -0.00288142 -0.00237190 -0.00187055 -0.00140303 -0.00099027 -0.00030693 0.00009536 0.00004474 0.00000248 0.00000939 0.00000050 -0.00000316 -0.00039314 -0.00375453 -0.00196888 -0.30237106 26.09363 
0.300 0.01022193 5 -10639045.25 -597017.26 -1157195.58 139239.56 -1044859.30 -7979212.67 -792986113.59 0.00091182 0.01022193 0.00765590 0.00279346 0.00200276 0.00500623 0.00516390 0.00516379 0.00505947 0.00485268 0.00454774 0.00415135 0.00367581 0.00314079 0.00257268 0.00200383 0.00146796 0.00099401 0.00023953 -0.00014171 -0.00005121 -0.00000072 -0.00000858 -0.00000228 -0.00000014 0.00041716 0.00400394 0.00209856 0.31510377 28.99292 
0.330 0.01180370 5 -10060081.95 -224970.78 -1131623.85 440288.65 -892127.13 -8251648.85 -788265759.16 0.00001057 0.01180370 0.00972544 0.00279345 0.00191653 0.00515830 0.00534271 0.00538024 0.00532633 0.00518098 0.00494467 0.00461848 0.00420605 0.00371700 0.00316964 0.00259162 0.00201637 0.00147786 0.00050594 -0.00012668 -0.00007881 -0.00000782 -0.00000718 -0.00000146 -0.00000012 0.00047703 0.00443289 0.00233144 0.35798505 31.89221 
0.360 0.01351439 5 -9247088.42 117433.41 -577205.76 310602.51 -755176.66 -8342741.92 -775521963.48 -0.00076343 0.01351439 0.01131544 0.00282507 0.00177671 0.00485458 0.00503937 0.00509726 0.00508095 0.00498977 0.00482281 0.00457902 0.00425784 0.00386075 0.00339481 0.00287711 0.00233397 0.00179878 0.00073659 -0.00008216 -0.00009591 -0.00001518 -0.00000605 -0.00000056 0.00000002 0.00048836 0.00477211 0.00249648 0.38516929 34.79151 
0.390 0.01417423 5 -8658692.11 265697.66 -121790.69 289093.91 -691619.47 -8400073.54 -762781906.02 -0.00086344 0.01417423 0.01174815 0.00279007 0.00165019 0.00452446 0.00470682 0.00477744 0.00478669 0.00473353 0.00461646 0.00443356 0.00418278 0.00386277 0.00347503 0.00302758 0.00253703 0.00203132 0.00093963 -0.00002468 -0.00010738 -0.00002256 -0.00000527 0.00000030 0.00000019 0.00048846 0.00485183 0.00253391 0.38833881 37.69080 
0.420 0.01406170 5 -8077721.96 381806.39 249361.29 398131.06 -713534.84 -8393485.86 -746395699.92 -0.00069402 0.01406170 0.01163697 0.00272906 0.00152269 0.00413621 0.00431052 0.00438839 0.00441765 0.00439723 0.00432550 0.00420031 0.00401912 0.00377933 0.00347947 0.00312109 0.00271046 0.00226431 0.00119365 0.00008437 -0.00010913 -0.00003252 -0.00000475 0.00000137 0.00000044 0.00048511 0.00477729 0.00249718 0.38019123 40.59009 
0.450 0.01492753 5 6649215.31 -208690.62 -945726.75 -738377.41 588466.54 7953543.56 660345210.71 0.00285182 -0.01404835 -0.01381507 -0.00495765 -0.00129803 -0.00235545 -0.00247933 -0.00255180 -0.00260084 -0.00262490 -0.00262167 -0.00258838 -0.00252201 -0.00241963 -0.00227829 -0.00209458 -0.00186537 -0.00159323 -0.00084418 -0.00000616 0.00010670 0.00002543 0.00000573 -0.00000134 -0.00000255 -0.00030306 -0.00539033 -0.00268785 -0.44163480 43.48938 
0.480 0.01776272 5 6405131.83 -330719.09 -1060325.81 -779824.13 632413.49 7943587.37 656704636.61 0.00398699 -0.01677917 -0.01635180 -0.00578598 -0.00133265 -0.00189341 -0.00198826 -0.00204542 -0.00208548 -0.00210687 -0.00210731 -0.00208397 -0.00203393 -0.00195459 -0.00184342 -0.00169671 -0.00150985 -0.00128279 -0.00063751 0.00006262 0.00010176 0.00001743 0.00000606 -0.00000075 -0.00000255 -0.00023938 -0.00621532 -0.00304076 -0.50106604 46.38867 
0.510 0.02203488 5 6333451.15 -684745.00 -1202000.52 -499181.33 964039.78 7755338.22 674030617.23 0.00559064 -0.02088875 -0.01999153 -0.00621793 -0.00122461 -0.00168137 -0.00175693 -0.00180393 -0.00183871 -0.00185972 -0.00186468 -0.00185074 -0.00181470 -0.00175339 -0.00166429 -0.00154409 -0.00138779 -0.00119325 -0.00060441 0.00006775 0.00010388 0.00001738 0.00000582 -0.00000117 -0.00000292 -0.00021445 -0.00719383 -0.00348622 -0.57275191 49.28797 
0.540 0.02529029 5 6577792.14 -823561.63 -1530581.78 186948.91 1375208.83 7369777.80 696030182.37 0.00826870 -0.02399060 -0.02371250 -0.00866823 -0.00130940 -0.00154761 -0.00165736 -0.00172976 -0.00178874 -0.00183278 -0.00185955 -0.00186615 -0.00184934 -0.00180635 -0.00173513 -0.00163221 -0.00149116 -0.00130696 -0.00070754 0.00004370 0.00012060 0.00002297 0.00000476 -0.00000155 -0.00000253 -0.00022069 -0.00851801 -0.00411028 -0.69940110 52.18726 
0.570 0.03060444 5 9811175.76 -120456.08 1106197.04 -135644.56 1134204.51 7826874.86 783625318.56 0.00887054 -0.02924449 -0.02658923 -0.00449631 -0.00153333 -0.00613970 -0.00640984 -0.00653021 -0.00656073 -0.00650099 -0.00635033 -0.00610798 -0.00577343 -0.00534803 -0.00483734 -0.00425249 -0.00360935 -0.00293442 -0.00137758 0.00011727 0.00022125 0.00003927 0.00000349 -0.00000224 -0.00000239 -0.00067302 -0.00864669 -0.00441089 -0.72307386 55.08655 
