0.001 0.00013769 5 48866.02 -3342.65 -8995.85 -9538.91 1278.83 69464.61 5302688.53 -0.00001325 -0.00007015 -0.00012460 -0.00003253 0.00000399 0.00005470 0.00005880 0.00005479 0.00004917 0.00004255 0.00003528 0.00002791 0.00002095 0.00001472 0.00000931 0.00000467 0.00000079 -0.00000238 -0.00000476 0.00000046 0.00001006 -0.00000013 -0.00001041 -0.00000154 0.00000180 0.00000362 -0.00003911 -0.00001641 -0.00254614 0.07818 
0.030 0.00224515 5 798886.00 -412860.77 -559985.21 -257593.91 70928.76 1958397.14 142613569.63 -0.00081983 -0.00217369 -0.00112431 -0.00060789 -0.00021928 0.00030565 0.00033080 0.00033087 0.00031679 0.00029092 0.00025537 0.00021300 0.00016798 0.00012453 0.00008570 0.00005323 0.00002779 0.00000907 -0.00001042 -0.00000854 0.00000129 -0.00000239 -0.00000731 -0.00000341 -0.00000171 0.00002070 -0.00073722 -0.00033460 -0.03817937 2.34549 
0.060 0.00400735 5 1254254.48 -785508.55 -1039207.73 -514849.46 89279.78 3504540.45 248444945.82 -0.00153664 -0.00393175 -0.00193897 -0.00105596 -0.00037974 0.00059801 0.00064265 0.00064343 0.00061651 0.00056601 0.00049771 0.00041912 0.00033764 0.00025787 0.00018428 0.00012094 0.00007014 0.00003207 -0.00001145 -0.00001683 -0.00000494 -0.00000269 -0.00000361 -0.00000355 -0.00000338 0.00004107 -0.00130386 -0.00058940 -0.06533117 4.69097 
0.090 0.00555686 5 1339748.91 -1153127.91 -1573589.42 -810186.63 78622.39 4798030.48 326685808.01 -0.00220039 -0.00547950 -0.00264272 -0.00142778 -0.00047923 0.00111745 0.00119780 0.00120820 0.00117299 0.00109584 0.00098431 0.00084817 0.00069960 0.00055071 0.00041086 0.00028635 0.00018212 0.00010067 -0.00000284 -0.00003184 -0.00001231 -0.00000226 -0.00000028 -0.00000324 -0.00000423 0.00008262 -0.00178025 -0.00079065 -0.08438195 7.03646 
0.120 0.00700853 5 4681350.16 -493865.34 -501997.40 -734133.40 174953.88 6236392.41 495906232.33 -0.00254253 -0.00692647 -0.00327844 -0.00180621 -0.00098994 -0.00067863 -0.00067587 -0.00067154 -0.00066347 -0.00065050 -0.00063100 -0.00060306 -0.00056393 -0.00050829 -0.00043447 -0.00034767 -0.00025825 -0.00017776 -0.00004849 0.00001963 0.00000184 -0.00000293 0.00000295 -0.00000268 -0.00000492 -0.00006166 -0.00237016 -0.00114383 -0.13748259 9.38195 
0.150 0.00823488 5 -5547881.82 1343811.94 306549.78 288433.48 -177442.12 -7309234.90 -616820601.13 0.00311214 0.00823488 0.00370056 0.00234227 0.00140113 0.00090643 0.00091026 0.00090609 0.00090091 0.00089337 0.00087980 0.00085624 0.00081502 0.00074771 0.00065263 0.00053609 0.00041108 0.00029231 0.00009014 -0.00002513 -0.00000415 -0.00000209 -0.00001357 -0.00000384 -0.00000059 0.00008795 0.00290916 0.00141047 0.17231365 11.72743 
0.180 0.00942700 5 -6931292.71 1117520.41 296169.97 232760.21 -282801.57 -8294941.74 -713108537.80 0.00355252 0.00942700 0.00424125 0.00271901 0.00164684 0.00147206 0.00149846 0.00149726 0.00148068 0.00144829 0.00139904 0.00133141 0.00124332 0.00113161 0.00099320 0.00083160 0.00065693 0.00048483 0.00017046 -0.00003206 -0.00001421 -0.00000359 -0.00001353 -0.00000368 -0.00000056 0.00014077 0.00336104 0.00165036 0.20435542 14.07292 
0.210 0.01040003 5 5499218.50 -275234.06 -1451719.75 -1891400.55 592911.05 8524661.82 633398697.66 -0.00286448 -0.01006082 -0.00573593 -0.00259598 -0.00122473 -0.00049776 -0.00047034 -0.00045464 -0.00044149 -0.00043048 -0.00042077 -0.00041126 -0.00039956 -0.00037952 -0.00034438 -0.00029306 -0.00023135 -0.00016940 -0.00005798 0.00001171 0.00000084 -0.00000266 0.00000267 -0.00000323 -0.00000526 -0.00004536 -0.00345617 -0.00164427 -0.20578434 16.41841 
0.240 0.01198590 5 5719276.29 -138241.19 -1503268.60 -2226785.18 388116.69 9199454.56 657945176.09 -0.00273073 -0.01149367 -0.00725200 -0.00273979 -0.00126326 -0.00059277 -0.00056206 -0.00054351 -0.00052712 -0.00051259 -0.00049928 -0.00048640 -0.00047267 -0.00045501 -0.00042612 -0.00037916 -0.00031481 -0.00024232 -0.00009576 0.00001027 0.00000465 -0.00000053 0.00000450 -0.00000268 -0.00000537 -0.00005618 -0.00392729 -0.00187087 -0.23979196 18.76390 
0.270 0.01372339 5 5667848.61 -7438.81 -1520071.17 -2512891.20 208486.48 9499763.30 655620598.21 -0.00221283 -0.01309965 -0.00914436 -0.00280674 -0.00124649 -0.00065623 -0.00062025 -0.00059825 -0.00057933 -0.00056321 -0.00054929 -0.00053683 -0.00052472 -0.00051113 -0.00049167 -0.00045704 -0.00040020 -0.00032603 -0.00014633 0.00000445 0.00000948 0.00000213 0.00000573 -0.00000193 -0.00000503 -0.00006528 -0.00440643 -0.00210031 -0.27733031 21.10938 
0.300 0.01567148 5 5174622.79 7542.69 -1662555.27 -2754749.74 42479.40 9541905.71 630249115.68 -0.00132052 -0.01494303 -0.01099708 -0.00283098 -0.00117685 -0.00048805 -0.00043434 -0.00040348 -0.00038119 -0.00036720 -0.00036087 -0.00036141 -0.00036764 -0.00037780 -0.00038822 -0.00038963 -0.00037178 -0.00033033 -0.00017862 -0.00001191 0.00001133 0.00000477 0.00000552 -0.00000130 -0.00000421 -0.00005124 -0.00481999 -0.00228672 -0.30885285 23.45487 
0.330 0.01814926 5 4241058.88 -316294.65 -1823747.01 -2906246.97 -254549.90 9541897.40 595482846.95 -0.00010276 -0.01731154 -0.01306598 -0.00287581 -0.00110373 0.00003671 0.00013477 0.00018746 0.00021783 0.00022676 0.00021569 0.00018647 0.00014150 0.00008382 0.00001748 -0.00005123 -0.00011374 -0.00015568 -0.00013836 -0.00003012 0.00000559 0.00000567 0.00000542 -0.00000052 -0.00000331 0.00000407 -0.00528097 -0.00247343 -0.33988054 25.80036 
0.360 0.02052311 5 3233197.44 -710593.62 -2068164.82 -3044917.16 -504198.33 9561071.38 563756976.97 0.00089824 -0.01959376 -0.01492891 -0.00294547 -0.00103277 0.00079424 0.00095180 0.00103558 0.00108066 0.00108822 0.00106017 0.00099904 0.00090797 0.00079071 0.00065191 0.00049787 0.00033740 0.00018850 -0.00001410 -0.00004287 -0.00000579 0.00000467 0.00000553 0.00000015 -0.00000263 0.00009046 -0.00572125 -0.00263393 -0.36402445 28.14584 
0.390 0.02233889 5 2250325.54 -1172439.61 -2403431.86 -3265658.10 -650282.83 9742137.94 546172610.16 0.00123982 -0.02144615 -0.01588137 -0.00303088 -0.00097414 0.00190635 0.00214604 0.00227498 0.00234417 0.00235483 0.00230900 0.00220937 0.00205934 0.00186308 0.00162612 0.00135706 0.00106701 0.00077700 0.00024488 -0.00004946 -0.00002830 0.00000072 0.00000605 0.00000070 -0.00000242 0.00022353 -0.00601929 -0.00270296 -0.36632656 30.49133 
0.420 0.02463587 5 22996.44 -1926210.45 -3012122.90 -3602376.87 -661829.97 9225536.63 462936646.23 0.00296846 -0.02362706 -0.01859982 -0.00305254 -0.00072106 0.00369618 0.00407916 0.00428726 0.00439950 0.00441705 0.00434206 0.00417738 0.00392677 0.00359523 0.00319169 0.00273374 0.00224197 0.00174410 0.00072229 -0.00004579 -0.00007210 -0.00000821 0.00000633 0.00000150 -0.00000219 0.00044171 -0.00644711 -0.00278761 -0.38463806 32.83682 
0.450 0.02559132 5 -1311160.33 -2431790.84 -3540600.71 -3792214.87 -662723.67 9116169.77 426270932.25 0.00327482 -0.02453919 -0.01937292 -0.00298269 -0.00058494 0.00511857 0.00560721 0.00587211 0.00601357 0.00603285 0.00593223 0.00571478 0.00538473 0.00494896 0.00442204 0.00382706 0.00318843 0.00253902 0.00114708 -0.00003589 -0.00012137 -0.00001836 0.00000765 0.00000245 -0.00000219 0.00061507 -0.00656158 -0.00274917 -0.37307237 35.18230 
0.480 0.02568516 5 -2306780.95 -2813088.38 -3880331.48 -3980707.48 -620285.50 8987631.89 397145781.83 0.00325605 -0.02461326 -0.01958684 -0.00301567 -0.00033544 0.00636690 0.00692283 0.00722078 0.00737435 0.00738474 0.00725438 0.00698653 0.00658614 0.00606288 0.00543534 0.00472935 0.00397064 0.00319991 0.00150740 -0.00003467 -0.00017816 -0.00002987 0.00000925 0.00000354 -0.00000222 0.00075905 -0.00651933 -0.00265289 -0.35327098 37.52779 
0.510 0.02538788 5 -3173720.18 -3251988.23 -4144203.57 -4066688.93 -606827.08 8895987.63 376783468.25 0.00312319 -0.02428554 -0.01942974 -0.00304036 -0.00015738 0.00747498 0.00809521 0.00842360 0.00858735 0.00858773 0.00842743 0.00811009 0.00764223 0.00703803 0.00631929 0.00551269 0.00464644 0.00377054 0.00183029 -0.00001758 -0.00023218 -0.00004455 0.00001108 0.00000491 -0.00000227 0.00088652 -0.00640290 -0.00253059 -0.33036476 39.87328 
0.540 0.02373280 5 -3008743.94 -3479353.18 -3567870.81 -4107645.00 -687747.35 8833872.41 380832347.58 0.00292075 -0.02263741 -0.01808807 -0.00267236 -0.00053487 0.00716544 0.00782733 0.00819532 0.00840341 0.00845273 0.00834560 0.00808531 0.00767679 0.00712906 0.00645661 0.00567746 0.00482660 0.00395916 0.00199405 0.00003113 -0.00023860 -0.00004787 0.00001188 0.00000509 -0.00000258 0.00089317 -0.00604387 -0.00235875 -0.30791145 42.21877 
0.570 0.02028441 5 -3968253.29 -4114625.60 -4121079.18 -3563047.60 -434124.28 8264623.37 360465361.67 0.00280622 -0.01922594 -0.01645918 -0.00344678 -0.00087839 0.00826706 0.00901633 0.00942379 0.00964920 0.00969376 0.00956014 0.00925206 0.00877628 0.00814587 0.00737107 0.00647231 0.00550606 0.00452980 0.00233491 0.00009134 -0.00027862 -0.00006574 0.00001414 0.00000664 -0.00000283 0.00102662 -0.00569861 -0.00212601 -0.28855714 44.56425 
0.600 0.01851345 4 -2415780.19 255920.65 3166748.40 2500085.56 -2380569.61 -5957965.19 -454767269.75 -0.00789655 0.01551852 0.01839485 0.00711879 0.00204718 0.00092652 0.00082847 0.00074453 0.00068498 0.00064935 0.00063641 0.00064448 0.00067089 0.00070552 0.00071658 0.00069565 0.00067069 0.00066367 0.00065875 0.00028060 -0.00008751 -0.00005863 0.00000314 0.00000141 -0.00000432 0.00011155 0.00657119 0.00313968 0.57464978 46.90974 
0.630 0.01934515 4 -2220209.77 42330.45 3685674.77 2210725.30 -2634508.52 -5524431.78 -435163152.84 -0.00946611 0.01530712 0.01923283 0.00836373 0.00243189 0.00111337 0.00102115 0.00093848 0.00087902 0.00084235 0.00082725 0.00083190 0.00085226 0.00086555 0.00084166 0.00078408 0.00071968 0.00068126 0.00066093 0.00029170 -0.00009397 -0.00006414 0.00000465 0.00000201 -0.00000456 0.00012883 0.00695756 0.00332998 0.63108144 49.25523 
0.660 0.02000949 4 -2116465.67 -324016.45 4340660.71 1831487.40 -2851812.20 -5112785.12 -415642113.57 -0.01102648 0.01500653 0.01991006 0.00962131 0.00287485 0.00151146 0.00143832 0.00136581 0.00131243 0.00127768 0.00126024 0.00125687 0.00125702 0.00123683 0.00116901 0.00105210 0.00092156 0.00082305 0.00072596 0.00030451 -0.00010732 -0.00007121 0.00000613 0.00000268 -0.00000482 0.00017270 0.00732973 0.00352775 0.68961045 51.60071 
0.690 0.02050596 4 -2062271.67 -779526.21 5057032.55 1396638.63 -3007554.96 -4728861.68 -395307242.03 -0.01260394 0.01460851 0.02042808 0.01088824 0.00336797 0.00208695 0.00203979 0.00198205 0.00193754 0.00190573 0.00188526 0.00187236 0.00185390 0.00179985 0.00167669 0.00148511 0.00127004 0.00109014 0.00086221 0.00032629 -0.00012644 -0.00008004 0.00000792 0.00000360 -0.00000500 0.00024019 0.00767998 0.00372779 0.74958621 53.94620 
0.720 0.02081102 4 -2135379.02 -1303198.75 5771441.65 920445.67 -3131673.46 -4392394.14 -379166280.95 -0.01409310 0.01412218 0.02075755 0.01215900 0.00394467 0.00285648 0.00285394 0.00282559 0.00280205 0.00278268 0.00276595 0.00274737 0.00271074 0.00261915 0.00243311 0.00215528 0.00183963 0.00155837 0.00112878 0.00037417 -0.00015216 -0.00009224 0.00000994 0.00000493 -0.00000504 0.00034122 0.00802590 0.00394361 0.81236442 56.29169 
0.750 0.02097155 4 -2238330.93 -1762761.57 6310060.56 503073.90 -3233677.98 -4055025.85 -363564867.05 -0.01565066 0.01352520 0.02093945 0.01340269 0.00464366 0.00375662 0.00379434 0.00379142 0.00378435 0.00377242 0.00375405 0.00372392 0.00366212 0.00352374 0.00326349 0.00288534 0.00245416 0.00206068 0.00141038 0.00041858 -0.00017983 -0.00010440 0.00001185 0.00000621 -0.00000512 0.00045314 0.00835814 0.00415882 0.87669228 58.63717 
0.780 0.02240337 3 -3864046.58 633992.32 3215977.20 -5813906.47 -2421163.01 521053.39 -335079295.88 -0.01891813 -0.00351431 0.00948268 0.02233674 0.00671442 0.00543818 0.00573959 0.00593054 0.00608060 0.00618916 0.00625493 0.00627169 0.00621450 0.00603549 0.00571044 0.00526075 0.00474175 0.00422143 0.00298785 0.00089481 -0.00026772 -0.00019538 0.00001085 0.00001885 0.00000261 0.00080038 0.00694368 0.00368022 0.95779181 60.98266 
0.810 0.02446407 3 -3441604.52 950267.60 3300213.38 -5928108.16 -2446863.50 682886.16 -325843159.98 -0.02035236 -0.00333170 0.01025901 0.02437322 0.00702835 0.00490661 0.00519940 0.00539430 0.00555919 0.00569318 0.00579433 0.00585427 0.00584175 0.00570100 0.00540541 0.00497333 0.00446705 0.00397044 0.00286426 0.00092559 -0.00026387 -0.00020900 0.00001177 0.00002012 0.00000269 0.00074989 0.00752440 0.00392563 1.02016953 63.32815 
0.840 0.02668840 3 -3225928.27 1040150.49 3504229.87 -6163898.25 -2453379.24 846968.87 -318155500.60 -0.02231326 -0.00265531 0.01102708 0.02659674 0.00808717 0.00513879 0.00539150 0.00555738 0.00569857 0.00581418 0.00590192 0.00595153 0.00592584 0.00576230 0.00543194 0.00495395 0.00440073 0.00386761 0.00276482 0.00088282 -0.00028561 -0.00021886 0.00001276 0.00002107 0.00000275 0.00075102 0.00837921 0.00432693 1.11495403 65.67363 
0.870 0.02908651 5 -9635333.10 -3563576.13 -8916633.90 5920935.45 3637458.61 -6713517.13 -287457550.21 0.00614343 0.02908651 0.01253243 -0.01142039 -0.00268381 0.01189264 0.01260930 0.01303987 0.01331889 0.01344708 0.01342513 0.01324538 0.01287096 0.01223952 0.01132526 0.01017804 0.00889953 0.00760427 0.00468642 0.00090847 -0.00047471 -0.00023744 0.00001760 0.00002427 0.00000330 0.00157179 0.00251164 0.00201237 0.09047345 68.01912 
0.900 0.03326269 5 -9933896.43 -3591301.39 -9119636.78 6553962.03 3536682.51 -7313602.81 -319355901.86 0.00373875 0.03326269 0.01697053 -0.01062678 -0.00188529 0.01299192 0.01368321 0.01408470 0.01433164 0.01442510 0.01436563 0.01414338 0.01371474 0.01301119 0.01200038 0.01074543 0.00935588 0.00795490 0.00487179 0.00094313 -0.00049861 -0.00025308 0.00001914 0.00002571 0.00000327 0.00167223 0.00396304 0.00274610 0.22674123 70.36461 
