0.001 0.00011022 4 12795.76 43.92 -12361.53 -15938.83 -2153.19 43205.39 2354105.73 -0.00000145 -0.00004117 -0.00011022 -0.00002085 0.00001189 0.00006023 0.00006394 0.00005943 0.00005323 0.00004600 0.00003810 0.00003013 0.00002262 0.00001592 0.00001012 0.00000516 0.00000106 -0.00000227 -0.00000477 0.00000055 0.00001033 0.00000007 -0.00001035 -0.00000143 0.00000190 0.00000391 -0.00002665 -0.00001042 -0.00175326 0.03775 
0.030 0.00167105 5 -434763.73 365048.67 454243.62 193635.78 -13993.41 -1433698.39 -99952362.80 0.00077634 0.00167105 0.00067889 0.00042307 0.00017687 -0.00017115 -0.00017560 -0.00016945 -0.00015109 -0.00012394 -0.00009292 -0.00006373 -0.00003947 -0.00002078 -0.00000759 0.00000056 0.00000462 0.00000564 0.00000385 0.00000353 0.00001040 -0.00000087 -0.00001168 -0.00000199 0.00000169 -0.00000707 0.00053987 0.00024932 0.02608400 1.13257 
0.060 0.00329209 5 -840288.49 674606.21 878091.87 470522.55 -12581.37 -2850927.74 -194015515.11 0.00144354 0.00329209 0.00142828 0.00081994 0.00032834 -0.00032151 -0.00032927 -0.00031184 -0.00026901 -0.00020655 -0.00013280 -0.00005842 0.00000555 0.00004999 0.00007276 0.00007814 0.00007219 0.00006000 0.00002800 0.00000258 0.00000741 -0.00000194 -0.00001235 -0.00000267 0.00000103 -0.00000765 0.00106216 0.00049385 0.05297864 2.26515 
0.090 0.00485911 5 -1064635.31 1075057.96 1372782.34 711648.83 -29489.62 -4194634.81 -282593262.25 0.00205478 0.00485911 0.00217016 0.00124117 0.00048023 -0.00062318 -0.00064741 -0.00062709 -0.00056570 -0.00046966 -0.00034917 -0.00021731 -0.00008964 0.00001819 0.00009397 0.00013393 0.00014321 0.00013232 0.00007573 0.00001061 0.00000375 -0.00000373 -0.00001244 -0.00000312 0.00000024 -0.00002003 0.00157438 0.00072739 0.07881091 3.39772 
0.120 0.00633726 5 -1299664.03 1632282.49 1676989.66 885662.65 -54669.69 -5439929.15 -372409520.23 0.00260334 0.00633726 0.00288168 0.00167938 0.00068585 -0.00098334 -0.00103919 -0.00102888 -0.00096158 -0.00084396 -0.00068688 -0.00050416 -0.00031240 -0.00013058 0.00002221 0.00013104 0.00018934 0.00020424 0.00014367 0.00003092 0.00000075 -0.00000632 -0.00001223 -0.00000326 -0.00000039 -0.00004128 0.00208490 0.00095543 0.10499469 4.53030 
0.150 0.00773731 5 -1649357.16 2135203.57 1848340.78 1060416.28 -87341.21 -6605976.59 -460064668.96 0.00309438 0.00773731 0.00356440 0.00210640 0.00091785 -0.00130662 -0.00140116 -0.00141093 -0.00135033 -0.00122576 -0.00104813 -0.00083085 -0.00059105 -0.00034841 -0.00012405 0.00006051 0.00018784 0.00025302 0.00022145 0.00006393 -0.00000033 -0.00000956 -0.00001185 -0.00000319 -0.00000084 -0.00006502 0.00258186 0.00117577 0.13095213 5.66287 
0.180 0.00907241 5 -2179622.17 2439352.06 1978792.52 1215554.56 -135468.18 -7677853.13 -543328079.45 0.00352762 0.00907241 0.00421315 0.00252069 0.00115602 -0.00152357 -0.00165709 -0.00169431 -0.00165278 -0.00153833 -0.00136102 -0.00113256 -0.00086897 -0.00059037 -0.00031836 -0.00007484 0.00012014 0.00024998 0.00029253 0.00011028 0.00000229 -0.00001317 -0.00001143 -0.00000301 -0.00000117 -0.00008665 0.00305976 0.00138831 0.15654877 6.79545 
0.210 0.01035291 5 -2730353.34 2537592.55 2174356.24 1379021.05 -183063.58 -8638259.60 -614834021.69 0.00388593 0.01035291 0.00483175 0.00290484 0.00136559 -0.00167859 -0.00184898 -0.00191716 -0.00190205 -0.00180819 -0.00164427 -0.00141963 -0.00114803 -0.00084879 -0.00054398 -0.00025576 -0.00000398 0.00019245 0.00034860 0.00015980 0.00000214 -0.00001771 -0.00001082 -0.00000272 -0.00000147 -0.00010831 0.00350199 0.00158411 0.18020357 7.92802 
0.240 0.01135130 5 -3733051.88 2198935.14 2090922.20 1292241.28 -286822.83 -9028327.67 -663663371.88 0.00409756 0.01135130 0.00571117 0.00313817 0.00156518 -0.00125596 -0.00144140 -0.00154329 -0.00157522 -0.00153867 -0.00143796 -0.00127729 -0.00106417 -0.00081295 -0.00054359 -0.00027666 -0.00002974 0.00018031 0.00040688 0.00021448 -0.00000249 -0.00002413 -0.00000985 -0.00000224 -0.00000177 -0.00008705 0.00392598 0.00179416 0.21056882 9.06060 
0.270 0.01188514 5 -3965826.77 1974875.24 2080869.88 1504929.85 -393515.21 -9132986.54 -669794057.43 0.00332902 0.01188514 0.00676923 0.00317974 0.00191201 -0.00083599 -0.00106006 -0.00120243 -0.00128006 -0.00129385 -0.00124600 -0.00113961 -0.00097969 -0.00077576 -0.00054420 -0.00030423 -0.00007158 0.00013876 0.00042130 0.00025921 -0.00000843 -0.00003145 -0.00000883 -0.00000171 -0.00000208 -0.00006976 0.00422429 0.00194319 0.24394341 10.19317 
0.300 0.01211131 5 7132697.67 -1579938.06 -1245938.91 348737.52 686233.40 8923603.72 796916103.50 -0.00288446 -0.01156305 -0.00810815 -0.00351274 -0.00116853 -0.00052643 -0.00051037 -0.00049884 -0.00048879 -0.00047900 -0.00046752 -0.00045193 -0.00042987 -0.00039957 -0.00035924 -0.00030548 -0.00023310 -0.00014040 0.00010269 0.00019771 0.00001937 -0.00001584 0.00001048 0.00000173 -0.00000427 -0.00003507 -0.00428471 -0.00202720 -0.26789648 11.32574 
0.330 0.01308677 5 5467727.19 -1216769.68 -1793246.60 -680935.96 798653.21 8360026.22 685695948.22 -0.00145553 -0.01246420 -0.01058376 -0.00322312 0.00005839 0.00094133 0.00096468 0.00096780 0.00095560 0.00092949 0.00089157 0.00084430 0.00078952 0.00072757 0.00065877 0.00058734 0.00052283 0.00047504 0.00041605 0.00021398 -0.00002893 -0.00003178 0.00001152 0.00000334 -0.00000394 0.00011208 -0.00420606 -0.00191216 -0.25430950 12.45832 
0.360 0.01360247 5 4122104.47 -630070.80 -2141790.18 -1900013.79 808325.00 7985654.23 579961836.44 -0.00109969 -0.01296622 -0.01192872 -0.00328371 0.00183014 0.00275602 0.00272392 0.00267215 0.00259715 0.00250045 0.00238433 0.00225116 0.00210193 0.00193481 0.00174770 0.00154508 0.00134097 0.00115285 0.00079015 0.00025493 -0.00008755 -0.00005495 0.00001327 0.00000595 -0.00000325 0.00027709 -0.00389680 -0.00167953 -0.20888710 13.59089 
0.390 0.01187295 5 3991481.92 -312297.33 -2127964.61 -1955620.38 1039872.66 7347491.59 539459594.42 -0.00134598 -0.01129800 -0.01090534 -0.00296216 0.00266975 0.00295938 0.00284845 0.00273931 0.00261521 0.00247768 0.00232892 0.00217093 0.00200319 0.00182063 0.00161740 0.00139696 0.00117728 0.00098288 0.00067563 0.00024920 -0.00008864 -0.00006082 0.00001352 0.00000624 -0.00000350 0.00026468 -0.00321912 -0.00136845 -0.15911206 14.72347 
0.420 0.01124938 2 -13291162.12 3507598.33 -4946479.62 -2278138.21 -567519.43 -9006623.19 -1084902906.23 -0.00234892 0.00673525 0.00317561 0.00283499 0.01118026 0.01578973 0.01569658 0.01547670 0.01514773 0.01471031 0.01416466 0.01350956 0.01273941 0.01184213 0.01080607 0.00963682 0.00836790 0.00706060 0.00404981 0.00058918 -0.00041295 -0.00017328 0.00000488 0.00001319 0.00000005 0.00160696 0.00551577 0.00343932 0.64195470 15.85604 
0.450 0.01305263 2 -13001539.54 3860061.16 -5270124.07 -1986051.45 -389778.24 -9215646.94 -1084180157.59 -0.00366972 0.00626421 0.00292155 0.00294047 0.01298291 0.01719179 0.01700223 0.01670829 0.01631044 0.01580958 0.01520609 0.01449831 0.01367837 0.01272907 0.01163237 0.01039055 0.00903924 0.00764543 0.00443662 0.00070619 -0.00043713 -0.00019795 0.00000684 0.00001566 0.00000023 0.00173636 0.00588595 0.00368159 0.70781838 16.98862 
0.480 0.01480105 2 -12711198.38 4167283.36 -5560193.60 -1741454.23 -229578.68 -9347255.23 -1079578615.41 -0.00510544 0.00573345 0.00266381 0.00319202 0.01473199 0.01857341 0.01829829 0.01793858 0.01747929 0.01692152 0.01626577 0.01550977 0.01464276 0.01364134 0.01248020 0.01115914 0.00971769 0.00823038 0.00481463 0.00082356 -0.00045688 -0.00022141 0.00000870 0.00001800 0.00000039 0.00186703 0.00625359 0.00392335 0.77533779 18.12119 
0.510 0.01649780 2 -12404788.78 4449685.60 -5829996.42 -1521838.85 -84625.05 -9418014.06 -1071551135.97 -0.00663135 0.00520867 0.00241470 0.00351344 0.01642892 0.01994200 0.01958927 0.01916975 0.01865458 0.01804502 0.01734165 0.01654134 0.01562978 0.01457637 0.01334794 0.01194211 0.01040270 0.00881446 0.00518114 0.00093196 -0.00047414 -0.00024289 0.00001047 0.00002014 0.00000049 0.00199837 0.00661225 0.00416125 0.84307228 19.25377 
0.540 0.01800442 2 -12051514.69 4700734.87 -6036221.07 -1363792.91 63441.84 -9415677.43 -1058335762.04 -0.00819382 0.00467343 0.00228221 0.00407598 0.01793400 0.02100737 0.02058405 0.02011051 0.01954525 0.01888968 0.01814435 0.01730495 0.01635294 0.01525052 0.01395886 0.01247513 0.01084859 0.00917691 0.00539065 0.00098586 -0.00048191 -0.00025303 0.00001156 0.00002114 0.00000045 0.00209132 0.00698076 0.00438337 0.90819130 20.38634 
0.570 0.01942699 2 -11593913.63 4990186.60 -6202981.92 -1244054.62 211453.55 -9348517.25 -1040269333.75 -0.00984211 0.00407722 0.00220573 0.00482370 0.01935321 0.02187069 0.02137823 0.02085311 0.02024150 0.01954491 0.01876374 0.01789191 0.01690569 0.01575943 0.01440930 0.01285159 0.01114347 0.00939848 0.00550375 0.00101108 -0.00048630 -0.00025842 0.00001245 0.00002166 0.00000032 0.00215942 0.00735829 0.00459653 0.97301503 21.51892 
0.600 0.02088214 2 -11093765.49 5303760.54 -6352674.87 -1161091.46 382257.20 -9266016.89 -1020622715.22 -0.01155650 0.00349219 0.00210312 0.00558625 0.02080370 0.02278314 0.02222311 0.02164832 0.02099287 0.02025833 0.01944484 0.01854407 0.01752620 0.01633682 0.01492534 0.01328539 0.01148657 0.00965944 0.00564265 0.00104612 -0.00049039 -0.00026511 0.00001345 0.00002230 0.00000018 0.00223558 0.00773770 0.00481484 1.03949638 22.65149 
0.630 0.02234445 2 -10555130.89 5635743.27 -6486850.20 -1105934.99 585465.05 -9183554.02 -999619814.63 -0.01332025 0.00291626 0.00200527 0.00638050 0.02225947 0.02369442 0.02306738 0.02244380 0.02174576 0.02097489 0.02013089 0.01920259 0.01815307 0.01691836 0.01543906 0.01370873 0.01181550 0.00990408 0.00576639 0.00107684 -0.00049253 -0.00027056 0.00001438 0.00002281 0.00000001 0.00231092 0.00812206 0.00503505 1.10682151 23.78406 
0.660 0.02381895 2 -10009237.37 5972564.77 -6618046.18 -1053076.11 768916.47 -9079596.32 -978195903.13 -0.01508362 0.00233435 0.00191119 0.00717039 0.02372528 0.02461377 0.02391865 0.02324524 0.02250356 0.02169529 0.02081952 0.01986124 0.01877522 0.01748704 0.01592686 0.01409685 0.01210619 0.01011031 0.00585838 0.00109811 -0.00049212 -0.00027377 0.00001516 0.00002309 -0.00000018 0.00238356 0.00850904 0.00525504 1.17413391 24.91664 
0.690 0.02530986 2 -9436497.62 6319137.87 -6744016.91 -987698.89 892970.07 -8916889.76 -955110940.89 -0.01687123 0.00167681 0.00182485 0.00799984 0.02520369 0.02550469 0.02473929 0.02401435 0.02322738 0.02238007 0.02147034 0.02047829 0.01934868 0.01799529 0.01633954 0.01440328 0.01231386 0.01023712 0.00589043 0.00109965 -0.00048986 -0.00027368 0.00001576 0.00002305 -0.00000041 0.00244706 0.00890100 0.00547252 1.24182937 26.04921 
0.720 0.02680491 2 -8875713.09 6662669.85 -6877167.27 -893148.68 927756.43 -8695823.42 -932060074.67 -0.01863413 0.00100550 0.00177347 0.00881776 0.02668283 0.02639106 0.02555415 0.02477652 0.02394289 0.02305481 0.02210840 0.02107740 0.01989502 0.01846151 0.01669626 0.01464575 0.01245011 0.01029161 0.00586357 0.00107279 -0.00049307 -0.00027229 0.00001640 0.00002290 -0.00000066 0.00250318 0.00929941 0.00568909 1.30921426 27.18179 
0.750 0.02828663 2 -8301446.65 7009555.52 -7010612.09 -774268.96 886161.11 -8412282.23 -907798879.09 -0.02040382 0.00031768 0.00177209 0.00964872 0.02814420 0.02724073 0.02633213 0.02550205 0.02462204 0.02369349 0.02270976 0.02163663 0.02039475 0.01887015 0.01699103 0.01482145 0.01251212 0.01027442 0.00579066 0.00103250 -0.00049593 -0.00026919 0.00001695 0.00002257 -0.00000092 0.00255123 0.00970261 0.00590363 1.37641018 28.31436 
0.780 0.02948943 2 -7782524.00 7326170.31 -7174927.80 -606230.31 822506.38 -8150042.57 -885361892.75 -0.02191194 -0.00001345 0.00192794 0.01015279 0.02933161 0.02802212 0.02705154 0.02617662 0.02525740 0.02429496 0.02327986 0.02217080 0.02087798 0.01927695 0.01730723 0.01503273 0.01261518 0.01030412 0.00576392 0.00101202 -0.00049606 -0.00026729 0.00001743 0.00002238 -0.00000113 0.00260074 0.01003418 0.00608536 1.43140779 29.44694 
0.810 0.03071440 2 -7249517.14 7648069.12 -7329608.46 -439157.37 696307.19 -7825127.62 -861733693.72 -0.02352783 -0.00031983 0.00218740 0.01080303 0.03053711 0.02875929 0.02772607 0.02680602 0.02584752 0.02485113 0.02380369 0.02265532 0.02130503 0.01962082 0.01755536 0.01516137 0.01262498 0.01024165 0.00567733 0.00097668 -0.00049507 -0.00026325 0.00001780 0.00002198 -0.00000136 0.00264035 0.01041620 0.00628549 1.49098971 30.57951 
0.840 0.03188798 2 -6762931.92 7955318.16 -7509715.59 -245710.30 558604.65 -7521428.83 -840175836.89 -0.02505418 -0.00046049 0.00251595 0.01131419 0.03169519 0.02954243 0.02844782 0.02748301 0.02648516 0.02545401 0.02437175 0.02317872 0.02176212 0.01998725 0.01781435 0.01528086 0.01261481 0.01015333 0.00557134 0.00093572 -0.00049391 -0.00025843 0.00001807 0.00002150 -0.00000157 0.00268176 0.01079025 0.00648283 1.54768851 31.71209 
0.870 0.03298041 2 -6287742.22 8253570.70 -7698984.31 -36503.57 437197.58 -7243022.63 -819101212.31 -0.02649876 -0.00044826 0.00290844 0.01168166 0.03277645 0.03034950 0.02919425 0.02818524 0.02714851 0.02608256 0.02496414 0.02372321 0.02223465 0.02036637 0.01807396 0.01539063 0.01259487 0.01005268 0.00545761 0.00089388 -0.00049263 -0.00025363 0.00001832 0.00002104 -0.00000178 0.00272423 0.01114223 0.00667039 1.60033955 32.84466 
0.900 0.03401403 2 -5815322.41 8543639.27 -7882414.02 178033.37 329970.14 -6984551.16 -798285881.12 -0.02787796 -0.00035608 0.00332933 0.01196285 0.03380216 0.03117292 0.02995725 0.02890414 0.02782849 0.02672710 0.02557061 0.02427846 0.02271314 0.02074779 0.01832209 0.01548794 0.01256755 0.00994491 0.00534010 0.00085061 -0.00049211 -0.00024909 0.00001872 0.00002063 -0.00000197 0.00276706 0.01147691 0.00685003 1.65007714 33.97723 
0.930 0.03530799 2 -5525953.96 8896073.45 -7929183.99 282157.51 179997.32 -6954998.25 -801808345.48 -0.02859587 -0.00092208 0.00274576 0.01224465 0.03509422 0.03206775 0.03078321 0.02967984 0.02855986 0.02741769 0.02621598 0.02486250 0.02320834 0.02113278 0.01854701 0.01555132 0.01249931 0.00978628 0.00517784 0.00078789 -0.00049129 -0.00024193 0.00001886 0.00001997 -0.00000216 0.00280901 0.01171570 0.00698426 1.68877538 35.10981 
0.960 0.03616605 2 -5091855.59 9152360.91 -8133798.98 529494.68 103085.00 -6742997.20 -781814396.39 -0.02989605 -0.00044419 0.00340950 0.01236409 0.03595051 0.03289593 0.03156083 0.03042034 0.02926744 0.02809422 0.02685626 0.02545069 0.02371917 0.02153938 0.01880360 0.01566601 0.01249762 0.00970137 0.00507605 0.00075458 -0.00048822 -0.00023627 0.00001912 0.00001946 -0.00000232 0.00285584 0.01205099 0.00716631 1.73497695 36.24238 
0.990 0.03702408 2 -4714456.07 9391985.53 -8341984.28 774576.58 58263.27 -6597297.18 -765506226.54 -0.03106599 0.00008994 0.00402349 0.01237203 0.03681019 0.03379488 0.03241000 0.03123203 0.03004516 0.02883882 0.02756093 0.02609739 0.02428218 0.02198540 0.01909094 0.01581057 0.01252659 0.00964626 0.00499258 0.00072375 -0.00048554 -0.00023098 0.00001934 0.00001899 -0.00000247 0.00290944 0.01237264 0.00734557 1.77871133 37.37496 
1.020 0.03789594 2 -4272139.76 9654711.39 -8527839.30 1017096.31 -22824.74 -6393283.41 -746166283.42 -0.03229079 0.00048896 0.00460215 0.01246862 0.03767933 0.03464570 0.03320820 0.03199155 0.03077033 0.02953083 0.02821280 0.02669073 0.02479257 0.02237267 0.01932348 0.01590751 0.01251576 0.00955888 0.00488993 0.00068785 -0.00048459 -0.00022736 0.00001968 0.00001867 -0.00000262 0.00295615 0.01269185 0.00752002 1.82323174 38.50753 
1.050 0.03874157 2 -3859078.90 9896819.18 -8682557.77 1233797.77 -128812.18 -6178325.91 -728102189.12 -0.03344188 0.00068728 0.00506568 0.01268195 0.03851731 0.03536495 0.03387921 0.03262687 0.03137417 0.03010322 0.02874487 0.02716126 0.02517565 0.02262089 0.01942035 0.01588095 0.01240051 0.00939251 0.00474686 0.00063990 -0.00048592 -0.00022325 0.00002000 0.00001831 -0.00000277 0.00298673 0.01299465 0.00767821 1.86538482 39.64011 
1.080 0.03990433 2 -3280609.35 10102507.48 -8605419.25 1355096.51 -233249.78 -5899544.30 -702374691.92 -0.03501443 0.00051598 0.00556530 0.01389523 0.03957554 0.03524681 0.03370457 0.03241243 0.03112597 0.02981948 0.02840780 0.02673555 0.02462515 0.02188309 0.01852497 0.01492014 0.01147121 0.00857643 0.00425049 0.00050360 -0.00048351 -0.00020628 0.00001980 0.00001665 -0.00000314 0.00289896 0.01351665 0.00787628 1.92299138 40.77268 
1.110 0.04107329 2 -7300193.70 4713668.01 -6322541.30 -1411208.23 246629.32 -4526741.51 -634418209.77 -0.04017912 -0.00870531 0.00283814 0.02963423 0.04062321 0.03600708 0.03516042 0.03435363 0.03346895 0.03247620 0.03128520 0.02973675 0.02765763 0.02486145 0.02138640 0.01761163 0.01394537 0.01077507 0.00555773 0.00072431 -0.00055681 -0.00023858 0.00002039 0.00002177 -0.00000047 0.00325079 0.01565683 0.00906645 2.28651174 41.90526 
1.140 0.04281798 2 -7328756.94 4937365.54 -5966923.57 -1785455.70 165919.37 -4679662.58 -661822799.07 -0.04226227 -0.00933999 0.00314798 0.03197605 0.04228884 0.03672670 0.03583364 0.03499107 0.03407138 0.03303653 0.03178212 0.03013547 0.02792097 0.02493608 0.02130030 0.01742326 0.01372618 0.01057918 0.00543787 0.00068159 -0.00055826 -0.00023272 0.00001986 0.00002126 -0.00000037 0.00327392 0.01651844 0.00948264 2.39592219 43.03783 
1.170 0.04454805 2 -7315153.18 5164635.52 -5553402.93 -2194796.89 45796.24 -4777385.12 -687344941.10 -0.04434974 -0.01001639 0.00342128 0.03423884 0.04393270 0.03746399 0.03652433 0.03564641 0.03469262 0.03361614 0.03229829 0.03055505 0.02820119 0.02503448 0.02125123 0.01728220 0.01356110 0.01044300 0.00537256 0.00067345 -0.00055670 -0.00023059 0.00001946 0.00002111 -0.00000024 0.00330392 0.01734254 0.00988489 2.50299334 44.17041 
