0.001 0.00011283 4 48594.89 -173.19 -3904.20 2131.69 6622.80 43917.78 4257717.76 0.00000619 -0.00003882 -0.00011283 -0.00002976 0.00000448 0.00004863 0.00005259 0.00004886 0.00004377 0.00003787 0.00003142 0.00002490 0.00001875 0.00001324 0.00000842 0.00000422 0.00000066 -0.00000230 -0.00000451 0.00000066 0.00001024 -0.00000002 -0.00001038 -0.00000147 0.00000187 0.00000332 -0.00003078 -0.00001266 -0.00229314 0.10968 
0.030 0.00175010 5 -1950110.11 75056.52 -58472.42 -142513.91 -188411.68 -1635768.61 -163910506.00 0.00058576 0.00175010 0.00077496 0.00060461 0.00040981 0.00048557 0.00048400 0.00045986 0.00042120 0.00037049 0.00031129 0.00024858 0.00018769 0.00013270 0.00008607 0.00004878 0.00002077 0.00000107 -0.00001628 -0.00000753 0.00000865 -0.00000068 -0.00001149 -0.00000292 0.00000046 0.00002661 0.00067366 0.00032993 0.04326079 3.29032 
0.060 0.00321391 5 -3735016.97 202541.16 -109793.39 -383160.04 -407616.43 -3036988.26 -314645077.52 0.00101215 0.00321391 0.00152137 0.00117876 0.00078004 0.00102323 0.00103153 0.00100106 0.00094422 0.00086305 0.00076103 0.00064344 0.00051775 0.00039355 0.00027959 0.00018194 0.00010390 0.00004564 -0.00001939 -0.00002190 0.00000553 -0.00000023 -0.00001165 -0.00000349 -0.00000037 0.00006456 0.00127726 0.00063305 0.08550817 6.58065 
0.090 0.00452590 5 -5567968.59 275908.78 -291766.40 -639165.83 -617828.47 -4295116.66 -457308635.29 0.00136150 0.00452590 0.00218774 0.00170203 0.00115472 0.00171958 0.00174562 0.00171082 0.00163412 0.00151793 0.00136676 0.00118750 0.00098922 0.00078333 0.00058341 0.00040291 0.00025214 0.00013494 -0.00001051 -0.00004182 0.00000010 0.00000035 -0.00001169 -0.00000373 -0.00000076 0.00011771 0.00183346 0.00092201 0.12711390 9.87097 
0.120 0.00559820 5 -7289333.76 320004.76 -486800.76 -929122.63 -843104.07 -5350311.05 -585773220.64 0.00157126 0.00559820 0.00275101 0.00216760 0.00150181 0.00258097 0.00264115 0.00261408 0.00252793 0.00238439 0.00218760 0.00194423 0.00166559 0.00136652 0.00106384 0.00077645 0.00052272 0.00031555 0.00003156 -0.00006798 -0.00001044 0.00000047 -0.00001148 -0.00000379 -0.00000096 0.00019266 0.00231014 0.00118529 0.16727029 13.16129 
0.150 0.00659412 5 7647561.66 37879.03 429077.65 296091.85 688089.65 6196423.47 613143154.10 -0.00181002 -0.00651368 -0.00329424 -0.00218671 -0.00146664 -0.00267445 -0.00275392 -0.00274964 -0.00268480 -0.00256085 -0.00238147 -0.00215155 -0.00188047 -0.00158302 -0.00127718 -0.00098094 -0.00071090 -0.00048005 -0.00012026 0.00006283 0.00001954 -0.00000356 0.00000175 -0.00000340 -0.00000532 -0.00021749 -0.00252771 -0.00130046 -0.17957698 16.45161 
0.180 0.00741075 5 -9783700.34 237843.09 -570049.34 -1310077.82 -1373335.01 -6768081.25 -768937755.19 0.00164868 0.00741075 0.00424080 0.00295325 0.00202809 0.00390792 0.00401310 0.00399143 0.00388288 0.00368988 0.00341681 0.00307060 0.00266299 0.00221252 0.00174369 0.00128473 0.00086475 0.00050918 0.00001623 -0.00013497 -0.00002416 0.00000359 -0.00001130 -0.00000400 -0.00000107 0.00029894 0.00317016 0.00164490 0.24110533 19.74194 
0.210 0.00891591 5 -8990638.98 186084.26 151131.24 -694349.61 -1341717.35 -7291787.53 -757259331.58 0.00087908 0.00891591 0.00662665 0.00305828 0.00186588 0.00348202 0.00356643 0.00354642 0.00345585 0.00329532 0.00306638 0.00277190 0.00241754 0.00201511 0.00158423 0.00115077 0.00074255 0.00038590 -0.00011087 -0.00019071 -0.00002294 0.00000890 -0.00001062 -0.00000426 -0.00000117 0.00025953 0.00366433 0.00185562 0.27865199 23.03226 
0.240 0.00999401 5 -7278448.99 192138.48 862018.94 349598.02 -1257828.95 -7424375.48 -685681368.72 0.00011194 0.00999401 0.00854856 0.00287432 0.00150866 0.00264250 0.00269662 0.00268229 0.00262514 0.00252476 0.00238052 0.00219174 0.00195835 0.00168243 0.00137088 0.00103812 0.00070332 0.00038867 -0.00012230 -0.00023405 -0.00003196 0.00001139 -0.00000951 -0.00000420 -0.00000122 0.00020119 0.00388538 0.00192825 0.29287378 26.32258 
0.270 0.00994227 5 -5401775.45 487430.53 1460206.01 965201.90 -1131820.28 -7182793.61 -604379246.76 -0.00024179 0.00994227 0.00879928 0.00265348 0.00118119 0.00145587 0.00145499 0.00142769 0.00138732 0.00133308 0.00126361 0.00117710 0.00107150 0.00094490 0.00079635 0.00062690 0.00044009 0.00024526 -0.00013698 -0.00023824 -0.00003420 0.00001270 -0.00000816 -0.00000378 -0.00000115 0.00010257 0.00370793 0.00179267 0.27102820 29.61290 
0.300 0.01044937 5 -5879603.52 231048.89 1637401.86 331463.09 -1001687.54 -7077829.83 -614444654.41 0.00017084 0.01044937 0.00937859 0.00292320 0.00098123 0.00159328 0.00163697 0.00164098 0.00162873 0.00159930 0.00155115 0.00148226 0.00139022 0.00127255 0.00112734 0.00095410 0.00075455 0.00053613 0.00003574 -0.00026684 -0.00007942 0.00000598 -0.00000608 -0.00000284 -0.00000099 0.00013922 0.00392740 0.00191503 0.28628580 32.90323 
0.330 0.01227719 5 -5386556.56 318838.76 1650308.53 1071635.70 -805247.48 -7622092.06 -607754798.48 -0.00045801 0.01227719 0.01131966 0.00284682 0.00078518 0.00127897 0.00130299 0.00130015 0.00129053 0.00127309 0.00124608 0.00120714 0.00115341 0.00108164 0.00098872 0.00087225 0.00073085 0.00056608 0.00012868 -0.00022200 -0.00008553 0.00000055 -0.00000616 -0.00000266 -0.00000113 0.00011925 0.00432313 0.00208993 0.31273732 36.19355 
0.360 0.01377315 5 -4681107.93 557815.79 1499613.19 1579984.16 -440290.93 -7878230.14 -581153047.87 -0.00091319 0.01377315 0.01223963 0.00266966 0.00066555 0.00075098 0.00074054 0.00072263 0.00070899 0.00069852 0.00068930 0.00067873 0.00066358 0.00064006 0.00060422 0.00055245 0.00048172 0.00039042 0.00009726 -0.00019187 -0.00008504 -0.00000240 -0.00000645 -0.00000269 -0.00000131 0.00006627 0.00449675 0.00214318 0.31624651 39.48387 
0.390 0.01514550 5 -3844190.86 1007226.49 1466441.63 1842979.07 -423475.18 -7737362.87 -554159520.47 -0.00196478 0.01514550 0.01365821 0.00289841 0.00056491 -0.00004155 -0.00010811 -0.00015629 -0.00018639 -0.00019949 -0.00019755 -0.00018326 -0.00016002 -0.00013188 -0.00010332 -0.00007886 -0.00006279 -0.00005877 -0.00011414 -0.00019156 -0.00007178 -0.00000014 -0.00000707 -0.00000304 -0.00000135 -0.00003062 0.00478731 0.00222791 0.33353894 42.77419 
0.420 0.01496851 5 -3247581.56 1612997.48 1367462.84 1917618.99 -734809.34 -7410851.53 -546321728.43 -0.00255705 0.01496851 0.01404793 0.00332122 0.00058284 -0.00081102 -0.00093615 -0.00101912 -0.00107200 -0.00109575 -0.00109225 -0.00106415 -0.00101488 -0.00094860 -0.00087030 -0.00078530 -0.00069802 -0.00061275 -0.00043407 -0.00023547 -0.00006150 0.00000430 -0.00000707 -0.00000347 -0.00000148 -0.00013724 0.00487190 0.00221093 0.33832280 46.06452 
0.450 0.01770220 5 2732637.17 -661407.14 -2533960.88 -1685142.22 706410.67 6906736.74 478729512.12 0.00611228 -0.01656213 -0.01738139 -0.00508304 -0.00157502 -0.00042928 -0.00034969 -0.00031224 -0.00030091 -0.00031415 -0.00034957 -0.00040405 -0.00047376 -0.00055417 -0.00064028 -0.00072665 -0.00080737 -0.00087630 -0.00094109 -0.00063077 -0.00012119 0.00002964 0.00000648 -0.00000242 -0.00000281 -0.00012461 -0.00602347 -0.00288986 -0.49626721 49.35484 
0.480 0.01861733 4 2440380.29 -1400650.43 -2684300.62 -960948.43 1238718.25 6247561.53 492251149.99 0.00818353 -0.01597001 -0.01861733 -0.00711209 -0.00196309 0.00009201 0.00020499 0.00026306 0.00028835 0.00028223 0.00024697 0.00018560 0.00010194 0.00000054 -0.00011410 -0.00023625 -0.00035974 -0.00047825 -0.00069695 -0.00065508 -0.00020160 0.00001142 0.00000888 -0.00000095 -0.00000311 -0.00005670 -0.00657343 -0.00311159 -0.56702085 52.64516 
0.510 0.01766711 4 1485999.61 -335877.50 -4274825.92 -1240975.41 2425525.12 4912153.32 399903733.54 0.01105209 -0.01173208 -0.01766711 -0.00951639 -0.00377579 -0.00099916 -0.00082588 -0.00070781 -0.00062220 -0.00056744 -0.00054110 -0.00054004 -0.00056043 -0.00059782 -0.00064734 -0.00070370 -0.00076154 -0.00081561 -0.00087794 -0.00056877 -0.00002126 0.00006541 0.00000067 -0.00000455 -0.00000115 -0.00013164 -0.00682903 -0.00327122 -0.66552761 55.93548 
0.540 0.01697723 4 1804708.55 263697.30 -5157635.28 -312318.11 2577796.67 4433167.97 392303898.57 0.01286686 -0.00997669 -0.01697723 -0.01101497 -0.00504633 -0.00243639 -0.00229992 -0.00220071 -0.00212219 -0.00206266 -0.00201968 -0.00199008 -0.00197004 -0.00195514 -0.00194052 -0.00192099 -0.00189129 -0.00184649 -0.00160778 -0.00079336 0.00000781 0.00009827 -0.00000138 -0.00000756 -0.00000127 -0.00032507 -0.00710207 -0.00350197 -0.74504519 59.22581 
0.570 0.01598495 4 2064200.80 696115.17 -5670868.13 246095.92 2637423.45 4155434.40 387001835.35 0.01415040 -0.00838784 -0.01598495 -0.01175830 -0.00630034 -0.00394566 -0.00382885 -0.00373551 -0.00365267 -0.00357861 -0.00351088 -0.00344634 -0.00338124 -0.00331121 -0.00323151 -0.00313705 -0.00302280 -0.00288414 -0.00236246 -0.00104918 0.00002117 0.00012823 -0.00000301 -0.00001026 -0.00000131 -0.00052303 -0.00720694 -0.00365629 -0.80229139 62.51613 
0.600 0.01502186 4 2387898.03 999728.95 -5819217.14 513092.81 2639102.51 4055190.90 388511002.32 0.01519289 -0.00710720 -0.01502186 -0.01230180 -0.00753635 -0.00545064 -0.00534694 -0.00525460 -0.00516327 -0.00507121 -0.00497598 -0.00487446 -0.00476291 -0.00463701 -0.00449197 -0.00432274 -0.00412450 -0.00389304 -0.00309389 -0.00129636 0.00003353 0.00015734 -0.00000413 -0.00001292 -0.00000167 -0.00071690 -0.00732084 -0.00381267 -0.85472978 65.80645 
0.630 0.01463330 4 6552807.33 -1268430.61 550409.62 -206330.57 665654.18 6811504.71 639633525.79 0.01572066 -0.00994214 -0.01463330 -0.01188022 -0.01096011 -0.01124030 -0.01124169 -0.01118864 -0.01109043 -0.01094588 -0.01075317 -0.01050992 -0.01021320 -0.00985950 -0.00944488 -0.00896530 -0.00841735 -0.00779956 -0.00590539 -0.00242478 -0.00013094 0.00020604 -0.00000309 -0.00002066 -0.00000521 -0.00149150 -0.00852677 -0.00478947 -1.02629495 69.09677 
0.660 0.01470894 2 9385321.27 -5872379.67 6460125.57 445427.57 58282.91 8293864.89 932763779.75 0.01168838 -0.00935599 -0.00943274 -0.00514104 -0.01470894 -0.01623230 -0.01600877 -0.01574366 -0.01541560 -0.01502397 -0.01456739 -0.01404363 -0.01344967 -0.01278173 -0.01203548 -0.01120655 -0.01029169 -0.00929182 -0.00647232 -0.00206051 0.00020570 0.00028115 -0.00000781 -0.00002531 -0.00000481 -0.00186690 -0.00756795 -0.00453942 -0.93881292 72.38710 
0.690 0.01598231 3 9102800.26 -451973.28 281844.07 2054212.57 1813226.07 5405490.82 712813611.29 0.01961865 -0.00284507 -0.01179050 -0.01596183 -0.01424058 -0.01592078 -0.01609165 -0.01611176 -0.01603465 -0.01585914 -0.01558354 -0.01520567 -0.01472283 -0.01413180 -0.01342918 -0.01261241 -0.01168177 -0.01064693 -0.00773509 -0.00301114 -0.00013654 0.00027057 -0.00000348 -0.00002660 -0.00000617 -0.00208524 -0.00895479 -0.00530552 -1.22728524 75.67742 
0.720 0.01699017 3 3954429.39 -1313820.50 -2066964.66 1615796.21 1824875.69 3894542.65 486238460.58 0.01938245 -0.00183310 -0.01230068 -0.01699017 -0.01170881 -0.00902711 -0.00894820 -0.00886705 -0.00877327 -0.00866560 -0.00854209 -0.00840010 -0.00823627 -0.00804631 -0.00782514 -0.00756707 -0.00726655 -0.00691921 -0.00576175 -0.00310228 -0.00062577 0.00012073 0.00001501 -0.00001053 -0.00000481 -0.00131666 -0.00830984 -0.00459490 -1.09201243 78.96774 
0.750 0.01828298 3 4111413.05 -1181420.71 -2378268.55 1389812.47 1924398.03 4356891.80 511983933.01 0.02102586 -0.00394409 -0.01482861 -0.01828298 -0.01211741 -0.00928699 -0.00919072 -0.00909883 -0.00899618 -0.00888138 -0.00875228 -0.00860604 -0.00843902 -0.00824658 -0.00802311 -0.00776232 -0.00745824 -0.00710677 -0.00593804 -0.00323387 -0.00065850 0.00012990 0.00001585 -0.00001113 -0.00000483 -0.00135387 -0.00926067 -0.00506039 -1.18381915 82.25806 
0.780 0.01897226 3 4427508.80 -1105998.45 -2356821.12 1388231.17 1982515.57 4519581.64 530894017.76 0.02130009 -0.00244877 -0.01399528 -0.01897226 -0.01278931 -0.00986497 -0.00976972 -0.00967501 -0.00956600 -0.00944130 -0.00929871 -0.00913535 -0.00894754 -0.00873063 -0.00847909 -0.00818665 -0.00784723 -0.00745658 -0.00617226 -0.00328281 -0.00063535 0.00014141 0.00001509 -0.00001212 -0.00000487 -0.00142161 -0.00931565 -0.00512215 -1.21099807 85.54839 
0.810 0.01983984 3 4662127.62 -963680.36 -2357581.81 1348575.14 1974043.50 4660771.16 540602864.36 0.02188231 -0.00169035 -0.01379316 -0.01983984 -0.01336183 -0.01031402 -0.01022369 -0.01012995 -0.01001906 -0.00988959 -0.00973935 -0.00956544 -0.00936420 -0.00913098 -0.00886045 -0.00854638 -0.00818229 -0.00776378 -0.00639390 -0.00336002 -0.00063640 0.00014746 0.00001486 -0.00001266 -0.00000489 -0.00148045 -0.00953621 -0.00525680 -1.24976097 88.83871 
0.840 0.02208993 3 5000884.21 -840211.43 -2173430.06 1339511.40 1868634.08 4806380.21 551035935.18 0.02298666 -0.00152087 -0.01462748 -0.02208993 -0.01325751 -0.01005519 -0.01003219 -0.00998978 -0.00992653 -0.00984097 -0.00973081 -0.00959315 -0.00942428 -0.00921980 -0.00897501 -0.00868387 -0.00833890 -0.00793433 -0.00657286 -0.00350853 -0.00070808 0.00013902 0.00001721 -0.00001171 -0.00000498 -0.00149886 -0.01006196 -0.00551304 -1.31288458 92.12903 
0.870 0.02294306 3 5302710.11 -776472.49 -1979798.19 1393121.62 1801169.71 4864689.45 560145957.18 0.02386144 -0.00106459 -0.01463508 -0.02294306 -0.01392941 -0.01072181 -0.01070916 -0.01066897 -0.01060193 -0.01050655 -0.01038061 -0.01022122 -0.01002479 -0.00978739 -0.00950576 -0.00917480 -0.00878635 -0.00833208 -0.00681264 -0.00352173 -0.00067647 0.00014389 0.00001652 -0.00001212 -0.00000498 -0.00157541 -0.01034826 -0.00568792 -1.36053671 95.41936 
0.900 0.02356967 3 5603222.07 -783872.78 -1735269.81 1485909.39 1749374.53 4887080.74 570791069.64 0.02459901 -0.00062299 -0.01459368 -0.02356967 -0.01450482 -0.01132781 -0.01132298 -0.01128315 -0.01121071 -0.01110421 -0.01096145 -0.01077963 -0.01055535 -0.01028573 -0.00996987 -0.00960395 -0.00917853 -0.00868139 -0.00701745 -0.00352394 -0.00064710 0.00014628 0.00001612 -0.00001232 -0.00000502 -0.00164284 -0.01055602 -0.00582113 -1.39842389 98.70968 
0.930 0.02427869 3 5878846.63 -808009.12 -1647865.09 1776857.81 1760707.93 4797155.10 581850309.27 0.02560390 0.00073735 -0.01394508 -0.02427869 -0.01562953 -0.01231520 -0.01229024 -0.01222743 -0.01212549 -0.01198302 -0.01179797 -0.01156768 -0.01128917 -0.01096117 -0.01058483 -0.01015863 -0.00967261 -0.00910873 -0.00724520 -0.00350210 -0.00059740 0.00015451 0.00001479 -0.00001321 -0.00000512 -0.00173443 -0.01072722 -0.00595004 -1.44598721 102.00000 
0.960 0.02410422 3 6123847.06 -845400.98 -1483871.35 1851404.86 1735307.93 4866406.60 594935409.38 0.02591310 -0.00050370 -0.01496272 -0.02410422 -0.01539696 -0.01237559 -0.01237146 -0.01232210 -0.01222958 -0.01209250 -0.01190884 -0.01167617 -0.01139159 -0.01105492 -0.01067285 -0.01024624 -0.00976113 -0.00919346 -0.00728893 -0.00348130 -0.00058981 0.00014936 0.00001499 -0.00001267 -0.00000507 -0.00174644 -0.01089226 -0.00603379 -1.45583545 105.29032 
0.990 0.02369071 3 6073458.43 -785336.35 -1670260.36 2007931.56 1792606.50 4728517.09 589755470.40 0.02537987 0.00102675 -0.01381043 -0.02369071 -0.01533457 -0.01236362 -0.01235905 -0.01230824 -0.01221269 -0.01207106 -0.01188141 -0.01164133 -0.01134806 -0.01100440 -0.01062089 -0.01020113 -0.00972780 -0.00916842 -0.00724838 -0.00342925 -0.00057110 0.00014643 0.00001437 -0.00001255 -0.00000503 -0.00173860 -0.01046608 -0.00582984 -1.42259631 108.58065 
1.020 0.02404576 3 -8581853.08 -278327.27 -89733.21 -3780299.44 -2472333.67 -1961159.49 -549046724.08 -0.02340648 0.00324357 0.01587646 0.02395433 0.00972074 0.01077212 0.01114735 0.01132065 0.01137575 0.01131356 0.01113550 0.01084339 0.01043858 0.00991424 0.00925204 0.00844315 0.00751161 0.00651148 0.00400230 0.00064063 -0.00050122 -0.00020890 0.00001697 0.00001869 0.00000031 0.00131140 0.00975125 0.00526780 1.26379536 111.87097 
1.050 0.02631751 3 -8885523.21 -490910.55 -144815.32 -3591947.97 -2571174.09 -2086675.28 -559068728.03 -0.02633246 0.00571492 0.01850414 0.02614130 0.01092019 0.01178690 0.01215762 0.01231848 0.01235346 0.01226359 0.01205050 0.01171639 0.01126204 0.01067663 0.00993527 0.00902891 0.00799267 0.00689085 0.00420836 0.00068192 -0.00052328 -0.00022384 0.00001856 0.00002019 0.00000032 0.00141130 0.01107806 0.00594285 1.40822812 115.16129 
1.080 0.02864603 3 -9286356.86 -787816.02 -238383.60 -3421022.80 -2647236.71 -2191897.74 -567957641.39 -0.02952447 0.00868296 0.02157933 0.02843224 0.01214106 0.01291188 0.01328409 0.01343423 0.01344870 0.01332867 0.01307602 0.01269335 0.01218070 0.01152270 0.01068791 0.00967143 0.00851934 0.00730524 0.00442623 0.00072237 -0.00054885 -0.00024034 0.00002053 0.00002191 0.00000034 0.00152179 0.01254182 0.00668772 1.56526285 118.45161 
