0.001 0.00013263 5 -4949.65 4600.19 -15147.01 -26289.03 -17688.01 49574.21 1167990.21 -0.00005447 -0.00006522 -0.00011071 -0.00001364 0.00001683 0.00007412 0.00007816 0.00007325 0.00006603 0.00005730 0.00004759 0.00003770 0.00002833 0.00001995 0.00001274 0.00000667 0.00000174 -0.00000215 -0.00000516 0.00000026 0.00001028 0.00000006 -0.00001037 -0.00000144 0.00000189 0.00000470 -0.00003190 -0.00001246 -0.00135512 0.20999 
0.030 0.00213773 5 -312686.57 -438571.20 -55102.84 -649994.61 -651840.55 1482822.63 44627984.06 -0.00192366 -0.00206864 -0.00068744 -0.00006015 0.00001148 0.00071774 0.00074952 0.00073404 0.00068554 0.00060970 0.00051437 0.00040964 0.00030623 0.00021383 0.00013662 0.00007593 0.00003127 0.00000072 -0.00002584 -0.00001476 0.00000506 -0.00000074 -0.00000937 -0.00000245 0.00000048 0.00004218 -0.00056144 -0.00024078 -0.00834663 6.29971 
0.060 0.00412947 5 -383857.48 -760961.98 -151026.08 -1223099.51 -1174248.79 2925478.88 98048491.83 -0.00352271 -0.00405916 -0.00132730 -0.00020601 -0.00003364 0.00151522 0.00160265 0.00160428 0.00154799 0.00143783 0.00128187 0.00109059 0.00087953 0.00066733 0.00047134 0.00030528 0.00017619 0.00008086 -0.00002800 -0.00004054 -0.00000508 -0.00000117 -0.00000718 -0.00000324 -0.00000116 0.00010540 -0.00110305 -0.00046110 -0.01692398 12.59942 
0.090 0.00598002 5 245138.28 -772084.04 -41209.75 -1687391.18 -1500765.04 4246588.29 167601068.48 -0.00484213 -0.00590687 -0.00200706 -0.00045274 -0.00019914 0.00219534 0.00236226 0.00242029 0.00241149 0.00233743 0.00220088 0.00200538 0.00175760 0.00147213 0.00117072 0.00087738 0.00061455 0.00039773 0.00008606 -0.00005910 -0.00002533 -0.00000401 -0.00000436 -0.00000351 -0.00000266 0.00019435 -0.00167058 -0.00067989 -0.02946399 18.89914 
0.120 0.00741149 5 1441189.96 -502587.07 269959.34 -2008621.79 -1629247.50 5311686.97 243450366.50 -0.00577134 -0.00732564 -0.00256660 -0.00068224 -0.00040936 0.00217488 0.00236076 0.00244382 0.00246763 0.00243379 0.00234471 0.00220350 0.00201400 0.00178115 0.00151299 0.00122565 0.00093833 0.00067276 0.00023565 -0.00001673 -0.00002710 -0.00000802 -0.00000200 -0.00000344 -0.00000384 0.00022451 -0.00215010 -0.00088865 -0.04803556 25.19885 
0.150 0.00796812 5 2685502.32 -161058.08 429819.47 -2080083.31 -1416510.00 5913334.23 312348461.14 -0.00595754 -0.00784478 -0.00274679 -0.00114648 -0.00050241 0.00167557 0.00180941 0.00186867 0.00188639 0.00186413 0.00180422 0.00170963 0.00158398 0.00143145 0.00125689 0.00106586 0.00086459 0.00066190 0.00027663 0.00004628 0.00000271 -0.00000665 -0.00000153 -0.00000371 -0.00000445 0.00018506 -0.00240770 -0.00103036 -0.06942110 31.49856 
0.180 0.00807798 5 4069115.27 638017.21 558827.28 -2306893.14 -1037605.30 6216769.22 359013149.52 -0.00586679 -0.00794757 -0.00283810 -0.00148972 -0.00041135 0.00061666 0.00065530 0.00066790 0.00066632 0.00065112 0.00062316 0.00058332 0.00053270 0.00047260 0.00040499 0.00033335 0.00026271 0.00019829 0.00010243 0.00010438 0.00005305 -0.00000137 -0.00000273 -0.00000431 -0.00000465 0.00006846 -0.00249799 -0.00113463 -0.09013663 37.79827 
0.210 0.00761250 5 5420489.27 1325515.77 1034874.92 -2650399.11 -747022.58 6457520.27 398283916.38 -0.00515211 -0.00748123 -0.00246407 -0.00155918 -0.00079711 -0.00132257 -0.00138057 -0.00140732 -0.00141602 -0.00140595 -0.00137646 -0.00132728 -0.00125898 -0.00117367 -0.00107428 -0.00096164 -0.00083234 -0.00068191 -0.00025185 0.00018320 0.00009463 -0.00000750 -0.00000270 -0.00000356 -0.00000466 -0.00013844 -0.00246717 -0.00123009 -0.12072595 44.09798 
0.240 0.00683340 5 5919511.54 1444649.92 1029766.20 -2121835.56 -920451.26 6487382.24 416406193.34 -0.00401072 -0.00670374 -0.00200699 -0.00190234 -0.00097745 -0.00238401 -0.00252402 -0.00259377 -0.00262878 -0.00262764 -0.00258853 -0.00250961 -0.00239024 -0.00223329 -0.00204497 -0.00182882 -0.00157976 -0.00129182 -0.00050518 0.00024900 0.00012610 -0.00001992 -0.00000071 -0.00000194 -0.00000478 -0.00026675 -0.00232265 -0.00123051 -0.14013980 50.39769 
0.270 0.00689509 2 -2866129.60 8322537.50 -5505342.84 -1465586.58 759483.39 -4977221.06 -608187211.45 -0.00544396 0.00112692 -0.00033838 0.00102044 0.00684113 0.00682633 0.00645461 0.00610234 0.00576610 0.00544679 0.00514440 0.00485768 0.00458209 0.00430549 0.00400806 0.00367395 0.00330775 0.00293647 0.00211053 0.00074737 -0.00018900 -0.00016804 0.00000705 0.00001219 -0.00000160 0.00064767 0.00191493 0.00124173 0.29455663 56.69741 
0.300 0.00829335 2 -1394651.66 9479979.88 -5951854.63 -830962.34 1203492.80 -5295307.37 -582160562.79 -0.00628115 0.00105230 -0.00052767 0.00065477 0.00822405 0.00668256 0.00608911 0.00557807 0.00510773 0.00467953 0.00429393 0.00394992 0.00364162 0.00335094 0.00304561 0.00269703 0.00230963 0.00192618 0.00127690 0.00054426 -0.00013342 -0.00015614 0.00000380 0.00001035 -0.00000181 0.00051355 0.00211639 0.00126492 0.30890032 62.99712 
0.330 0.00966760 2 -15777.79 10550730.54 -6406082.71 -176967.15 1325331.84 -5308790.29 -552247278.30 -0.00712798 0.00074053 -0.00070995 0.00029714 0.00957846 0.00654365 0.00572581 0.00505418 0.00444866 0.00391151 0.00344404 0.00304598 0.00271050 0.00241307 0.00210676 0.00174871 0.00134095 0.00094099 0.00042337 0.00025927 -0.00007346 -0.00012874 -0.00000120 0.00000694 -0.00000205 0.00037747 0.00229013 0.00127408 0.32251671 69.29683 
0.360 0.01098186 2 1226920.62 11572567.70 -6881627.79 425814.35 1258824.11 -5148657.74 -524263500.07 -0.00794793 0.00028911 -0.00090930 -0.00005821 0.01087032 0.00651283 0.00547809 0.00465586 0.00392961 0.00330217 0.00277537 0.00234911 0.00201478 0.00173993 0.00146087 0.00111679 0.00069526 0.00026676 -0.00020641 0.00001092 -0.00000696 -0.00009027 -0.00000587 0.00000273 -0.00000244 0.00027808 0.00243395 0.00128870 0.33793843 75.59654 
0.390 0.01222985 2 2328864.50 12593315.77 -7361404.64 926831.34 1087218.91 -4917096.88 -503137271.18 -0.00864223 -0.00018241 -0.00111557 -0.00035372 0.01209624 0.00654319 0.00529723 0.00433418 0.00349917 0.00279489 0.00222281 0.00178201 0.00146094 0.00121792 0.00097163 0.00063847 0.00019281 -0.00027133 -0.00076461 -0.00027450 0.00003564 -0.00004515 -0.00000925 -0.00000177 -0.00000296 0.00019357 0.00258477 0.00131451 0.35438500 81.89625 
0.420 0.01343174 2 3336737.98 13549947.00 -7791709.15 1332713.63 864387.82 -4618601.32 -483505237.96 -0.00931676 -0.00071972 -0.00135768 -0.00057847 0.01327057 0.00669184 0.00524606 0.00415079 0.00321248 0.00243357 0.00181509 0.00135522 0.00103917 0.00081531 0.00058419 0.00023788 -0.00024475 -0.00074636 -0.00129666 -0.00060426 0.00005448 0.00000261 -0.00001198 -0.00000647 -0.00000357 0.00012115 0.00272770 0.00134304 0.37179530 88.19597 
0.450 0.01456124 2 4324254.52 14429385.87 -8162289.56 1697928.08 599375.41 -4240145.27 -460426354.92 -0.01002143 -0.00132201 -0.00160996 -0.00077052 0.01436753 0.00693143 0.00530016 0.00408282 0.00304786 0.00219738 0.00153221 0.00104977 0.00073186 0.00051631 0.00028427 -0.00009401 -0.00062212 -0.00117344 -0.00181756 -0.00098043 0.00005424 0.00005097 -0.00001401 -0.00001115 -0.00000426 0.00005827 0.00284389 0.00136410 0.38873687 94.49568 
0.480 0.01563044 2 5146081.49 15156851.39 -8491571.33 2001882.55 361266.30 -3882347.41 -439427012.29 -0.01071676 -0.00191754 -0.00189434 -0.00097525 0.01540779 0.00746213 0.00567072 0.00434556 0.00322261 0.00230329 0.00158841 0.00107484 0.00074097 0.00051387 0.00025481 -0.00017997 -0.00078143 -0.00143970 -0.00226553 -0.00139326 0.00000889 0.00008989 -0.00001425 -0.00001481 -0.00000492 0.00002884 0.00293944 0.00139326 0.40735322 100.79539 
0.510 0.01671067 2 5813656.63 15756668.93 -8773645.90 2223280.18 175032.15 -3567678.72 -421561802.59 -0.01140869 -0.00254841 -0.00227900 -0.00120169 0.01646226 0.00833158 0.00640077 0.00498012 0.00377781 0.00279365 0.00202835 0.00147812 0.00111733 0.00086144 0.00055132 0.00003754 -0.00068230 -0.00152741 -0.00263319 -0.00181227 -0.00007030 0.00011858 -0.00001352 -0.00001750 -0.00000549 0.00003990 0.00301725 0.00143561 0.42897418 107.09510 
0.540 0.01784684 2 6552462.42 16384884.04 -9005290.69 2374686.21 -20791.83 -3181025.30 -400261550.39 -0.01215323 -0.00330057 -0.00273588 -0.00137478 0.01756656 0.00913565 0.00705824 0.00553954 0.00425822 0.00321053 0.00239690 0.00181269 0.00142767 0.00114490 0.00078516 0.00019894 -0.00065763 -0.00169271 -0.00305518 -0.00225949 -0.00015570 0.00015146 -0.00001309 -0.00002051 -0.00000602 0.00003953 0.00309056 0.00146978 0.45061574 113.39481 
0.570 0.01878868 2 7138966.92 16810175.34 -9121975.65 2433588.52 -193194.03 -2789627.25 -378564185.85 -0.01285548 -0.00406122 -0.00320303 -0.00150225 0.01847901 0.01014188 0.00794640 0.00634958 0.00500596 0.00390674 0.00305177 0.00243539 0.00202216 0.00170233 0.00127793 0.00059666 -0.00044090 -0.00168304 -0.00336854 -0.00269791 -0.00025550 0.00018064 -0.00001181 -0.00002311 -0.00000658 0.00007240 0.00311968 0.00150089 0.47133885 119.69453 
0.600 0.01956814 2 7576772.60 17085452.86 -9176191.15 2463409.02 -335182.88 -2460715.26 -359952319.46 -0.01348392 -0.00469139 -0.00358570 -0.00165878 0.01923451 0.01138113 0.00908980 0.00742873 0.00603399 0.00489071 0.00399788 0.00334874 0.00290118 0.00253216 0.00202694 0.00122222 -0.00002526 -0.00148268 -0.00355738 -0.00312351 -0.00036699 0.00020484 -0.00000922 -0.00002505 -0.00000713 0.00014020 0.00313401 0.00154362 0.49249639 125.99424 
0.630 0.02022078 2 7964703.43 17260321.21 -9159769.74 2452528.59 -460228.98 -2128147.66 -339956679.72 -0.01411248 -0.00528476 -0.00390906 -0.00179596 0.01986226 0.01277621 0.01040548 0.00869230 0.00725694 0.00607832 0.00515392 0.00447592 0.00399296 0.00356743 0.00297027 0.00201833 0.00054901 -0.00112299 -0.00363834 -0.00355859 -0.00051622 0.00021270 -0.00000565 -0.00002533 -0.00000745 0.00023196 0.00313049 0.00159072 0.51444596 132.29395 
0.660 0.02076661 2 8237865.21 17310179.79 -9089488.53 2412242.40 -499735.23 -1895333.22 -322559775.54 -0.01472591 -0.00573618 -0.00415056 -0.00193658 0.02038731 0.01447269 0.01204324 0.01029032 0.00882403 0.00761717 0.00666471 0.00595670 0.00543059 0.00493099 0.00421759 0.00308192 0.00136702 -0.00053518 -0.00355382 -0.00397181 -0.00067705 0.00021842 -0.00000171 -0.00002547 -0.00000778 0.00036716 0.00313016 0.00166239 0.53992186 138.59366 
0.690 0.02117397 2 8460541.14 17305556.54 -8965372.11 2344864.47 -537577.66 -1686930.11 -307016438.12 -0.01527737 -0.00615025 -0.00439190 -0.00211026 0.02078314 0.01644094 0.01396678 0.01217873 0.01068649 0.00945642 0.00847966 0.00774551 0.00717424 0.00659048 0.00574635 0.00440123 0.00244510 0.00030361 -0.00329158 -0.00434020 -0.00084621 0.00021517 0.00000260 -0.00002479 -0.00000801 0.00054373 0.00309660 0.00174046 0.56568674 144.89337 
0.720 0.02147736 2 8697870.94 17305806.41 -8818165.78 2259222.91 -592396.11 -1456596.49 -291039077.81 -0.01580698 -0.00655519 -0.00461449 -0.00228747 0.02107773 0.01851783 0.01600606 0.01418579 0.01267062 0.01142230 0.01042635 0.00966881 0.00905254 0.00838072 0.00739696 0.00582933 0.00363670 0.00124680 -0.00295178 -0.00468643 -0.00100296 0.00021600 0.00000683 -0.00002448 -0.00000828 0.00073901 0.00303921 0.00181729 0.59080616 151.19308 
0.750 0.02253052 5 12313014.74 2952787.20 6960502.89 -8994006.00 33084.49 11360646.15 727771844.40 -0.00983020 -0.02216414 -0.01075296 0.00652692 0.00651590 0.00112421 0.00014288 -0.00044031 -0.00079376 -0.00096231 -0.00097082 -0.00083842 -0.00067249 -0.00066187 -0.00099158 -0.00184239 -0.00317682 -0.00462265 -0.00664355 -0.00566919 -0.00120942 0.00021429 0.00001631 -0.00001764 -0.00000271 -0.00067138 -0.00170930 -0.00115794 0.07227997 157.49280 
0.780 0.02359601 5 12582509.50 3078906.79 6462153.45 -8454473.53 -86784.33 11582707.13 751720390.31 -0.01012800 -0.02318784 -0.01119646 0.00608378 0.00658969 0.00264024 0.00162128 0.00100408 0.00063251 0.00046082 0.00045237 0.00058074 0.00072323 0.00068353 0.00026082 -0.00076999 -0.00230262 -0.00395210 -0.00649559 -0.00603945 -0.00140740 0.00018143 0.00002041 -0.00001398 -0.00000167 -0.00054072 -0.00198336 -0.00121700 0.07361760 163.79251 
0.810 0.02459846 5 12634560.08 3006398.15 5966072.67 -7922641.88 -196660.89 11781392.03 773691238.89 -0.01040202 -0.02414738 -0.01159904 0.00557682 0.00660966 0.00441884 0.00337928 0.00273252 0.00234482 0.00217042 0.00216011 0.00227523 0.00237640 0.00226325 0.00174647 0.00055519 -0.00122728 -0.00313123 -0.00629235 -0.00643230 -0.00160537 0.00015011 0.00002477 -0.00001042 -0.00000075 -0.00037935 -0.00226813 -0.00126476 0.07636044 170.09222 
0.840 0.02562405 5 12477767.62 2857728.47 5611352.62 -7651146.81 -307885.81 11967719.15 784977615.24 -0.01082316 -0.02514328 -0.01193730 0.00526120 0.00667806 0.00619038 0.00514570 0.00447236 0.00407278 0.00390115 0.00389868 0.00400901 0.00407175 0.00387391 0.00323516 0.00192198 -0.00012524 -0.00234105 -0.00608322 -0.00678106 -0.00178521 0.00011840 0.00002942 -0.00000686 -0.00000006 -0.00021303 -0.00249950 -0.00128487 0.08631429 176.39193 
0.870 0.02647171 5 12258481.31 2577888.57 5192844.92 -7227538.77 -396960.31 12112246.90 800083613.50 -0.01110474 -0.02595395 -0.01223932 0.00466813 0.00662265 0.00846867 0.00741655 0.00670212 0.00627000 0.00607404 0.00604978 0.00612963 0.00612794 0.00580746 0.00498689 0.00350183 0.00128437 -0.00120592 -0.00562674 -0.00718762 -0.00200373 0.00007065 0.00003576 -0.00000168 0.00000069 0.00000254 -0.00278699 -0.00130513 0.09342295 182.69164 
0.900 0.02722426 5 11783119.42 2084707.92 4716060.65 -6965265.78 -264442.86 12212059.49 816507612.01 -0.01126834 -0.02668756 -0.01250204 0.00396068 0.00650835 0.01096403 0.00992213 0.00917117 0.00871338 0.00848635 0.00844192 0.00850065 0.00845266 0.00804894 0.00706946 0.00542657 0.00290113 0.00002346 -0.00507856 -0.00754625 -0.00222227 0.00001553 0.00004198 0.00000424 0.00000168 0.00025244 -0.00308735 -0.00131318 0.10094816 188.99136 
0.930 0.02785439 5 11597728.78 1862232.27 4476821.65 -6682399.22 -331327.62 12272401.71 824120531.48 -0.01157796 -0.02728530 -0.01279246 0.00332215 0.00661017 0.01342452 0.01234466 0.01150627 0.01099401 0.01071480 0.01062317 0.01065650 0.01058009 0.01012933 0.00904182 0.00728459 0.00448950 0.00111818 -0.00465543 -0.00788750 -0.00239674 -0.00002627 0.00004795 0.00000884 0.00000226 0.00048388 -0.00331446 -0.00129669 0.11353344 195.29107 
0.960 0.02830899 5 11548357.88 1777777.14 4355640.51 -6496484.76 -360014.89 12271439.88 827925149.56 -0.01196988 -0.02771461 -0.01294957 0.00264902 0.00675282 0.01593483 0.01479910 0.01384747 0.01325138 0.01290212 0.01274588 0.01273214 0.01263331 0.01215079 0.01101713 0.00918340 0.00609898 0.00212213 -0.00433509 -0.00828391 -0.00257298 -0.00007044 0.00005420 0.00001362 0.00000272 0.00070586 -0.00350388 -0.00126757 0.12818421 201.59078 
0.990 0.02850009 5 11584940.68 1782888.86 4359655.36 -6386972.28 -387243.58 12216612.31 827157604.91 -0.01248341 -0.02789702 -0.01290935 0.00207217 0.00692403 0.01836578 0.01715658 0.01607985 0.01537026 0.01493004 0.01470700 0.01463634 0.01451880 0.01401967 0.01285258 0.01092548 0.00756244 0.00297933 -0.00415663 -0.00876377 -0.00276101 -0.00012331 0.00006079 0.00001916 0.00000320 0.00090137 -0.00361507 -0.00121583 0.14672900 207.89049 
1.020 0.02836828 5 12427645.24 2484464.73 4829451.63 -6370599.03 -671461.63 12155789.54 818097197.42 -0.01345764 -0.02775886 -0.01258766 0.00166166 0.00746142 0.02032569 0.01892863 0.01765908 0.01678221 0.01619366 0.01584706 0.01570219 0.01557645 0.01509089 0.01394773 0.01199794 0.00836808 0.00324182 -0.00442338 -0.00939853 -0.00293832 -0.00016101 0.00006915 0.00002341 0.00000292 0.00099041 -0.00354878 -0.00113745 0.17305791 214.19020 
1.050 0.02804775 5 13090056.67 3013944.79 5242850.52 -6340493.67 -918405.07 12092160.11 810156915.03 -0.01441753 -0.02742711 -0.01205295 0.00112992 0.00791228 0.02260750 0.02100680 0.01953543 0.01851508 0.01778486 0.01729640 0.01702823 0.01686526 0.01640320 0.01529203 0.01334313 0.00936615 0.00363139 -0.00464613 -0.01003403 -0.00310489 -0.00019201 0.00007683 0.00002708 0.00000265 0.00111221 -0.00347074 -0.00103617 0.20205172 220.48992 
1.080 0.02885722 3 3654421.50 1195782.29 -7931947.05 6231175.97 4904649.69 -745239.40 373305322.08 0.00399898 -0.00538632 -0.01006327 -0.02885722 0.00382494 0.04332205 0.04197312 0.04048394 0.03938731 0.03846330 0.03767021 0.03699538 0.03637808 0.03542974 0.03373517 0.03106173 0.02587828 0.01871380 0.00708708 -0.00400801 -0.00133501 -0.00024637 0.00005230 0.00002749 -0.00000142 0.00410151 -0.00700094 -0.00110306 -0.20714871 226.78963 
1.110 0.02911488 3 3289096.39 884787.10 -7964744.05 6153894.76 4104954.33 110204.25 384328878.80 0.00301345 -0.00738994 -0.01069543 -0.02910736 0.00417883 0.04720810 0.04569991 0.04394412 0.04266393 0.04157740 0.04061832 0.03977482 0.03901896 0.03800180 0.03623537 0.03344171 0.02770318 0.01982014 0.00720394 -0.00461175 -0.00149465 -0.00027381 0.00005878 0.00003084 -0.00000187 0.00438949 -0.00730530 -0.00109275 -0.17683246 233.08934 
