0.001 0.00012931 5 54904.54 -6991.25 -6609.73 -572.06 5785.16 63292.41 5632922.46 -0.00000581 -0.00006177 -0.00012282 -0.00003520 0.00000180 0.00005170 0.00005589 0.00005212 0.00004681 0.00004057 0.00003370 0.00002673 0.00002014 0.00001422 0.00000906 0.00000459 0.00000083 -0.00000227 -0.00000461 0.00000058 0.00001019 -0.00000004 -0.00001038 -0.00000148 0.00000185 0.00000351 -0.00003848 -0.00001617 -0.00265355 0.07400 
0.030 0.00213482 5 -2100436.65 128040.84 110311.05 -102491.79 -234108.21 -2002188.53 -191415173.21 0.00067755 0.00213482 0.00097317 0.00072611 0.00044445 0.00044590 0.00044314 0.00041995 0.00038371 0.00033660 0.00028243 0.00022595 0.00017108 0.00012136 0.00007905 0.00004507 0.00001942 0.00000124 -0.00001490 -0.00000689 0.00000798 -0.00000090 -0.00001106 -0.00000314 -0.00000008 0.00002425 0.00079963 0.00038773 0.05035524 2.21993 
0.060 0.00408042 5 -3725337.24 262214.62 327885.16 -91397.75 -408595.06 -3815444.22 -352940952.80 0.00129149 0.00408042 0.00192202 0.00134308 0.00077960 0.00080881 0.00081440 0.00079085 0.00074844 0.00068821 0.00061227 0.00052388 0.00042794 0.00033110 0.00024003 0.00016018 0.00009502 0.00004532 -0.00001246 -0.00001768 0.00000522 -0.00000051 -0.00001096 -0.00000347 -0.00000075 0.00005241 0.00150667 0.00073413 0.09501124 4.43986 
0.090 0.00590966 5 -5169884.56 381816.26 543314.78 -62439.08 -557466.91 -5475109.60 -498520645.12 0.00188915 0.00590966 0.00279543 0.00189845 0.00108304 0.00121200 0.00123402 0.00121807 0.00117877 0.00111630 0.00103136 0.00092539 0.00080155 0.00066508 0.00052381 0.00038842 0.00026669 0.00016512 0.00002199 -0.00003087 -0.00000116 -0.00000059 -0.00001090 -0.00000347 -0.00000091 0.00009213 0.00216158 0.00106224 0.13725613 6.65979 
0.120 0.00753940 5 -6542434.36 411340.03 677310.53 -2100.28 -685821.05 -6943163.58 -627092978.69 0.00237028 0.00753940 0.00357058 0.00236896 0.00134951 0.00182519 0.00188241 0.00188606 0.00185901 0.00180090 0.00171135 0.00159018 0.00143844 0.00125978 0.00106116 0.00085273 0.00064736 0.00045852 0.00013956 -0.00004399 -0.00001656 -0.00000258 -0.00001058 -0.00000318 -0.00000087 0.00016280 0.00273566 0.00136890 0.17831262 8.87972 
0.150 0.00920652 5 6376688.94 -988677.81 -1129179.42 -262169.75 718723.49 8037992.43 695123179.15 -0.00298143 -0.00909065 -0.00460160 -0.00290347 -0.00154063 -0.00087415 -0.00084796 -0.00082138 -0.00079058 -0.00075438 -0.00071113 -0.00065887 -0.00059566 -0.00051981 -0.00043073 -0.00033318 -0.00023705 -0.00015314 -0.00002923 0.00002372 -0.00000044 -0.00000346 0.00000415 -0.00000277 -0.00000545 -0.00006733 -0.00333396 -0.00159865 -0.20336232 11.09965 
0.180 0.01098718 5 6580538.89 -780441.39 -1322250.39 -847083.09 740387.39 8789926.37 725120270.42 -0.00299105 -0.01058231 -0.00633398 -0.00311642 -0.00155893 -0.00087410 -0.00084397 -0.00081891 -0.00079316 -0.00076538 -0.00073359 -0.00069532 -0.00064784 -0.00058857 -0.00051533 -0.00042757 -0.00032984 -0.00023290 -0.00006615 0.00002470 0.00000345 -0.00000142 0.00000646 -0.00000191 -0.00000538 -0.00007380 -0.00388124 -0.00185864 -0.24174829 13.31958 
0.210 0.01291483 5 6517990.70 -583570.17 -1540212.67 -1179867.80 469444.58 9352196.75 730332484.73 -0.00256976 -0.01234123 -0.00848138 -0.00324169 -0.00152630 -0.00090589 -0.00087311 -0.00084880 -0.00082682 -0.00080572 -0.00078333 -0.00075694 -0.00072345 -0.00067954 -0.00062206 -0.00054849 -0.00045857 -0.00035735 -0.00013732 0.00002021 0.00001005 0.00000143 0.00000782 -0.00000091 -0.00000474 -0.00008507 -0.00444697 -0.00212983 -0.28507136 15.53951 
0.240 0.01510131 5 5893869.51 -311598.37 -1774488.53 -1743260.37 304048.81 9419167.96 687781720.04 -0.00148465 -0.01438359 -0.01082644 -0.00319378 -0.00137271 -0.00078347 -0.00074197 -0.00071588 -0.00069701 -0.00068388 -0.00067432 -0.00066561 -0.00065473 -0.00063834 -0.00061264 -0.00057353 -0.00051743 -0.00044325 -0.00021962 0.00001180 0.00002150 0.00000532 0.00000780 0.00000001 -0.00000351 -0.00008155 -0.00491206 -0.00234598 -0.32301454 17.75944 
0.270 0.01721639 5 4622559.55 -590085.41 -2153677.78 -2092350.01 191998.17 9266674.58 636015137.11 -0.00027787 -0.01639359 -0.01288193 -0.00318537 -0.00120028 0.00016651 0.00027619 0.00033734 0.00037245 0.00038306 0.00037143 0.00034025 0.00029228 0.00023048 0.00015894 0.00008389 0.00001253 -0.00004839 -0.00009246 -0.00001609 0.00000547 0.00000446 0.00000811 0.00000069 -0.00000282 0.00002292 -0.00528744 -0.00246645 -0.34387924 19.97937 
0.300 0.01754173 5 3825928.40 -730655.43 -2422767.70 -2332445.97 130131.03 9181666.47 603045799.43 -0.00008417 -0.01669755 -0.01321282 -0.00300107 -0.00099934 0.00089314 0.00104084 0.00111917 0.00115919 0.00116250 0.00113150 0.00106894 0.00097746 0.00086223 0.00072837 0.00057874 0.00041823 0.00026133 0.00000466 -0.00005691 -0.00001332 0.00000366 0.00000866 0.00000086 -0.00000279 0.00009908 -0.00523576 -0.00240177 -0.33098416 22.19930 
0.330 0.01750788 5 2923721.25 -917956.50 -2761512.98 -2495431.49 144936.14 8953686.09 565064523.40 0.00020845 -0.01669719 -0.01352989 -0.00291624 -0.00076577 0.00173503 0.00192749 0.00202705 0.00207482 0.00207244 0.00202234 0.00192780 0.00179311 0.00162231 0.00141995 0.00119227 0.00094723 0.00069490 0.00019095 -0.00008894 -0.00004377 -0.00000026 0.00000954 0.00000102 -0.00000308 0.00019320 -0.00515357 -0.00231324 -0.31695565 24.41923 
0.360 0.01814716 5 2132989.60 -1267158.50 -3054907.27 -2356671.07 131312.72 8680413.73 538191999.72 0.00116441 -0.01724139 -0.01456119 -0.00310627 -0.00065939 0.00241724 0.00265187 0.00277128 0.00282783 0.00282311 0.00275966 0.00264092 0.00247084 0.00225367 0.00199415 0.00169921 0.00137828 0.00104454 0.00034071 -0.00012833 -0.00007509 -0.00000317 0.00001035 0.00000110 -0.00000332 0.00026990 -0.00529411 -0.00233838 -0.32812728 26.63916 
0.390 0.01805150 5 1325708.07 -1566746.87 -3506449.90 -2314020.18 136258.26 8576666.76 517423970.48 0.00106271 -0.01715006 -0.01455507 -0.00297677 -0.00053994 0.00334953 0.00364819 0.00380048 0.00387330 0.00386822 0.00378785 0.00363559 0.00341552 0.00313208 0.00279055 0.00239943 0.00197135 0.00152773 0.00057246 -0.00015557 -0.00012276 -0.00001183 0.00001163 0.00000129 -0.00000395 0.00037797 -0.00521047 -0.00224176 -0.30868495 28.85909 
0.420 0.01721818 5 919998.38 -1327008.38 -4071154.30 -2289172.04 220857.92 8386475.17 491382874.31 0.00095630 -0.01634619 -0.01416023 -0.00306690 -0.00038345 0.00395423 0.00427579 0.00443841 0.00451776 0.00451436 0.00442945 0.00426477 0.00402266 0.00370591 0.00331936 0.00287401 0.00238572 0.00187863 0.00076154 -0.00016046 -0.00015639 -0.00001933 0.00001238 0.00000129 -0.00000456 0.00044933 -0.00503194 -0.00212016 -0.29012989 31.07902 
0.450 0.01700680 5 -333488.48 -1574307.10 -4632522.88 -2456810.22 64613.23 8265538.49 443201326.21 0.00072884 -0.01616974 -0.01371617 -0.00255647 -0.00050209 0.00470489 0.00511892 0.00533388 0.00544433 0.00545094 0.00535526 0.00515950 0.00486656 0.00448002 0.00400680 0.00346386 0.00287458 0.00226912 0.00093865 -0.00019378 -0.00019617 -0.00002528 0.00001279 0.00000154 -0.00000461 0.00054250 -0.00485359 -0.00198706 -0.26291787 33.29895 
0.480 0.01720828 5 -3666708.59 947948.61 1964933.32 1422286.36 -649548.21 -7352328.67 -544050297.59 -0.00568852 0.01720828 0.01664247 0.00541732 0.00104271 0.00047618 0.00047536 0.00047828 0.00049366 0.00052038 0.00055644 0.00059911 0.00064448 0.00068676 0.00071885 0.00073585 0.00073721 0.00072262 0.00057064 0.00008499 -0.00016210 -0.00006326 -0.00000043 0.00000477 0.00000084 0.00008845 0.00589217 0.00280910 0.47245473 35.51888 
0.510 0.01964609 5 -3678711.91 822028.01 2086531.04 1511277.73 -530955.06 -7567593.63 -545921552.66 -0.00589776 0.01964609 0.01793923 0.00484640 0.00098253 0.00065336 0.00063040 0.00061550 0.00061417 0.00062527 0.00064685 0.00067614 0.00070906 0.00073948 0.00075993 0.00076578 0.00075735 0.00073482 0.00056806 0.00005898 -0.00019395 -0.00007275 0.00000063 0.00000578 0.00000102 0.00009461 0.00619405 0.00295388 0.48358384 37.73881 
0.540 0.02001593 5 -3467632.99 801562.85 2253142.59 1511339.47 -545885.38 -7487792.52 -534999821.14 -0.00649122 0.02001593 0.01855489 0.00550249 0.00102568 0.00031751 0.00027913 0.00025602 0.00024977 0.00025923 0.00028243 0.00031656 0.00035751 0.00039902 0.00043365 0.00045692 0.00046914 0.00047014 0.00037401 -0.00002237 -0.00021347 -0.00007230 0.00000108 0.00000592 0.00000114 0.00004391 0.00644589 0.00304501 0.50514779 39.95874 
0.570 0.01825942 4 -3202184.12 881004.77 2401081.48 1386997.62 -683353.43 -7187914.56 -520817540.20 -0.00712960 0.01805051 0.01804115 0.00693358 0.00110391 -0.00018658 -0.00023028 -0.00025383 -0.00025789 -0.00024359 -0.00021293 -0.00016868 -0.00011507 -0.00005843 -0.00000607 0.00003793 0.00007405 0.00010184 0.00008628 -0.00015147 -0.00021981 -0.00005883 0.00000079 0.00000474 0.00000103 -0.00002608 0.00644922 0.00300938 0.52125755 42.17867 
0.600 0.01840551 4 -2282936.54 1116082.65 2697690.24 1285908.12 -741514.03 -6641103.53 -473569688.54 -0.00757253 0.01700916 0.01821730 0.00796289 0.00108007 -0.00150488 -0.00163467 -0.00171069 -0.00175192 -0.00175942 -0.00173520 -0.00168194 -0.00160375 -0.00150653 -0.00139702 -0.00127982 -0.00115633 -0.00102895 -0.00073641 -0.00043841 -0.00023824 -0.00004199 0.00000096 0.00000371 0.00000113 -0.00023350 0.00655545 0.00294900 0.52304766 44.39860 
0.630 0.01749511 4 -1864479.48 1258986.36 2755453.41 1082149.01 -974787.97 -5986280.28 -442458677.40 -0.00829123 0.01430593 0.01732871 0.00920213 0.00137869 -0.00178706 -0.00193434 -0.00202071 -0.00206965 -0.00208219 -0.00206039 -0.00200679 -0.00192544 -0.00182206 -0.00170332 -0.00157407 -0.00143626 -0.00129249 -0.00094634 -0.00053815 -0.00026271 -0.00004259 0.00000192 0.00000374 0.00000085 -0.00028224 0.00643474 0.00286652 0.53699931 46.61853 
0.660 0.01643280 4 -2385537.06 946575.70 4234227.13 -972967.33 -2181546.76 -4411825.80 -456354222.67 -0.01138309 0.00910378 0.01643280 0.01256654 0.00235082 -0.00035138 -0.00041570 -0.00047579 -0.00051596 -0.00053715 -0.00054124 -0.00053031 -0.00050760 -0.00047775 -0.00044579 -0.00041499 -0.00038593 -0.00035939 -0.00032747 -0.00032371 -0.00016964 -0.00001641 0.00000147 -0.00000173 -0.00000319 -0.00008714 0.00655850 0.00302818 0.64446211 48.83846 
0.690 0.01505686 4 -2182895.87 1306491.67 4162465.92 -1420291.33 -2020251.40 -4211310.73 -452717804.77 -0.01192262 0.00693611 0.01505686 0.01383533 0.00278776 -0.00052202 -0.00059591 -0.00066191 -0.00070606 -0.00072924 -0.00073327 -0.00072043 -0.00069347 -0.00065722 -0.00061684 -0.00057597 -0.00053537 -0.00049543 -0.00042030 -0.00035239 -0.00017930 -0.00001908 0.00000209 -0.00000147 -0.00000326 -0.00011283 0.00646029 0.00296849 0.65641645 51.05839 
0.720 0.01513907 3 169002.86 2800656.84 4135779.75 -1634546.73 -1673258.71 -3459628.29 -372585561.16 -0.01231839 0.00546807 0.01452542 0.01497147 0.00303860 -0.00349184 -0.00382359 -0.00405972 -0.00423197 -0.00434075 -0.00438762 -0.00437479 -0.00430471 -0.00418268 -0.00401473 -0.00380551 -0.00355583 -0.00326556 -0.00236910 -0.00089703 -0.00012045 0.00003805 -0.00000185 -0.00000724 -0.00000402 -0.00060001 0.00647179 0.00271508 0.62325210 53.27832 
0.750 0.01589236 3 872703.48 3203991.23 4261053.12 -1729501.51 -1733033.83 -3129805.54 -348855050.00 -0.01262117 0.00402014 0.01391937 0.01570977 0.00322008 -0.00435775 -0.00475727 -0.00503579 -0.00523703 -0.00536131 -0.00541012 -0.00538569 -0.00529068 -0.00513099 -0.00491397 -0.00464513 -0.00432461 -0.00395041 -0.00279927 -0.00098675 -0.00010949 0.00004448 -0.00000223 -0.00000787 -0.00000415 -0.00072731 0.00640211 0.00261480 0.61877950 55.49825 
0.780 0.01657031 3 1637845.09 3704126.42 4324872.67 -2025732.64 -1816834.27 -2548587.09 -317493227.33 -0.01279101 0.00197040 0.01269298 0.01637851 0.00337250 -0.00514275 -0.00559888 -0.00591007 -0.00613164 -0.00626386 -0.00630823 -0.00626689 -0.00614308 -0.00594307 -0.00567526 -0.00534610 -0.00495559 -0.00450077 -0.00311831 -0.00101968 -0.00007482 0.00005526 -0.00000298 -0.00000894 -0.00000433 -0.00083252 0.00614346 0.00243765 0.60256526 57.71818 
0.810 0.01693836 3 2684466.68 4335415.93 4458466.61 -2169380.56 -1843425.13 -2096610.17 -282768857.66 -0.01272619 0.00037949 0.01178125 0.01673067 0.00354430 -0.00629027 -0.00684894 -0.00722346 -0.00748877 -0.00764496 -0.00769336 -0.00763594 -0.00747641 -0.00722181 -0.00688228 -0.00646540 -0.00597017 -0.00539284 -0.00367315 -0.00113235 -0.00003255 0.00007637 -0.00000440 -0.00001104 -0.00000465 -0.00100084 0.00594218 0.00225389 0.57870190 59.93811 
0.840 0.01821676 4 3628417.32 -1144404.84 -3200062.58 689782.38 2209288.73 5073813.64 532058358.28 0.01454008 -0.01122834 -0.01821676 -0.01336128 -0.00644116 -0.00402473 -0.00393676 -0.00386073 -0.00379153 -0.00372773 -0.00366710 -0.00360666 -0.00354280 -0.00347146 -0.00338854 -0.00328938 -0.00316826 -0.00301935 -0.00245487 -0.00106531 0.00003334 0.00013434 -0.00000306 -0.00001171 -0.00000249 -0.00054371 -0.00830333 -0.00418123 -0.88582093 62.15804 
0.870 0.01965713 4 3449739.13 -1153925.91 -3363561.60 753662.42 2216520.13 4997044.09 524268445.53 0.01573332 -0.01234659 -0.01965713 -0.01470394 -0.00653756 -0.00363131 -0.00353242 -0.00345115 -0.00338013 -0.00331793 -0.00326230 -0.00321025 -0.00315816 -0.00310212 -0.00303833 -0.00296228 -0.00286781 -0.00274827 -0.00226962 -0.00102190 0.00002160 0.00012816 -0.00000267 -0.00001110 -0.00000236 -0.00049237 -0.00889848 -0.00443296 -0.93915252 64.37797 
0.900 0.02083173 4 3258835.88 -1197364.07 -3498334.16 836101.87 2221594.04 4896838.20 516107675.32 0.01688859 -0.01314066 -0.02083173 -0.01600733 -0.00671979 -0.00328956 -0.00317335 -0.00308163 -0.00300351 -0.00293758 -0.00288157 -0.00283251 -0.00278679 -0.00274073 -0.00269092 -0.00263308 -0.00256066 -0.00246604 -0.00206295 -0.00095337 0.00001737 0.00012051 -0.00000231 -0.00001032 -0.00000218 -0.00044090 -0.00943395 -0.00465663 -0.98925302 66.59790 
0.930 0.02192718 4 3130122.25 -1187179.65 -3617448.66 895054.50 2238771.14 4800924.91 508516815.66 0.01794234 -0.01389647 -0.02192718 -0.01712057 -0.00684889 -0.00304630 -0.00292331 -0.00282810 -0.00274839 -0.00268277 -0.00262897 -0.00258401 -0.00254437 -0.00250657 -0.00246767 -0.00242354 -0.00236716 -0.00229016 -0.00193716 -0.00091533 0.00001324 0.00011626 -0.00000207 -0.00000982 -0.00000202 -0.00040772 -0.00990120 -0.00485804 -1.03418884 68.81783 
0.960 0.02302138 4 2966373.06 -1186588.55 -3726826.00 905466.45 2252844.66 4721476.50 499846200.03 0.01887292 -0.01474201 -0.02302138 -0.01802267 -0.00692217 -0.00276343 -0.00262814 -0.00252557 -0.00244103 -0.00237309 -0.00231950 -0.00227726 -0.00224294 -0.00221331 -0.00218587 -0.00215661 -0.00211809 -0.00206122 -0.00176841 -0.00085768 0.00000965 0.00010956 -0.00000176 -0.00000909 -0.00000179 -0.00036576 -0.01032175 -0.00503290 -1.07186600 71.03776 
0.990 0.02407767 4 2756686.03 -1210631.54 -3824557.71 871635.52 2261294.54 4658945.23 490214702.63 0.01966023 -0.01564598 -0.02407767 -0.01871315 -0.00694097 -0.00241991 -0.00226624 -0.00215216 -0.00205945 -0.00198669 -0.00193161 -0.00189127 -0.00186230 -0.00184183 -0.00182774 -0.00181617 -0.00179922 -0.00176709 -0.00155126 -0.00078445 0.00000307 0.00009991 -0.00000125 -0.00000805 -0.00000153 -0.00031291 -0.01068771 -0.00517637 -1.10134925 73.25769 
1.020 0.02501565 4 2531095.57 -1241004.34 -3907518.05 808287.51 2270737.18 4600593.27 479900809.19 0.02032177 -0.01647918 -0.02501565 -0.01921749 -0.00694148 -0.00209414 -0.00192037 -0.00179342 -0.00169123 -0.00161242 -0.00155473 -0.00151523 -0.00149070 -0.00147857 -0.00147720 -0.00148284 -0.00148719 -0.00147967 -0.00134097 -0.00071647 -0.00000444 0.00009069 -0.00000077 -0.00000705 -0.00000126 -0.00026173 -0.01098814 -0.00529002 -1.12418448 75.47763 
1.050 0.02713975 4 1953154.85 -1548029.22 -4019659.78 602846.99 2184316.75 4733680.11 470385716.98 0.02046073 -0.01906722 -0.02713975 -0.01956940 -0.00613214 -0.00037490 -0.00014204 0.00001739 0.00013714 0.00021858 0.00026398 0.00027623 0.00025831 0.00021195 0.00013775 0.00003945 -0.00007314 -0.00018714 -0.00041537 -0.00042579 -0.00003839 0.00005057 0.00000188 -0.00000311 -0.00000085 -0.00002156 -0.01143073 -0.00536991 -1.12037078 77.69756 
1.080 0.02882499 4 1352318.94 -1798797.97 -4028938.20 274294.35 2180239.86 4725520.90 451330523.19 0.02076033 -0.02119244 -0.02882499 -0.01939090 -0.00567231 0.00064474 0.00093333 0.00112654 0.00126935 0.00136307 0.00140996 0.00141289 0.00137464 0.00129645 0.00117840 0.00102429 0.00084488 0.00065432 0.00018940 -0.00023670 -0.00006179 0.00002568 0.00000327 -0.00000054 -0.00000034 0.00013116 -0.01171860 -0.00542373 -1.11708433 79.91749 
1.110 0.03036453 4 726109.33 -2064039.86 -4067428.34 16872.78 2133832.56 4706872.19 431172331.28 0.02110334 -0.02312402 -0.03036453 -0.01935404 -0.00529702 0.00166497 0.00201197 0.00224052 0.00240783 0.00251517 0.00256472 0.00255927 0.00250137 0.00239169 0.00222971 0.00201923 0.00177165 0.00150212 0.00079276 -0.00004539 -0.00008223 0.00000223 0.00000457 0.00000191 0.00000019 0.00028502 -0.01201529 -0.00548108 -1.11654339 82.13742 
1.140 0.03177785 4 84674.66 -2356082.17 -4145454.36 -139070.42 2083222.37 4642059.25 410822284.12 0.02164493 -0.02466804 -0.03177785 -0.01970290 -0.00498877 0.00275204 0.00315581 0.00341736 0.00360571 0.00372204 0.00376851 0.00374785 0.00366237 0.00351224 0.00329654 0.00301932 0.00269301 0.00233408 0.00136312 0.00012051 -0.00010845 -0.00002050 0.00000621 0.00000423 0.00000047 0.00044021 -0.01234061 -0.00555114 -1.12378352 84.35735 
