0.001 0.00010909 4 39238.98 -1802.26 -1892.68 1283.91 3547.13 38102.88 3550023.87 0.00000204 -0.00003444 -0.00010909 -0.00002649 0.00000607 0.00005146 0.00005547 0.00005163 0.00004633 0.00004012 0.00003330 0.00002641 0.00001989 0.00001405 0.00000895 0.00000453 0.00000080 -0.00000227 -0.00000458 0.00000061 0.00001024 -0.00000001 -0.00001039 -0.00000147 0.00000187 0.00000348 -0.00002879 -0.00001164 -0.00208367 0.06588 
0.030 0.00170698 5 -425169.15 133548.86 621297.08 357461.39 -31626.64 -1505849.83 -94042232.42 0.00067510 0.00170698 0.00071276 0.00039110 0.00012206 -0.00013056 -0.00012752 -0.00011808 -0.00009953 -0.00007511 -0.00004910 -0.00002641 -0.00000938 0.00000212 0.00000873 0.00001128 0.00001090 0.00000863 0.00000304 0.00000199 0.00000954 -0.00000112 -0.00001163 -0.00000232 0.00000129 -0.00000364 0.00051285 0.00023848 0.02485164 1.97639 
0.060 0.00323141 5 -1030986.17 189450.13 1030841.39 669152.58 -52248.08 -2868182.21 -183976100.88 0.00125402 0.00323141 0.00142323 0.00074289 0.00025206 -0.00008660 -0.00007401 -0.00005019 -0.00001122 0.00003782 0.00008957 0.00013467 0.00016407 0.00017261 0.00016172 0.00013786 0.00010830 0.00007833 0.00002511 -0.00000464 0.00000529 -0.00000189 -0.00001213 -0.00000308 0.00000042 0.00001046 0.00099345 0.00047126 0.05125192 3.95278 
0.090 0.00467395 5 -1662221.92 265479.74 1403761.94 893167.41 -90678.66 -4133952.35 -272569918.24 0.00180605 0.00467395 0.00210106 0.00110922 0.00040190 -0.00004186 -0.00002502 0.00000689 0.00005846 0.00012482 0.00019796 0.00026771 0.00032168 0.00034830 0.00034199 0.00030657 0.00025283 0.00019310 0.00007458 -0.00000773 -0.00000111 -0.00000321 -0.00001217 -0.00000351 -0.00000034 0.00002597 0.00146664 0.00070132 0.07809651 5.92917 
0.120 0.00603211 5 -2374501.45 445679.81 1602530.54 1010329.76 -135210.01 -5297831.55 -363631235.68 0.00233679 0.00603211 0.00274289 0.00149566 0.00060416 -0.00000575 0.00000421 0.00003332 0.00008545 0.00015622 0.00023842 0.00032336 0.00039976 0.00045372 0.00047245 0.00045142 0.00039641 0.00032139 0.00014480 -0.00000221 -0.00000768 -0.00000523 -0.00001202 -0.00000364 -0.00000086 0.00003768 0.00194380 0.00093123 0.10582783 7.90556 
0.150 0.00733096 5 -3317297.63 551781.42 1641103.51 1081309.94 -191989.86 -6399502.63 -457696002.39 0.00282774 0.00733096 0.00336440 0.00187927 0.00084487 0.00016373 0.00016588 0.00018495 0.00022589 0.00028564 0.00035839 0.00043775 0.00051502 0.00057862 0.00061460 0.00061003 0.00056124 0.00047835 0.00024168 0.00001125 -0.00001519 -0.00000810 -0.00001175 -0.00000355 -0.00000118 0.00005785 0.00242071 0.00116550 0.13533729 9.88195 
0.180 0.00893309 5 -3921525.14 235422.39 1744737.56 1633570.64 20040.19 -7555295.93 -510504378.44 0.00282730 0.00893309 0.00454769 0.00203234 0.00093074 0.00038264 0.00037838 0.00038408 0.00040689 0.00044516 0.00049559 0.00055446 0.00061613 0.00067220 0.00071098 0.00071856 0.00068415 0.00060810 0.00033813 0.00003220 -0.00002167 -0.00001141 -0.00001092 -0.00000338 -0.00000158 0.00007807 0.00287443 0.00138894 0.16588737 11.85834 
0.210 0.01026049 5 -3889781.36 366599.35 1779584.25 2365458.84 -159647.83 -8241775.98 -542692656.68 0.00222356 0.01026049 0.00623616 0.00239386 0.00099136 0.00024554 0.00021460 0.00020254 0.00021325 0.00024539 0.00029655 0.00036362 0.00044192 0.00052302 0.00059543 0.00064609 0.00066357 0.00063717 0.00041589 0.00006697 -0.00002472 -0.00001517 -0.00000995 -0.00000313 -0.00000194 0.00006628 0.00336861 0.00161433 0.20583579 13.83474 
0.240 0.01118145 5 -3034807.34 931856.12 1511965.19 3125334.39 -334386.63 -8269576.41 -524756556.76 0.00089435 0.01118145 0.00849943 0.00287871 0.00098729 -0.00030292 -0.00038880 -0.00042834 -0.00043052 -0.00039659 -0.00032885 -0.00023034 -0.00010550 0.00003768 0.00018529 0.00032184 0.00043357 0.00050578 0.00044571 0.00011712 -0.00002464 -0.00001977 -0.00000852 -0.00000278 -0.00000240 0.00001217 0.00385649 0.00181430 0.25231441 15.81113 
0.270 0.01206675 5 -2776486.64 864828.36 1424362.40 3382726.93 -373884.33 -8074519.99 -499963462.86 -0.00080510 0.01206675 0.01052587 0.00327429 0.00114486 -0.00005762 -0.00016080 -0.00021741 -0.00023994 -0.00022946 -0.00018796 -0.00011826 -0.00002427 0.00008827 0.00021048 0.00032983 0.00043711 0.00052009 0.00050864 0.00015406 -0.00003592 -0.00002605 -0.00000674 -0.00000220 -0.00000280 0.00002729 0.00429116 0.00202609 0.30563804 17.78752 
0.300 0.01300164 5 -2740795.67 1027323.55 943643.71 3308022.06 -280765.05 -7739019.94 -482807637.22 -0.00265745 0.01300164 0.01218439 0.00375526 0.00150237 0.00055707 0.00045832 0.00039569 0.00035767 0.00034335 0.00035091 0.00037744 0.00041831 0.00046743 0.00051913 0.00056971 0.00061738 0.00065647 0.00060371 0.00018613 -0.00005398 -0.00003419 -0.00000472 -0.00000140 -0.00000318 0.00008093 0.00472682 0.00225881 0.36439537 19.76391 
0.330 0.01403284 4 -3502551.81 885425.31 1272752.21 2865150.25 -1418826.12 -7107053.45 -523157255.53 -0.00434565 0.01312505 0.01392772 0.00488103 0.00204406 0.00151500 0.00144647 0.00139070 0.00134836 0.00131865 0.00129983 0.00128876 0.00127973 0.00126466 0.00123682 0.00119549 0.00114563 0.00109090 0.00086564 0.00024563 -0.00008543 -0.00004858 -0.00000286 0.00000006 -0.00000320 0.00018659 0.00535046 0.00260729 0.45029929 21.74030 
0.360 0.01525190 4 -3376609.35 1031828.62 1090313.57 2795131.63 -1492681.54 -6801201.63 -511101137.68 -0.00599484 0.01392844 0.01513265 0.00522352 0.00255741 0.00227536 0.00220491 0.00214174 0.00208786 0.00204256 0.00200418 0.00196919 0.00193019 0.00187566 0.00179540 0.00168898 0.00156758 0.00144464 0.00110104 0.00033216 -0.00010700 -0.00006565 -0.00000083 0.00000179 -0.00000323 0.00026996 0.00572541 0.00282735 0.50536117 23.71669 
0.390 0.01660033 4 -3413543.88 1274950.13 807018.17 2583162.62 -1561771.47 -6516903.33 -511001623.47 -0.00793307 0.01481682 0.01646793 0.00589543 0.00326228 0.00321838 0.00315111 0.00308491 0.00302342 0.00296601 0.00291103 0.00285447 0.00278689 0.00269222 0.00255476 0.00237241 0.00216229 0.00194991 0.00143572 0.00045205 -0.00013096 -0.00008938 0.00000108 0.00000419 -0.00000302 0.00038062 0.00624314 0.00312883 0.57882254 25.69308 
0.420 0.01761939 4 -3593013.29 1269116.65 686428.67 2449934.72 -1696682.68 -6301810.65 -512841272.16 -0.00944454 0.01556989 0.01747528 0.00613826 0.00396269 0.00444241 0.00438688 0.00432264 0.00425671 0.00418851 0.00411639 0.00403587 0.00393522 0.00379303 0.00358645 0.00330991 0.00298582 0.00265321 0.00188521 0.00059124 -0.00015975 -0.00011678 0.00000324 0.00000699 -0.00000273 0.00052828 0.00663453 0.00339074 0.64088148 27.66947 
0.450 0.01774691 4 -3948342.96 1169623.39 702242.02 2120527.93 -1831168.83 -6109567.47 -522939385.03 -0.01057960 0.01527938 0.01760483 0.00633137 0.00478651 0.00589295 0.00585887 0.00580235 0.00573566 0.00565824 0.00556844 0.00546122 0.00532256 0.00512595 0.00484196 0.00446193 0.00401266 0.00354444 0.00245407 0.00074640 -0.00018862 -0.00014420 0.00000530 0.00000982 -0.00000236 0.00070801 0.00683165 0.00357863 0.69266863 29.64586 
0.480 0.01864612 4 -4139314.83 1315371.27 305942.59 2165883.42 -1772377.65 -6154134.46 -532144101.11 -0.01177497 0.01654737 0.01848263 0.00634694 0.00560913 0.00699458 0.00694344 0.00686729 0.00677619 0.00666969 0.00654630 0.00640144 0.00622105 0.00597637 0.00563409 0.00518358 0.00465327 0.00409856 0.00280590 0.00084530 -0.00020487 -0.00016260 0.00000658 0.00001177 -0.00000204 0.00082699 0.00726293 0.00384400 0.74762594 31.62225 
0.510 0.01805752 4 -4553625.47 1641317.85 -107447.36 1848489.28 -1647274.83 -6288710.42 -563748400.73 -0.01215805 0.01608407 0.01789885 0.00644210 0.00649930 0.00789110 0.00781226 0.00770889 0.00758671 0.00744565 0.00728474 0.00710011 0.00687911 0.00659515 0.00621605 0.00572912 0.00515818 0.00455644 0.00312719 0.00096089 -0.00020703 -0.00017861 0.00000674 0.00001353 -0.00000142 0.00092204 0.00737870 0.00394877 0.77599523 33.59864 
0.540 0.01747247 4 -5085421.03 1998217.89 -546824.01 1360140.51 -1498015.62 -6398939.80 -601296153.09 -0.01279191 0.01549313 0.01732375 0.00695480 0.00752985 0.00888717 0.00878522 0.00865755 0.00850619 0.00833156 0.00813332 0.00790828 0.00764466 0.00731666 0.00689238 0.00635838 0.00573710 0.00508023 0.00350127 0.00110920 -0.00020031 -0.00019553 0.00000664 0.00001538 -0.00000071 0.00103217 0.00760159 0.00411176 0.81946391 35.57503 
0.570 0.01578451 4 -5298447.14 2349639.25 -506544.16 1110257.65 -1334614.13 -6917185.76 -645706001.01 -0.01136100 0.01447914 0.01564405 0.00706867 0.00784525 0.00826392 0.00809723 0.00792767 0.00774460 0.00754870 0.00733988 0.00711593 0.00686773 0.00657416 0.00620820 0.00575717 0.00523752 0.00468884 0.00334738 0.00117684 -0.00015464 -0.00019540 0.00000387 0.00001602 0.00000078 0.00095069 0.00746127 0.00400269 0.78991938 37.55142 
0.600 0.01399043 5 -10246874.38 -613296.65 -2283997.52 2369257.66 104931.19 -9823769.06 -786970921.24 0.00014379 0.01399043 0.00908551 0.00226474 0.00354938 0.00846924 0.00872979 0.00883063 0.00883601 0.00874693 0.00856502 0.00829237 0.00793077 0.00748062 0.00694197 0.00631898 0.00562314 0.00487302 0.00295949 0.00052555 -0.00028040 -0.00012771 0.00000080 0.00000829 -0.00000087 0.00100561 0.00496674 0.00286249 0.44301395 39.52782 
0.630 0.01416807 5 -11115657.05 -595894.30 -3052786.69 2086597.90 154775.65 -9708349.61 -812011628.13 -0.00098407 0.01416807 0.00948013 0.00223390 0.00423695 0.01016187 0.01045486 0.01055842 0.01054681 0.01042131 0.01018397 0.00983736 0.00938356 0.00882268 0.00815421 0.00738315 0.00652551 0.00561128 0.00335960 0.00058693 -0.00032214 -0.00014711 0.00000356 0.00001037 -0.00000086 0.00118357 0.00516735 0.00305107 0.49118761 41.50421 
0.660 0.01426573 5 -11878478.20 -491230.88 -3779358.59 1774550.57 214520.43 -9596959.74 -836794950.81 -0.00214239 0.01426573 0.00979954 0.00226467 0.00500305 0.01175218 0.01206072 0.01215559 0.01211881 0.01195193 0.01165739 0.01123818 0.01069648 0.01003181 0.00924269 0.00833471 0.00732930 0.00626937 0.00372545 0.00065537 -0.00035288 -0.00016399 0.00000562 0.00001214 -0.00000080 0.00134631 0.00537975 0.00323709 0.53978649 43.48060 
0.690 0.01424754 5 -12481880.50 -242223.85 -4490577.56 1455900.67 262000.56 -9466980.31 -860481166.74 -0.00333154 0.01424754 0.01005583 0.00239396 0.00583826 0.01317765 0.01348383 0.01355974 0.01349191 0.01328210 0.01293306 0.01244806 0.01182914 0.01107478 0.01018191 0.00915642 0.00802541 0.00684334 0.00405945 0.00073315 -0.00037594 -0.00018087 0.00000709 0.00001384 -0.00000066 0.00148925 0.00560797 0.00342001 0.58901575 45.45699 
0.720 0.01406039 5 -12843630.22 221135.94 -5181724.93 1145359.87 272793.44 -9301194.54 -882290081.05 -0.00455601 0.01406039 0.01025358 0.00264971 0.00673439 0.01438705 0.01467502 0.01472714 0.01463022 0.01438560 0.01399552 0.01346259 0.01278771 0.01196720 0.01099521 0.00987714 0.00864520 0.00736356 0.00437816 0.00081969 -0.00039482 -0.00019886 0.00000824 0.00001562 -0.00000046 0.00161243 0.00585091 0.00359933 0.63927965 47.43338 
0.750 0.01468764 3 677410.68 -2579203.53 -3950719.13 1353519.76 2109567.33 3744246.25 419614704.71 0.01102256 -0.00315599 -0.01285972 -0.01468764 -0.00348941 0.00337108 0.00369453 0.00391596 0.00407578 0.00417485 0.00421477 0.00419707 0.00412059 0.00397759 0.00375563 0.00345097 0.00308180 0.00268435 0.00172900 0.00050577 0.00002173 -0.00004010 0.00000311 0.00000536 -0.00000032 0.00052616 -0.00616421 -0.00261013 -0.60597638 49.40977 
0.780 0.01606908 3 38667.80 -2694611.01 -4341477.94 1561356.90 2294537.34 3218862.52 386229596.95 0.01200466 -0.00108376 -0.01211921 -0.01606908 -0.00404870 0.00395367 0.00433683 0.00459793 0.00478954 0.00491246 0.00496822 0.00495820 0.00488044 0.00472491 0.00447552 0.00412599 0.00369614 0.00322791 0.00209239 0.00061966 0.00002606 -0.00004818 0.00000253 0.00000585 -0.00000017 0.00062566 -0.00620899 -0.00257826 -0.62755562 51.38616 
0.810 0.01722979 3 -653211.04 -2937156.65 -4682116.65 1886993.87 2456703.62 2622364.77 352620131.08 0.01269091 0.00192789 -0.01048082 -0.01722979 -0.00486932 0.00445005 0.00491713 0.00523598 0.00547636 0.00563894 0.00572517 0.00573618 0.00566909 0.00551131 0.00524259 0.00485384 0.00436639 0.00382766 0.00250586 0.00075730 0.00002962 -0.00005836 0.00000271 0.00000679 -0.00000036 0.00072944 -0.00605461 -0.00245076 -0.63475387 53.36255 
0.840 0.01836926 3 -1434220.25 -3277908.66 -5027210.75 2311939.00 2551095.37 2007864.79 317546398.26 0.01311627 0.00526861 -0.00847568 -0.01836926 -0.00573924 0.00514189 0.00571585 0.00610941 0.00641287 0.00662665 0.00675190 0.00678928 0.00673464 0.00657231 0.00627724 0.00583717 0.00527491 0.00464315 0.00306367 0.00093302 0.00001960 -0.00007576 0.00000295 0.00000836 -0.00000005 0.00086907 -0.00583515 -0.00227371 -0.63194894 55.33894 
0.870 0.01946445 3 -2218045.88 -3651318.65 -5380704.17 2802102.88 2512444.77 1499429.30 285240631.95 0.01332142 0.00837893 -0.00657488 -0.01946445 -0.00648230 0.00598507 0.00666525 0.00713239 0.00749668 0.00775830 0.00791816 0.00797653 0.00792805 0.00775387 0.00742374 0.00692214 0.00627342 0.00553623 0.00367071 0.00112273 0.00000504 -0.00009730 0.00000348 0.00001036 0.00000031 0.00102536 -0.00563082 -0.00209490 -0.62443470 57.31533 
0.900 0.02040125 3 -3083063.02 -4096824.92 -5614754.93 3077038.67 2641795.19 909682.97 250127064.31 0.01366302 0.01027600 -0.00525203 -0.02040125 -0.00698194 0.00703369 0.00781426 0.00834919 0.00876739 0.00906886 0.00925437 0.00932387 0.00927096 0.00907356 0.00869606 0.00811937 0.00736847 0.00650864 0.00432372 0.00133542 -0.00000544 -0.00012250 0.00000400 0.00001268 0.00000069 0.00120173 -0.00551538 -0.00194709 -0.61479095 59.29172 
0.930 0.02130756 3 -4103624.01 -4642983.15 -5843972.86 3328334.87 2784156.40 270840.73 210435082.90 0.01392791 0.01196666 -0.00402102 -0.02130756 -0.00733810 0.00836870 0.00925727 0.00986430 0.01033788 0.01067771 0.01088420 0.01095685 0.01088791 0.01065166 0.01020685 0.00953090 0.00864869 0.00763401 0.00504383 0.00154282 -0.00002616 -0.00014978 0.00000512 0.00001522 0.00000104 0.00141009 -0.00538797 -0.00177668 -0.59818350 61.26811 
0.960 0.02214213 3 -5276141.12 -5309084.82 -6060201.10 3578081.23 2905914.45 -390850.89 167410545.72 0.01408574 0.01355032 -0.00283697 -0.02214213 -0.00755538 0.00996459 0.01096511 0.01164369 0.01216844 0.01253877 0.01275480 0.01281559 0.01271202 0.01241427 0.01187546 0.01107021 0.01002451 0.00882665 0.00579634 0.00174615 -0.00005271 -0.00017951 0.00000640 0.00001805 0.00000145 0.00164204 -0.00522631 -0.00157768 -0.57392568 63.24450 
0.990 0.02290288 3 -6463360.38 -6014301.15 -6224061.31 3825784.82 3011687.47 -1062470.20 123823698.90 0.01425010 0.01511448 -0.00168039 -0.02290288 -0.00773943 0.01156143 0.01266872 0.01341362 0.01398355 0.01437751 0.01459524 0.01463517 0.01448620 0.01411315 0.01346389 0.01251362 0.01129367 0.00990956 0.00645881 0.00191254 -0.00008333 -0.00020846 0.00000792 0.00002090 0.00000187 0.00186284 -0.00504270 -0.00137431 -0.54870732 65.22089 
1.020 0.02360583 3 -7876385.48 -6927949.06 -6358595.28 4006214.94 3067556.66 -1663612.74 79748324.96 0.01438034 0.01653529 -0.00075479 -0.02360583 -0.00779186 0.01339173 0.01461004 0.01541427 0.01601204 0.01640189 0.01658312 0.01655347 0.01629938 0.01578090 0.01494898 0.01379332 0.01236109 0.01077385 0.00691940 0.00197441 -0.00013727 -0.00023412 0.00001029 0.00002342 0.00000211 0.00207520 -0.00486313 -0.00117733 -0.52304721 67.19729 
1.050 0.02422746 3 -9814141.68 -8262667.29 -6451932.78 4131638.32 3080779.51 -2311959.45 26194932.42 0.01441934 0.01780275 0.00006089 -0.02422746 -0.00765259 0.01582092 0.01715659 0.01800691 0.01860651 0.01895412 0.01904953 0.01889095 0.01846444 0.01773334 0.01666217 0.01525395 0.01356808 0.01174018 0.00741187 0.00202729 -0.00019401 -0.00025959 0.00001265 0.00002588 0.00000235 0.00233178 -0.00463886 -0.00093589 -0.48648773 69.17368 
1.080 0.02478202 3 -11949277.52 -9844746.90 -6472938.67 4255145.36 3053052.85 -2939790.17 -26810843.19 0.01441631 0.01899267 0.00078043 -0.02478202 -0.00741366 0.01840619 0.01983485 0.02070064 0.02126662 0.02153251 0.02150355 0.02118435 0.02056993 0.01962872 0.01832988 0.01668103 0.01475330 0.01269668 0.00791421 0.00209871 -0.00023914 -0.00028498 0.00001459 0.00002842 0.00000265 0.00259030 -0.00439543 -0.00068444 -0.44695373 71.15007 
1.110 0.02523945 3 -14143445.60 -11543739.77 -6421634.26 4379819.08 2989513.70 -3547404.35 -78543466.95 0.01440299 0.02008272 0.00140937 -0.02523945 -0.00712061 0.02100261 0.02248462 0.02332901 0.02382801 0.02398779 0.02382192 0.02334524 0.02255894 0.02143186 0.01993092 0.01805928 0.01590007 0.01362212 0.00840154 0.00217011 -0.00028111 -0.00030995 0.00001683 0.00003092 0.00000287 0.00283888 -0.00413972 -0.00043252 -0.40642858 73.12646 
1.140 0.02557563 3 -16050173.56 -12969481.49 -6367978.21 4533080.77 2904869.07 -4150663.70 -129363866.91 0.01432291 0.02107139 0.00196512 -0.02557563 -0.00673591 0.02348709 0.02498284 0.02579287 0.02623123 0.02630686 0.02603617 0.02543774 0.02451447 0.02323370 0.02155794 0.01948304 0.01710397 0.01460630 0.00893169 0.00225831 -0.00031931 -0.00033567 0.00001880 0.00003351 0.00000315 0.00308377 -0.00385977 -0.00017120 -0.36253338 75.10285 
1.170 0.02584728 3 -17486774.68 -13942840.50 -6300308.68 4715398.42 2799994.75 -4759018.68 -179336979.78 0.01422017 0.02213893 0.00252676 -0.02584728 -0.00633072 0.02574441 0.02723242 0.02800698 0.02839649 0.02841081 0.02806701 0.02738446 0.02636497 0.02497263 0.02316331 0.02092383 0.01835852 0.01566477 0.00954355 0.00239011 -0.00034923 -0.00036381 0.00002056 0.00003632 0.00000348 0.00332085 -0.00355657 0.00009688 -0.31775211 77.07924 
1.200 0.02605943 3 -18500836.55 -14505847.60 -6268768.56 4900751.29 2720841.68 -5347813.36 -226035968.73 0.01407675 0.02313853 0.00303459 -0.02605943 -0.00584497 0.02778927 0.02925448 0.02999521 0.03034380 0.03031029 0.02991177 0.02916731 0.02807604 0.02659729 0.02467803 0.02229747 0.01957005 0.01670195 0.01016126 0.00253891 -0.00036632 -0.00038971 0.00002193 0.00003892 0.00000381 0.00354287 -0.00323930 0.00036355 -0.27231519 79.05563 
