0.001 0.00011626 4 62859.10 -621.69 1667.01 3983.76 6775.89 51054.12 5153434.00 0.00000206 -0.00004679 -0.00011626 -0.00003252 0.00000159 0.00004598 0.00005017 0.00004672 0.00004192 0.00003629 0.00003011 0.00002385 0.00001793 0.00001261 0.00000796 0.00000390 0.00000045 -0.00000244 -0.00000458 0.00000052 0.00000993 -0.00000023 -0.00001045 -0.00000159 0.00000175 0.00000316 -0.00003435 -0.00001442 -0.00252024 0.08777 
0.030 0.00165217 5 1877248.43 -14984.60 36257.30 123055.20 204891.97 1528028.57 154177873.88 -0.00040958 -0.00158224 -0.00089752 -0.00059100 -0.00035402 -0.00037913 -0.00036989 -0.00035107 -0.00031977 -0.00027820 -0.00022999 -0.00018017 -0.00013333 -0.00009233 -0.00005869 -0.00003289 -0.00001463 -0.00000297 0.00000695 0.00000526 0.00000241 -0.00000320 -0.00000683 -0.00000318 -0.00000172 -0.00001954 -0.00063903 -0.00030994 -0.04279318 2.63308 
0.060 0.00315903 5 3724011.12 -8500.70 56727.99 274547.72 417686.34 2983549.77 303712584.07 -0.00080275 -0.00308499 -0.00166737 -0.00114750 -0.00070927 -0.00094310 -0.00094730 -0.00092151 -0.00086812 -0.00078972 -0.00069069 -0.00057731 -0.00045772 -0.00034194 -0.00023851 -0.00015229 -0.00008535 -0.00003720 0.00001515 0.00001875 0.00000011 -0.00000450 -0.00000290 -0.00000309 -0.00000326 -0.00005830 -0.00123818 -0.00061140 -0.08473042 5.26616 
0.090 0.00475958 5 5484340.13 2341.73 31380.75 366016.39 603389.81 4481211.45 450374514.66 -0.00126610 -0.00468289 -0.00246254 -0.00169770 -0.00105609 -0.00151904 -0.00154457 -0.00152099 -0.00145666 -0.00135346 -0.00121596 -0.00105109 -0.00086872 -0.00068048 -0.00049913 -0.00033753 -0.00020573 -0.00010620 0.00001334 0.00003661 0.00000095 -0.00000514 0.00000092 -0.00000261 -0.00000419 -0.00010379 -0.00185568 -0.00092504 -0.12749518 7.89924 
0.120 0.00650374 5 7108409.52 -4093.66 -60183.13 373505.30 752525.39 6046655.62 593769673.03 -0.00184346 -0.00642469 -0.00330099 -0.00224454 -0.00138631 -0.00211149 -0.00215943 -0.00214308 -0.00207674 -0.00196116 -0.00179909 -0.00159515 -0.00135825 -0.00110224 -0.00084400 -0.00060085 -0.00038994 -0.00022320 -0.00000637 0.00005779 0.00000554 -0.00000489 0.00000455 -0.00000187 -0.00000472 -0.00015626 -0.00250319 -0.00125645 -0.17128575 10.53232 
0.150 0.00832756 5 8511329.57 33990.88 -135406.29 212419.04 828888.99 7571436.94 720125789.87 -0.00249017 -0.00822963 -0.00415908 -0.00271303 -0.00166395 -0.00279162 -0.00287013 -0.00287009 -0.00281378 -0.00270085 -0.00253167 -0.00230745 -0.00203290 -0.00171910 -0.00138366 -0.00104896 -0.00073951 -0.00047523 -0.00008758 0.00008068 0.00001823 -0.00000288 0.00000756 -0.00000088 -0.00000469 -0.00022840 -0.00313481 -0.00159085 -0.21441614 13.16540 
0.180 0.01007014 5 9401560.03 346307.79 42613.69 -291042.01 801114.28 8502566.28 777964053.40 -0.00253493 -0.00970191 -0.00571094 -0.00289758 -0.00176258 -0.00352548 -0.00364996 -0.00367767 -0.00364076 -0.00353834 -0.00336963 -0.00313410 -0.00283331 -0.00247417 -0.00207211 -0.00165110 -0.00124046 -0.00086791 -0.00024886 0.00009617 0.00003920 0.00000123 0.00000894 0.00000009 -0.00000389 -0.00031723 -0.00368010 -0.00189367 -0.26096141 15.79848 
0.210 0.01094229 5 9706706.73 503306.72 167762.33 -438967.99 609970.62 8864635.05 791860226.52 -0.00230052 -0.01047423 -0.00674498 -0.00290911 -0.00176348 -0.00396813 -0.00412410 -0.00417164 -0.00415008 -0.00405836 -0.00389530 -0.00365974 -0.00335193 -0.00297616 -0.00254468 -0.00208010 -0.00161230 -0.00117320 -0.00038904 0.00010571 0.00005733 0.00000459 0.00000897 0.00000047 -0.00000321 -0.00037639 -0.00394351 -0.00204857 -0.28757779 18.43157 
0.240 0.01018335 5 8234857.22 313811.24 -165792.97 -741189.50 740115.44 8087913.00 707557580.70 -0.00125245 -0.00967472 -0.00744998 -0.00266668 -0.00145043 -0.00330342 -0.00343351 -0.00347865 -0.00347031 -0.00340724 -0.00328784 -0.00311032 -0.00287347 -0.00257826 -0.00223086 -0.00184553 -0.00144430 -0.00105486 -0.00033229 0.00011951 0.00005620 0.00000277 0.00000836 0.00000004 -0.00000364 -0.00031960 -0.00371644 -0.00191196 -0.27936331 21.06465 
0.270 0.01003135 5 12941739.05 1186303.57 1348869.77 801378.56 745927.31 8859259.82 904149528.83 -0.00356331 -0.00983468 -0.00474962 -0.00315905 -0.00233753 -0.00582608 -0.00605367 -0.00609108 -0.00600043 -0.00578494 -0.00545123 -0.00500840 -0.00447129 -0.00386216 -0.00321009 -0.00254881 -0.00191291 -0.00133563 -0.00035361 0.00020260 0.00008056 0.00000086 0.00000964 0.00000055 -0.00000382 -0.00050572 -0.00391220 -0.00210260 -0.28900180 23.69773 
0.300 0.01110091 4 8748199.85 323207.42 388146.28 -240568.37 2008493.61 6268920.92 684764096.18 0.00297213 -0.00867247 -0.01110091 -0.00396810 -0.00184407 -0.00485527 -0.00505818 -0.00512339 -0.00510310 -0.00499657 -0.00480312 -0.00452222 -0.00415500 -0.00370720 -0.00319299 -0.00263652 -0.00206869 -0.00152384 -0.00050453 0.00017807 0.00010348 0.00000869 0.00000457 0.00000104 -0.00000092 -0.00046414 -0.00432419 -0.00227364 -0.40574539 26.33081 
0.330 0.01318748 4 8800870.15 -586087.50 1075232.46 63952.00 1809571.40 6438201.78 720841516.92 0.00414848 -0.01046784 -0.01318748 -0.00456313 -0.00200614 -0.00468621 -0.00486121 -0.00491190 -0.00488414 -0.00477716 -0.00459008 -0.00432204 -0.00397358 -0.00354927 -0.00306158 -0.00253270 -0.00199122 -0.00147061 -0.00049675 0.00015851 0.00009348 0.00000811 0.00000609 0.00000091 -0.00000159 -0.00044599 -0.00495864 -0.00256141 -0.46044993 28.96389 
0.360 0.01392983 4 -10254990.91 25899.94 -55987.56 -1746604.70 -1774565.47 -6703733.13 -799664653.10 -0.00426672 0.01240866 0.01386155 0.00590660 0.00184541 0.00597345 0.00633719 0.00651631 0.00659690 0.00657793 0.00645821 0.00623649 0.00591203 0.00548598 0.00496494 0.00436607 0.00371562 0.00304819 0.00156567 0.00012196 -0.00013297 -0.00004226 -0.00000588 0.00000099 -0.00000015 0.00070178 0.00555159 0.00297526 0.52677134 31.59697 
0.390 0.01722787 4 -9612643.56 72144.91 206741.12 -1517044.42 -1706767.73 -6667717.44 -771413512.56 -0.00681749 0.01520037 0.01714024 0.00822873 0.00181880 0.00538291 0.00577399 0.00598768 0.00611250 0.00614722 0.00609029 0.00593992 0.00569442 0.00535282 0.00491673 0.00439436 0.00380269 0.00317144 0.00168853 0.00015067 -0.00014728 -0.00004800 -0.00000462 0.00000165 -0.00000027 0.00067940 0.00669789 0.00350073 0.63532928 34.23005 
0.420 0.02049878 4 -9147587.54 187300.41 219750.69 -1234993.12 -1725877.84 -6593767.68 -750907722.56 -0.00905093 0.01864785 0.02036779 0.00973620 0.00188102 0.00513414 0.00553167 0.00575980 0.00590659 0.00597074 0.00595054 0.00584399 0.00564893 0.00536344 0.00498681 0.00452187 0.00397776 0.00337690 0.00187758 0.00020169 -0.00017188 -0.00005911 -0.00000303 0.00000272 -0.00000038 0.00068208 0.00776863 0.00400409 0.73081015 36.86313 
0.450 0.02331566 4 -8755862.17 325796.16 227420.24 -1094786.42 -1768930.22 -6445361.93 -733300372.75 -0.01119126 0.02135715 0.02314872 0.01146873 0.00197085 0.00479188 0.00519723 0.00544003 0.00560817 0.00570030 0.00571460 0.00564892 0.00550084 0.00526783 0.00494786 0.00454104 0.00405203 0.00349617 0.00202406 0.00024773 -0.00019411 -0.00006910 -0.00000157 0.00000367 -0.00000054 0.00067161 0.00875544 0.00446112 0.82214410 39.49621 
0.480 0.02553787 4 -8712882.85 239936.52 224258.70 -1126715.99 -1838227.17 -6212134.92 -720050731.67 -0.01311943 0.02316690 0.02534897 0.01327557 0.00198852 0.00470888 0.00515568 0.00543166 0.00563180 0.00575466 0.00579838 0.00576073 0.00563919 0.00543096 0.00513347 0.00474603 0.00427185 0.00372362 0.00221827 0.00030329 -0.00022061 -0.00008249 0.00000005 0.00000493 -0.00000067 0.00069305 0.00956946 0.00485411 0.90587848 42.12929 
