0.001 0.00010500 4 41935.27 2306.82 4081.28 1664.00 2982.02 30901.15 3098838.75 0.00000626 -0.00002601 -0.00010500 -0.00002389 0.00000632 0.00004819 0.00005211 0.00004835 0.00004326 0.00003737 0.00003097 0.00002451 0.00001843 0.00001298 0.00000823 0.00000408 0.00000057 -0.00000236 -0.00000453 0.00000064 0.00001020 -0.00000006 -0.00001041 -0.00000149 0.00000185 0.00000328 -0.00002603 -0.00001046 -0.00196842 0.11134 
0.030 0.00135007 5 -1581570.36 -27978.08 -41866.54 -70525.61 -156322.13 -1284878.00 -127181499.57 0.00039027 0.00135007 0.00058543 0.00045681 0.00031525 0.00043310 0.00043360 0.00041114 0.00037442 0.00032653 0.00027151 0.00021450 0.00016011 0.00011168 0.00007109 0.00003899 0.00001514 -0.00000148 -0.00001537 -0.00000652 0.00000797 -0.00000084 -0.00001080 -0.00000292 0.00000019 0.00002327 0.00050792 0.00025046 0.03327712 3.34006 
0.060 0.00259665 5 -3159607.01 -52199.32 -113489.29 -183808.91 -321344.78 -2488764.71 -251160323.07 0.00072149 0.00259665 0.00121577 0.00090915 0.00061444 0.00090361 0.00091075 0.00087792 0.00081744 0.00073306 0.00063035 0.00051679 0.00040147 0.00029336 0.00019882 0.00012122 0.00006160 0.00001881 -0.00002386 -0.00001716 0.00000634 -0.00000024 -0.00001074 -0.00000332 -0.00000050 0.00005306 0.00100310 0.00049842 0.06763706 6.68013 
0.090 0.00380834 5 -4748119.42 -104340.60 -201336.31 -302514.98 -483536.27 -3656391.26 -372639341.13 0.00103863 0.00380834 0.00182665 0.00134886 0.00091295 0.00143699 0.00145482 0.00141356 0.00133046 0.00121056 0.00106126 0.00089244 0.00071533 0.00054207 0.00038397 0.00024915 0.00014192 0.00006232 -0.00002620 -0.00003064 0.00000387 0.00000050 -0.00001084 -0.00000346 -0.00000073 0.00008998 0.00148733 0.00074503 0.10217925 10.02019 
0.120 0.00500156 5 -6315027.49 -157141.62 -309941.77 -426065.32 -639512.80 -4782365.98 -490973702.55 0.00136388 0.00500156 0.00242294 0.00178021 0.00121487 0.00200252 0.00203280 0.00198438 0.00187974 0.00172473 0.00152857 0.00130381 0.00106483 0.00082643 0.00060288 0.00040637 0.00024575 0.00012340 -0.00002219 -0.00004537 0.00000057 0.00000116 -0.00001107 -0.00000352 -0.00000076 0.00013085 0.00196762 0.00099188 0.13682984 13.36025 
0.150 0.00622943 5 -7823698.48 -189676.95 -404095.53 -539961.59 -782388.94 -5907575.48 -607315428.32 0.00173729 0.00622943 0.00302661 0.00220717 0.00151349 0.00264213 0.00269431 0.00264763 0.00253096 0.00234971 0.00211335 0.00183495 0.00153118 0.00122016 0.00091927 0.00064537 0.00041354 0.00023105 -0.00000257 -0.00006411 -0.00000533 0.00000156 -0.00001137 -0.00000355 -0.00000070 0.00018315 0.00245775 0.00124943 0.17274495 16.70031 
0.180 0.00744946 5 -9316104.07 -213556.62 -553068.41 -644280.60 -924571.20 -6980627.24 -720272206.65 0.00210671 0.00744946 0.00363930 0.00261885 0.00181390 0.00340710 0.00349209 0.00345575 0.00333511 0.00313484 0.00286369 0.00253404 0.00216338 0.00177330 0.00138558 0.00102052 0.00069743 0.00043084 0.00005664 -0.00008557 -0.00001625 0.00000109 -0.00001159 -0.00000352 -0.00000061 0.00025362 0.00294777 0.00151658 0.21066005 20.04038 
0.210 0.00860707 5 -10406657.67 -350877.55 -876864.25 -532473.51 -1041534.49 -7604907.88 -786843807.50 0.00203126 0.00860707 0.00485505 0.00279950 0.00199506 0.00417203 0.00428522 0.00425799 0.00413420 0.00391779 0.00361672 0.00324258 0.00281272 0.00235009 0.00188009 0.00142732 0.00101500 0.00066277 0.00013534 -0.00010484 -0.00002953 -0.00000008 -0.00001122 -0.00000339 -0.00000063 0.00032637 0.00340709 0.00177054 0.25157896 23.38044 
0.240 0.00989347 5 -10979660.93 -301823.44 -988967.47 -652244.47 -915979.08 -8120646.46 -832082459.29 0.00152894 0.00989347 0.00661403 0.00300629 0.00211596 0.00478925 0.00492689 0.00491347 0.00479833 0.00458386 0.00427577 0.00388303 0.00342065 0.00291063 0.00237965 0.00185594 0.00136711 0.00093632 0.00024763 -0.00011586 -0.00004475 -0.00000245 -0.00001072 -0.00000322 -0.00000072 0.00039414 0.00392081 0.00204736 0.30075161 26.72050 
0.270 0.01116688 5 -10974198.77 -302142.41 -919563.50 -555834.27 -1013286.09 -8183372.49 -837232997.91 0.00046972 0.01116688 0.00900250 0.00314747 0.00210926 0.00525858 0.00542116 0.00542955 0.00533702 0.00514437 0.00485420 0.00447121 0.00400558 0.00347553 0.00290667 0.00232958 0.00177608 0.00127321 0.00041009 -0.00011482 -0.00006295 -0.00000655 -0.00000993 -0.00000296 -0.00000090 0.00045950 0.00443425 0.00232277 0.35609006 30.06056 
0.300 0.01437502 5 -7065642.54 791298.00 734558.29 49723.02 -1023218.31 -7618003.54 -704353500.05 -0.00216944 0.01437502 0.01355251 0.00370927 0.00147003 0.00296320 0.00304985 0.00307403 0.00306737 0.00302890 0.00295702 0.00284953 0.00270390 0.00251774 0.00229001 0.00202247 0.00172158 0.00140206 0.00067725 0.00001507 -0.00006185 -0.00001610 -0.00000609 0.00000005 0.00000031 0.00032173 0.00521436 0.00261528 0.41704717 33.40063 
0.330 0.01826433 5 -8000137.02 -95529.08 89083.08 351646.50 -572081.79 -7773255.72 -690926426.77 -0.00378934 0.01826433 0.01596963 0.00397328 0.00131942 0.00431038 0.00452418 0.00462265 0.00466025 0.00463590 0.00454807 0.00439478 0.00417393 0.00388426 0.00352769 0.00311259 0.00265427 0.00217605 0.00109338 0.00005564 -0.00009716 -0.00002682 -0.00000465 0.00000165 0.00000109 0.00049532 0.00589412 0.00302615 0.48416404 36.74069 
0.360 0.02210326 5 -7785840.68 -78329.19 413369.21 465107.68 -752769.55 -7833218.85 -693023978.69 -0.00581411 0.02210326 0.01937796 0.00530385 0.00129335 0.00405755 0.00428984 0.00441101 0.00447705 0.00448682 0.00443861 0.00433018 0.00415881 0.00392201 0.00361932 0.00325474 0.00283774 0.00238697 0.00129740 0.00014101 -0.00009815 -0.00003502 -0.00000441 0.00000197 0.00000081 0.00050329 0.00699150 0.00354481 0.57697098 40.08075 
0.390 0.02358436 5 -6765473.89 343539.12 580646.30 607105.70 -846127.89 -7450637.13 -653305176.64 -0.00842121 0.02358436 0.02187047 0.00802166 0.00125061 0.00295611 0.00319823 0.00334920 0.00346384 0.00354087 0.00357834 0.00357355 0.00352283 0.00342164 0.00326604 0.00305475 0.00278948 0.00247529 0.00156021 0.00032266 -0.00008140 -0.00004781 -0.00000377 0.00000292 0.00000060 0.00044911 0.00793426 0.00395797 0.67467683 43.42082 
0.420 0.02413396 5 -3413300.28 705122.29 2255836.16 1636194.57 -410993.66 -7599459.64 -528478781.84 -0.00838624 0.02413396 0.02209529 0.00785014 0.00102718 -0.00035802 -0.00037652 -0.00037210 -0.00034252 -0.00028906 -0.00021396 -0.00012047 -0.00001348 0.00009995 0.00021208 0.00031785 0.00041646 0.00050786 0.00064087 0.00038755 0.00002183 -0.00003432 -0.00000614 0.00000158 0.00000062 0.00003766 0.00785837 0.00370383 0.61999598 46.76088 
0.450 0.02523370 5 9444681.56 221186.76 755022.13 275464.85 501462.10 7691545.72 738140473.94 0.01113247 -0.02353363 -0.02472967 -0.01248403 -0.00145948 -0.00407005 -0.00448919 -0.00474921 -0.00493674 -0.00505050 -0.00508880 -0.00504983 -0.00493247 -0.00473711 -0.00446509 -0.00411621 -0.00368895 -0.00319115 -0.00182182 -0.00017661 0.00017885 0.00005578 0.00000300 -0.00000512 -0.00000364 -0.00059888 -0.00934904 -0.00470075 -0.85032214 50.10094 
0.480 0.02283367 4 6191933.21 151940.04 397599.16 -1236577.32 -160218.28 7039189.62 543515040.12 0.01268299 -0.01834983 -0.02283367 -0.01669464 -0.00150593 -0.00101178 -0.00133560 -0.00156826 -0.00177183 -0.00194498 -0.00208595 -0.00219262 -0.00226306 -0.00229670 -0.00229491 -0.00225684 -0.00217519 -0.00204003 -0.00142214 -0.00030030 0.00011015 0.00005267 0.00000164 -0.00000554 -0.00000361 -0.00029695 -0.00928487 -0.00451028 -0.87204197 53.44100 
0.510 0.02408019 4 3882841.90 -1441042.43 -1253097.38 -559254.61 1151408.98 5984827.34 528539559.23 0.01828862 -0.01659635 -0.02408019 -0.01994664 -0.00566211 -0.00126782 -0.00121220 -0.00117487 -0.00115061 -0.00113811 -0.00113528 -0.00113944 -0.00114812 -0.00116636 -0.00120544 -0.00125953 -0.00130430 -0.00131264 -0.00109872 -0.00036429 0.00011286 0.00007361 -0.00000032 -0.00000710 -0.00000298 -0.00019004 -0.01081063 -0.00516872 -1.07734533 56.78107 
0.540 0.02672441 3 10955175.21 671303.44 -64751.73 3709905.15 2329069.39 4309648.97 733758343.47 0.02291258 -0.00174889 -0.01742395 -0.02666584 -0.01054943 -0.01053106 -0.01092870 -0.01109656 -0.01112766 -0.01102125 -0.01077640 -0.01039208 -0.00987115 -0.00923853 -0.00853074 -0.00775763 -0.00690696 -0.00597841 -0.00349579 -0.00045896 0.00036553 0.00013959 -0.00000527 -0.00001228 -0.00000314 -0.00123893 -0.01091759 -0.00577606 -1.36782641 60.12113 
0.570 0.02869126 3 11724722.79 833125.95 576865.91 3924126.70 2400023.02 3990581.20 742633347.97 0.02524443 0.00344742 -0.01438068 -0.02852380 -0.01414979 -0.01341775 -0.01369741 -0.01373782 -0.01361742 -0.01333687 -0.01289753 -0.01230150 -0.01156180 -0.01072529 -0.00983970 -0.00889967 -0.00789726 -0.00683561 -0.00406429 -0.00064773 0.00038038 0.00016811 -0.00000697 -0.00001556 -0.00000392 -0.00147775 -0.01119769 -0.00603423 -1.48598772 63.46119 
0.600 0.03065630 3 11784856.83 693584.28 256132.32 4316664.59 2488796.70 4029678.93 762970511.61 0.02603152 0.00561868 -0.01332683 -0.03042459 -0.01545506 -0.01381425 -0.01405260 -0.01406509 -0.01392395 -0.01363008 -0.01318506 -0.01259143 -0.01186586 -0.01105991 -0.01021358 -0.00931025 -0.00833608 -0.00729040 -0.00448814 -0.00086471 0.00036691 0.00018839 -0.00000742 -0.00001817 -0.00000495 -0.00154311 -0.01157629 -0.00624642 -1.55332514 66.80125 
0.630 0.03204208 3 6363049.73 -1771335.09 303623.04 3464637.69 2243628.89 2122495.18 533050442.37 0.03000829 0.00477991 -0.01581112 -0.03188649 -0.01600350 -0.01026611 -0.01019931 -0.01006550 -0.00986731 -0.00960446 -0.00927649 -0.00888285 -0.00843858 -0.00798869 -0.00755349 -0.00709036 -0.00655673 -0.00592122 -0.00385942 -0.00081074 0.00032793 0.00017150 -0.00001109 -0.00001830 -0.00000457 -0.00114891 -0.01212942 -0.00629631 -1.60116058 70.14132 
0.660 0.03482707 3 5249639.58 -2541135.63 -282041.79 3846047.66 2311469.54 1915299.80 520806542.58 0.03163451 0.00440492 -0.01725688 -0.03464658 -0.01612053 -0.00828973 -0.00812521 -0.00793970 -0.00771417 -0.00744828 -0.00714228 -0.00679464 -0.00643052 -0.00610924 -0.00583522 -0.00555749 -0.00522819 -0.00480414 -0.00317355 -0.00061229 0.00030978 0.00014371 -0.00000997 -0.00001529 -0.00000373 -0.00089947 -0.01292630 -0.00653737 -1.66325256 73.48138 
0.690 0.03690843 3 4663563.70 -2955636.09 -512275.84 3814839.07 2141755.52 2174881.05 521632865.99 0.03353926 0.00278680 -0.01888751 -0.03663000 -0.01673652 -0.00745728 -0.00721050 -0.00697437 -0.00671187 -0.00642268 -0.00610613 -0.00576305 -0.00542793 -0.00516565 -0.00496708 -0.00480304 -0.00460509 -0.00429487 -0.00290326 -0.00055788 0.00030369 0.00013666 -0.00000973 -0.00001434 -0.00000325 -0.00078364 -0.01382916 -0.00689907 -1.74200798 76.82144 
0.720 0.03602892 3 4051340.04 -3179524.41 -731937.68 3795976.92 2214733.38 1952091.83 499476855.82 0.03216625 0.00571653 -0.01652036 -0.03569856 -0.01659167 -0.00683717 -0.00652957 -0.00625363 -0.00595922 -0.00564612 -0.00531550 -0.00496605 -0.00463934 -0.00440984 -0.00427260 -0.00419936 -0.00409662 -0.00386605 -0.00263513 -0.00045920 0.00032091 0.00013233 -0.00001031 -0.00001364 -0.00000273 -0.00068826 -0.01297084 -0.00644604 -1.66215544 80.16150 
0.750 0.03391032 3 3659250.59 -3059613.82 -1145918.31 3900255.70 2237389.89 1727137.13 474634683.26 0.03019403 0.00920290 -0.01338424 -0.03355001 -0.01660379 -0.00712123 -0.00679187 -0.00650256 -0.00619649 -0.00587338 -0.00553228 -0.00517348 -0.00482158 -0.00454018 -0.00434897 -0.00420186 -0.00403680 -0.00378523 -0.00256950 -0.00043287 0.00032794 0.00013173 -0.00001058 -0.00001322 -0.00000223 -0.00070044 -0.01175223 -0.00588126 -1.55822341 83.50157 
0.780 0.03418350 3 -10072840.07 -822478.14 -383769.05 -3321731.62 -2061484.25 -3483377.01 -636848912.86 -0.03838523 -0.01243688 0.00936462 0.03418350 0.02858160 0.02493918 0.02463633 0.02418602 0.02356781 0.02278388 0.02183555 0.02072877 0.01943372 0.01788508 0.01608797 0.01409908 0.01203907 0.01006532 0.00597835 0.00141031 -0.00022478 -0.00018690 0.00000542 0.00001593 0.00000143 0.00247928 0.01393743 0.00785059 2.05823607 86.84163 
0.810 0.03794452 3 -11450491.68 -2626167.31 139043.39 -3421869.02 -2471781.93 -3069716.80 -622740157.88 -0.04239279 -0.01392754 0.01049334 0.03794452 0.03099080 0.02727581 0.02696882 0.02646243 0.02574750 0.02483026 0.02371589 0.02239477 0.02086777 0.01909523 0.01707218 0.01484425 0.01257178 0.01044229 0.00616463 0.00145462 -0.00021656 -0.00018918 0.00000621 0.00001597 0.00000087 0.00265993 0.01526426 0.00856854 2.25477621 90.18169 
0.840 0.03856037 3 -12465792.42 -1879342.84 -1402303.75 -3357324.31 -2552505.71 -3274315.80 -688975460.23 -0.04252770 -0.01472880 0.00984431 0.03856037 0.03224671 0.02786269 0.02743739 0.02682696 0.02601218 0.02499905 0.02379501 0.02239876 0.02079408 0.01901979 0.01705352 0.01493756 0.01276912 0.01069091 0.00639352 0.00159416 -0.00018927 -0.00019623 0.00000608 0.00001664 0.00000105 0.00269178 0.01560512 0.00874525 2.29680363 93.52176 
0.870 0.03785648 3 -12014911.27 -561899.31 -1987758.46 -3435828.63 -2426272.38 -3603152.48 -728272503.25 -0.04100345 -0.01571933 0.00833260 0.03785648 0.03229537 0.02740560 0.02691981 0.02628596 0.02547134 0.02447941 0.02331533 0.02197885 0.02045218 0.01874264 0.01686717 0.01485897 0.01278576 0.01075772 0.00648568 0.00170463 -0.00013909 -0.00019030 0.00000392 0.00001617 0.00000152 0.00266472 0.01523294 0.00855640 2.25051103 96.86182 
0.900 0.03840296 3 3240365.95 -2110227.52 -2625783.26 4731275.84 2310928.48 934172.41 411343522.85 0.03481329 0.01660624 -0.00895602 -0.03777806 -0.02219318 -0.01043123 -0.00993298 -0.00949859 -0.00903800 -0.00855151 -0.00803923 -0.00751025 -0.00699784 -0.00654248 -0.00614471 -0.00577750 -0.00542382 -0.00502921 -0.00356578 -0.00086052 0.00035102 0.00018730 -0.00001461 -0.00001852 -0.00000246 -0.00101206 -0.01248525 -0.00639042 -1.76868022 100.20188 
0.930 0.04241748 3 3228049.59 -2052038.57 -2876133.27 4611588.96 2452890.75 1091741.72 421174259.50 0.03803220 0.01780080 -0.01093395 -0.04166774 -0.02382090 -0.01062347 -0.01007208 -0.00959893 -0.00910391 -0.00858734 -0.00804879 -0.00750003 -0.00698838 -0.00656547 -0.00620725 -0.00588519 -0.00557001 -0.00521057 -0.00379629 -0.00102728 0.00033722 0.00020514 -0.00001501 -0.00002038 -0.00000288 -0.00103571 -0.01385258 -0.00704396 -1.94136883 103.54194 
0.960 0.04305757 3 3198924.95 -1929572.87 -3034449.00 4503317.72 2541020.31 1118608.78 419415093.45 0.03808566 0.02147292 -0.00950746 -0.04234753 -0.02441752 -0.01090267 -0.01033689 -0.00985120 -0.00934262 -0.00881186 -0.00825838 -0.00769946 -0.00719218 -0.00677454 -0.00641582 -0.00609517 -0.00579530 -0.00545966 -0.00407987 -0.00123464 0.00029756 0.00021676 -0.00001470 -0.00002161 -0.00000322 -0.00108208 -0.01358912 -0.00694509 -1.95193506 106.88201 
