0.001 0.00011531 4 72596.05 33.91 6619.10 9157.42 8045.90 48739.73 5471269.62 0.00000268 -0.00004402 -0.00011531 -0.00003371 -0.00000029 0.00004222 0.00004646 0.00004324 0.00003878 0.00003358 0.00002788 0.00002210 0.00001664 0.00001173 0.00000740 0.00000360 0.00000033 -0.00000243 -0.00000447 0.00000059 0.00000995 -0.00000023 -0.00001044 -0.00000159 0.00000175 0.00000298 -0.00003479 -0.00001473 -0.00260910 0.06176 
0.030 0.00149933 5 2143336.68 21987.52 212780.54 277983.41 235265.10 1395320.11 158572479.15 -0.00036968 -0.00142946 -0.00083305 -0.00060172 -0.00040177 -0.00049750 -0.00048670 -0.00046017 -0.00041747 -0.00036225 -0.00029941 -0.00023519 -0.00017467 -0.00012141 -0.00007748 -0.00004360 -0.00001941 -0.00000372 0.00000979 0.00000716 0.00000253 -0.00000341 -0.00000695 -0.00000323 -0.00000174 -0.00002555 -0.00062739 -0.00030768 -0.04403030 1.85288 
0.060 0.00289005 5 -3944708.96 -109459.08 -287436.59 -380880.04 -395820.21 -2771113.03 -296726574.00 0.00084894 0.00289005 0.00136444 0.00106945 0.00075389 0.00114890 0.00115414 0.00110841 0.00102571 0.00091209 0.00077599 0.00062847 0.00048138 0.00034611 0.00022992 0.00013622 0.00006547 0.00001567 -0.00003166 -0.00002092 0.00000602 0.00000015 -0.00001032 -0.00000336 -0.00000078 0.00006518 0.00116353 0.00058006 0.07967949 3.70576 
0.090 0.00421209 5 -5754723.37 -167525.08 -431298.74 -553927.79 -576003.24 -4025968.52 -431628619.94 0.00122427 0.00421209 0.00202806 0.00156401 0.00110049 0.00171380 0.00172342 0.00166090 0.00154448 0.00138181 0.00118442 0.00096767 0.00074827 0.00054211 0.00036238 0.00021674 0.00010659 0.00002903 -0.00004596 -0.00003287 0.00000544 0.00000124 -0.00001048 -0.00000340 -0.00000083 0.00009898 0.00170488 0.00085179 0.11753767 5.55865 
0.120 0.00553224 5 -7565296.04 -235947.08 -591136.26 -730121.31 -753461.32 -5254630.07 -564749836.44 0.00160805 0.00553224 0.00268609 0.00205316 0.00145281 0.00239575 0.00241989 0.00234829 0.00220506 0.00199809 0.00174019 0.00144842 0.00114346 0.00084690 0.00057772 0.00035123 0.00017775 0.00005502 -0.00006660 -0.00005228 0.00000403 0.00000276 -0.00001092 -0.00000344 -0.00000069 0.00014442 0.00224868 0.00113085 0.15674266 7.41153 
0.150 0.00679595 5 -9531070.12 -343963.77 -851169.69 -944608.20 -952245.38 -6439083.08 -700754967.75 0.00190686 0.00679595 0.00333272 0.00253941 0.00182756 0.00340657 0.00346907 0.00340284 0.00324286 0.00299705 0.00267831 0.00230380 0.00189556 0.00147990 0.00108318 0.00072836 0.00043442 0.00021189 -0.00004815 -0.00008583 -0.00000505 0.00000375 -0.00001136 -0.00000345 -0.00000046 0.00022713 0.00278719 0.00142722 0.20076797 9.26441 
0.180 0.00774602 5 -11418544.34 -411175.23 -1295646.81 -1505693.20 -972021.95 -7234007.15 -814231702.15 0.00205793 0.00774602 0.00396534 0.00293754 0.00218794 0.00461400 0.00472687 0.00467411 0.00450411 0.00422509 0.00385038 0.00339788 0.00289056 0.00235620 0.00182554 0.00132877 0.00089290 0.00053665 0.00004994 -0.00011982 -0.00002314 0.00000278 -0.00001154 -0.00000331 -0.00000023 0.00033840 0.00325450 0.00170540 0.24550231 11.11729 
0.210 0.00834269 5 13376607.31 882958.86 2014344.68 1703611.95 1338591.06 7437100.76 891380821.81 -0.00163833 -0.00802193 -0.00510175 -0.00326910 -0.00247591 -0.00593105 -0.00611102 -0.00608901 -0.00592350 -0.00562332 -0.00520243 -0.00468006 -0.00408078 -0.00343419 -0.00277334 -0.00213270 -0.00154537 -0.00103780 -0.00024927 0.00014401 0.00004991 -0.00000090 0.00000881 -0.00000028 -0.00000455 -0.00047506 -0.00365793 -0.00196711 -0.29888728 12.97017 
0.240 0.00945093 5 14232881.73 1008564.55 2232155.84 1890510.61 1214345.48 7887305.26 938151772.54 -0.00116862 -0.00899866 -0.00674684 -0.00348379 -0.00260522 -0.00671307 -0.00693223 -0.00692695 -0.00676589 -0.00645782 -0.00601659 -0.00546137 -0.00481667 -0.00411212 -0.00338112 -0.00266021 -0.00198558 -0.00138776 -0.00040353 0.00015112 0.00006821 0.00000284 0.00000925 0.00000027 -0.00000382 -0.00056029 -0.00413265 -0.00223493 -0.34843158 14.82306 
0.270 0.01024924 5 13750514.60 685314.99 2206097.27 1732487.92 1257402.95 7869211.47 929974874.20 -0.00015252 -0.00970418 -0.00866477 -0.00353533 -0.00254709 -0.00699098 -0.00724585 -0.00728222 -0.00717186 -0.00691863 -0.00653075 -0.00602087 -0.00540771 -0.00471654 -0.00397818 -0.00322831 -0.00250451 -0.00184170 -0.00066092 0.00012483 0.00009086 0.00001026 0.00000845 0.00000020 -0.00000301 -0.00062789 -0.00446267 -0.00242554 -0.39139872 16.67594 
0.300 0.01348389 5 -8150834.98 15811.08 149340.74 98050.17 -586326.89 -7827710.09 -707991565.42 -0.00128735 0.01348389 0.01204439 0.00277289 0.00141609 0.00396204 0.00410791 0.00415229 0.00413915 0.00406759 0.00393632 0.00374377 0.00348845 0.00316998 0.00279160 0.00236431 0.00190804 0.00145250 0.00055232 -0.00010627 -0.00008129 -0.00000980 -0.00000727 -0.00000065 0.00000093 0.00039549 0.00470964 0.00241786 0.37602802 18.52882 
0.330 0.01717084 5 -7731327.15 -43610.99 358197.39 582008.33 -430107.16 -8197814.72 -696885479.48 -0.00287659 0.01717084 0.01485896 0.00413489 0.00130209 0.00350151 0.00366862 0.00374184 0.00376552 0.00373857 0.00365942 0.00352607 0.00333634 0.00308837 0.00278225 0.00242252 0.00202028 0.00159824 0.00068265 -0.00008139 -0.00009526 -0.00001516 -0.00000676 -0.00000018 0.00000098 0.00038163 0.00570108 0.00287526 0.45331506 20.38170 
0.360 0.01961255 5 -6782550.21 42413.77 783051.98 863550.09 -291204.26 -8180361.78 -657344173.92 -0.00397511 0.01961255 0.01676398 0.00463356 0.00112684 0.00277915 0.00292121 0.00299276 0.00303173 0.00303690 0.00300637 0.00293766 0.00282765 0.00267291 0.00247070 0.00222043 0.00192448 0.00159256 0.00077225 -0.00003897 -0.00010465 -0.00002081 -0.00000570 0.00000084 0.00000138 0.00033074 0.00622302 0.00309290 0.48848258 22.23458 
0.390 0.02150602 5 -6009254.16 180257.31 996861.29 996734.18 -155498.85 -8027608.09 -620594706.55 -0.00468337 0.02150602 0.01822780 0.00472269 0.00101894 0.00216520 0.00226249 0.00231214 0.00234299 0.00235382 0.00234264 0.00230667 0.00224215 0.00214450 0.00200964 0.00183577 0.00162360 0.00137730 0.00071096 -0.00001778 -0.00009371 -0.00001952 -0.00000526 0.00000128 0.00000173 0.00026669 0.00657885 0.00322569 0.50704286 24.08747 
