0.001 0.00011167 4 65531.26 472.10 6584.27 9173.87 7547.58 41753.44 4832960.31 0.00000527 -0.00003652 -0.00011167 -0.00003132 0.00000122 0.00004336 0.00004755 0.00004423 0.00003965 0.00003431 0.00002846 0.00002254 0.00001695 0.00001193 0.00000752 0.00000365 0.00000034 -0.00000245 -0.00000451 0.00000058 0.00000995 -0.00000023 -0.00001045 -0.00000159 0.00000175 0.00000303 -0.00003197 -0.00001338 -0.00243739 0.10882 
0.030 0.00131972 5 2068440.61 64875.10 237846.20 297675.07 234207.05 1233837.18 146438921.81 -0.00029441 -0.00125052 -0.00075059 -0.00055536 -0.00037863 -0.00050548 -0.00049522 -0.00046835 -0.00042483 -0.00036842 -0.00030419 -0.00023865 -0.00017698 -0.00012278 -0.00007813 -0.00004376 -0.00001926 -0.00000342 0.00001013 0.00000737 0.00000277 -0.00000331 -0.00000698 -0.00000316 -0.00000166 -0.00002592 -0.00056676 -0.00027945 -0.04084492 3.26465 
0.060 0.00248594 5 4043862.94 191413.04 511993.55 529880.68 425387.31 2385188.36 280443699.24 -0.00059005 -0.00241397 -0.00134633 -0.00101827 -0.00073545 -0.00120856 -0.00121310 -0.00117197 -0.00109202 -0.00097897 -0.00084103 -0.00068918 -0.00053544 -0.00039171 -0.00026651 -0.00016439 -0.00008677 -0.00003216 0.00002375 0.00002263 0.00000059 -0.00000481 -0.00000335 -0.00000309 -0.00000313 -0.00007095 -0.00106840 -0.00053853 -0.07838833 6.52931 
0.090 0.00359107 5 5847213.13 261939.59 728337.35 767492.71 618337.60 3471105.88 407335534.93 -0.00085936 -0.00351637 -0.00191704 -0.00146957 -0.00107341 -0.00188563 -0.00191087 -0.00186428 -0.00175978 -0.00160428 -0.00140789 -0.00118450 -0.00095034 -0.00072175 -0.00051331 -0.00033578 -0.00019510 -0.00009150 0.00002616 0.00004028 0.00000122 -0.00000563 0.00000001 -0.00000269 -0.00000399 -0.00011962 -0.00154688 -0.00078869 -0.11500962 9.79396 
0.120 0.00469438 5 7550721.49 295839.78 924055.88 993606.42 806088.24 4531131.17 530315229.00 -0.00113816 -0.00461834 -0.00248270 -0.00191609 -0.00140587 -0.00257297 -0.00262007 -0.00257178 -0.00244908 -0.00225890 -0.00201254 -0.00172547 -0.00141643 -0.00110555 -0.00081182 -0.00055190 -0.00033913 -0.00017742 0.00001895 0.00006005 0.00000429 -0.00000588 0.00000306 -0.00000210 -0.00000449 -0.00017257 -0.00202274 -0.00103989 -0.15174642 13.05861 
0.150 0.00578116 5 8917964.96 166643.44 1049598.90 1173453.51 974465.17 5553803.94 643802409.08 -0.00141231 -0.00570385 -0.00303737 -0.00234414 -0.00170599 -0.00322703 -0.00329497 -0.00325146 -0.00312275 -0.00291488 -0.00263814 -0.00230696 -0.00194054 -0.00156132 -0.00119168 -0.00085233 -0.00056105 -0.00032910 -0.00002081 0.00007924 0.00001161 -0.00000503 0.00000563 -0.00000139 -0.00000463 -0.00023071 -0.00247886 -0.00128459 -0.18743419 16.32327 
0.180 0.00686520 5 -639364.98 1477262.04 3173237.44 1050425.04 -422914.79 -5917374.72 -385460739.07 0.00252438 0.00686520 0.00330420 0.00197371 0.00049211 -0.00219352 -0.00230795 -0.00232560 -0.00227285 -0.00215287 -0.00197243 -0.00174049 -0.00147143 -0.00118544 -0.00090394 -0.00064600 -0.00042724 -0.00025360 -0.00002008 0.00006388 0.00002590 -0.00000306 -0.00001124 -0.00000315 -0.00000074 -0.00016871 0.00219527 0.00093947 0.09842992 19.58792 
0.210 0.00835011 5 -815118.73 1749325.51 3628351.61 1340515.19 -432891.62 -7100419.43 -458522892.84 0.00312946 0.00835011 0.00399577 0.00234717 0.00061751 -0.00267312 -0.00281873 -0.00284670 -0.00279052 -0.00265355 -0.00244338 -0.00217011 -0.00184863 -0.00150000 -0.00114982 -0.00082320 -0.00054205 -0.00032004 -0.00002329 0.00008133 0.00003105 -0.00000350 -0.00001175 -0.00000310 -0.00000062 -0.00020921 0.00266574 0.00113850 0.11824331 22.85257 
0.240 0.00980302 5 -1653803.82 1818504.44 3596639.84 1573689.14 -430801.09 -8211836.16 -542880948.28 0.00365241 0.00980302 0.00465816 0.00269911 0.00084277 -0.00280105 -0.00298266 -0.00304289 -0.00301882 -0.00291204 -0.00272686 -0.00246830 -0.00214633 -0.00177842 -0.00138897 -0.00100771 -0.00066447 -0.00038250 -0.00001104 0.00010504 0.00003522 -0.00000477 -0.00001192 -0.00000292 -0.00000053 -0.00023308 0.00315046 0.00135304 0.14225823 26.11723 
0.270 0.01093233 5 -2916472.63 1726478.84 2987954.67 1617725.51 -442534.46 -8806097.19 -611607175.28 0.00400418 0.01093233 0.00544349 0.00286911 0.00109676 -0.00229280 -0.00248467 -0.00257311 -0.00259124 -0.00254016 -0.00242217 -0.00224045 -0.00199947 -0.00170678 -0.00137767 -0.00103497 -0.00070384 -0.00041226 -0.00000007 0.00010853 0.00002904 -0.00000648 -0.00001149 -0.00000270 -0.00000055 -0.00020921 0.00358774 0.00157071 0.17147393 29.38188 
0.300 0.01415603 5 -8208989.37 -189630.21 -115738.43 119674.86 -328893.61 -7694401.97 -685434573.94 -0.00215387 0.01415603 0.01284150 0.00377310 0.00129322 0.00446031 0.00471148 0.00483884 0.00490224 0.00490045 0.00483182 0.00469420 0.00448511 0.00420226 0.00384552 0.00342029 0.00293950 0.00242789 0.00124685 0.00007435 -0.00011659 -0.00003359 -0.00000550 0.00000213 0.00000190 0.00053293 0.00503719 0.00264442 0.42458890 32.64653 
0.330 0.01795331 5 -7860461.49 -341234.41 241118.27 435438.05 -289750.82 -7906032.58 -673501286.07 -0.00377212 0.01795331 0.01585145 0.00444827 0.00118946 0.00452812 0.00480585 0.00496297 0.00506251 0.00510310 0.00508281 0.00499915 0.00484881 0.00462750 0.00433130 0.00396009 0.00352012 0.00302792 0.00176243 0.00027035 -0.00012693 -0.00005418 -0.00000389 0.00000416 0.00000199 0.00059958 0.00592194 0.00309458 0.49987382 35.91119 
0.360 0.01973648 5 -7911979.41 -401959.23 245362.63 523573.14 -312484.48 -7966471.48 -675665229.88 -0.00484942 0.01973648 0.01730045 0.00490168 0.00140669 0.00491042 0.00519917 0.00536385 0.00546938 0.00551453 0.00549750 0.00541596 0.00526668 0.00504506 0.00474620 0.00436821 0.00391561 0.00340275 0.00203520 0.00033513 -0.00014982 -0.00006549 -0.00000295 0.00000519 0.00000201 0.00065874 0.00642984 0.00336410 0.55020731 39.17584 
0.390 0.02036801 5 -12802310.88 -1094676.79 -1835785.40 -1401167.80 -1263747.12 -7206933.77 -845045164.46 -0.00799886 0.02036801 0.01969088 0.00722227 0.00239420 0.00912410 0.00964176 0.00988563 0.00997384 0.00990690 0.00968632 0.00931450 0.00879545 0.00813750 0.00735699 0.00648116 0.00554664 0.00459627 0.00244324 0.00019716 -0.00024570 -0.00007662 -0.00000192 0.00000565 0.00000158 0.00105467 0.00754217 0.00409585 0.72334006 42.44049 
