0.001 0.00011657 4 67784.64 -1043.56 3294.69 6790.02 7544.11 51199.38 5418519.97 0.00000123 -0.00004707 -0.00011657 -0.00003369 0.00000050 0.00004431 0.00004848 0.00004507 0.00004038 0.00003493 0.00002898 0.00002296 0.00001727 0.00001217 0.00000769 0.00000377 0.00000042 -0.00000241 -0.00000449 0.00000061 0.00001004 -0.00000017 -0.00001043 -0.00000155 0.00000179 0.00000308 -0.00003521 -0.00001487 -0.00259577 0.03384 
0.030 0.00168663 5 2154797.44 -22631.40 135226.04 236650.31 241922.83 1563629.66 168933915.49 -0.00042967 -0.00161639 -0.00092426 -0.00064927 -0.00041242 -0.00045853 -0.00044708 -0.00042299 -0.00038470 -0.00033526 -0.00027875 -0.00022036 -0.00016480 -0.00011552 -0.00007460 -0.00004282 -0.00001996 -0.00000502 0.00000830 0.00000670 0.00000304 -0.00000329 -0.00000732 -0.00000316 -0.00000146 -0.00002374 -0.00068435 -0.00033341 -0.04684857 1.01528 
0.060 0.00317616 5 4253011.56 -52714.50 315581.31 500765.16 480230.77 3009148.81 330238881.77 -0.00082331 -0.00310162 -0.00169205 -0.00124396 -0.00082884 -0.00112171 -0.00112132 -0.00108333 -0.00101157 -0.00091039 -0.00078637 -0.00064848 -0.00050734 -0.00037408 -0.00025698 -0.00016070 -0.00008692 -0.00003456 0.00002026 0.00002093 0.00000016 -0.00000495 -0.00000345 -0.00000326 -0.00000323 -0.00006650 -0.00131226 -0.00065048 -0.09194405 2.03055 
0.090 0.00454840 5 6220427.34 -66180.58 500751.49 757488.73 706827.80 4321539.89 478997971.62 -0.00117602 -0.00447151 -0.00239780 -0.00179815 -0.00122547 -0.00178974 -0.00180524 -0.00175849 -0.00165977 -0.00151486 -0.00133272 -0.00112579 -0.00090804 -0.00069384 -0.00049691 -0.00032793 -0.00019311 -0.00009315 0.00002204 0.00003792 0.00000019 -0.00000583 0.00000030 -0.00000296 -0.00000437 -0.00011381 -0.00189608 -0.00094930 -0.13490928 3.04583 
0.120 0.00582848 5 -8527161.92 -155099.64 -806414.53 -1036996.34 -931650.12 -5597001.29 -629754592.72 0.00154356 0.00582848 0.00289635 0.00231039 0.00166789 0.00291467 0.00295383 0.00288033 0.00272510 0.00249736 0.00221090 0.00188436 0.00153892 0.00119578 0.00087412 0.00059101 0.00035933 0.00018274 -0.00002883 -0.00006609 -0.00000324 0.00000258 -0.00001055 -0.00000328 -0.00000065 0.00018951 0.00245091 0.00124960 0.17817698 4.06110 
0.150 0.00704721 5 9661031.03 -66036.11 847668.94 1189991.59 1092165.46 6597241.16 736572432.45 -0.00186955 -0.00696074 -0.00368522 -0.00280186 -0.00194292 -0.00320476 -0.00324745 -0.00318471 -0.00303907 -0.00281723 -0.00253072 -0.00219579 -0.00183261 -0.00146294 -0.00110725 -0.00078415 -0.00050986 -0.00029340 -0.00001047 0.00007508 0.00000856 -0.00000492 0.00000689 -0.00000152 -0.00000531 -0.00022127 -0.00296644 -0.00150814 -0.21551765 5.07638 
0.180 0.00812247 5 11166544.78 -55908.60 1126000.57 1578250.49 1113028.51 7405173.81 836911000.80 -0.00215245 -0.00793968 -0.00438837 -0.00323362 -0.00226539 -0.00394949 -0.00401298 -0.00394888 -0.00378689 -0.00353393 -0.00320210 -0.00280861 -0.00237550 -0.00192788 -0.00149035 -0.00108491 -0.00073147 -0.00044469 -0.00005000 0.00009435 0.00001663 -0.00000373 0.00000926 -0.00000037 -0.00000494 -0.00028339 -0.00345465 -0.00177000 -0.25529235 6.09165 
0.210 0.00884420 5 -11331310.14 -259706.15 -1111221.11 -1175497.11 -1114177.20 -7670708.58 -838736016.38 0.00200944 0.00884420 0.00523854 0.00314044 0.00226380 0.00430647 0.00438040 0.00430645 0.00412493 0.00384408 0.00347782 0.00304545 0.00257144 0.00208291 0.00160593 0.00116425 0.00077941 0.00046720 0.00004217 -0.00010469 -0.00001935 0.00000194 -0.00001161 -0.00000355 -0.00000052 0.00030615 0.00367542 0.00188559 0.27218170 7.10693 
0.240 0.01009720 5 -11956386.18 -251251.71 -1225272.25 -1338926.83 -987470.40 -8153464.99 -883478719.96 0.00166796 0.01009720 0.00687306 0.00336703 0.00239952 0.00481150 0.00489700 0.00482500 0.00463905 0.00434644 0.00395996 0.00349769 0.00298358 0.00244620 0.00191461 0.00141573 0.00097396 0.00060787 0.00008824 -0.00011740 -0.00002756 0.00000121 -0.00001145 -0.00000354 -0.00000055 0.00035227 0.00418804 0.00215039 0.31742602 8.12221 
0.270 0.01137043 5 -12100310.30 -265199.92 -1245442.25 -1239076.66 -1041157.09 -8309434.38 -896159279.30 0.00089182 0.01137043 0.00897217 0.00350893 0.00242704 0.00516439 0.00525905 0.00519432 0.00501522 0.00472714 0.00434044 0.00387033 0.00333840 0.00277242 0.00220276 0.00165899 0.00116883 0.00075400 0.00014215 -0.00012711 -0.00003633 0.00000009 -0.00001100 -0.00000352 -0.00000070 0.00039040 0.00468605 0.00240410 0.36529109 9.13748 
0.300 0.01344320 4 -6976547.40 123417.37 827251.12 532981.97 -1608066.79 -6852131.07 -652837770.88 -0.00313187 0.01276403 0.01319387 0.00308231 0.00152783 0.00342641 0.00348571 0.00346513 0.00339263 0.00326805 0.00309122 0.00286209 0.00258189 0.00225566 0.00189523 0.00151932 0.00115143 0.00081485 0.00024727 -0.00008330 -0.00004355 -0.00000564 -0.00000692 -0.00000334 -0.00000218 0.00029334 0.00475386 0.00238433 0.39600092 10.15276 
0.330 0.01627264 5 -7576309.71 95281.34 477558.20 455726.64 -1266845.83 -7338030.06 -685273644.96 -0.00384475 0.01627264 0.01545605 0.00317061 0.00159785 0.00386581 0.00393711 0.00391826 0.00384066 0.00370414 0.00350857 0.00325398 0.00294175 0.00257739 0.00217406 0.00175267 0.00133903 0.00095824 0.00030384 -0.00009020 -0.00005064 -0.00000650 -0.00000718 -0.00000319 -0.00000193 0.00033501 0.00549246 0.00275270 0.44747597 11.16803 
0.360 0.01828570 5 -6860022.44 165032.39 584387.50 858984.34 -1104391.46 -7364035.21 -651195560.93 -0.00470885 0.01828570 0.01694225 0.00301683 0.00142198 0.00365430 0.00372467 0.00371605 0.00365840 0.00355134 0.00339424 0.00318630 0.00292713 0.00261809 0.00226498 0.00188192 0.00148986 0.00111295 0.00041084 -0.00007021 -0.00005771 -0.00000968 -0.00000670 -0.00000276 -0.00000178 0.00033588 0.00577096 0.00288372 0.46660872 12.18331 
0.390 0.01894136 5 -6908637.34 272936.55 562030.72 856671.62 -811459.33 -7788816.89 -667539840.56 -0.00417877 0.01894136 0.01671768 0.00291095 0.00134386 0.00356944 0.00365410 0.00366359 0.00362935 0.00355070 0.00342658 0.00325558 0.00303636 0.00276835 0.00245354 0.00209957 0.00172151 0.00134107 0.00056497 -0.00004406 -0.00006688 -0.00001363 -0.00000720 -0.00000190 -0.00000085 0.00035292 0.00579629 0.00290464 0.45944835 13.19858 
0.420 0.02064894 5 -6658689.45 273538.59 759717.28 1066815.68 -769163.92 -7989597.09 -664664242.98 -0.00431756 0.02064894 0.01770429 0.00288563 0.00123031 0.00333352 0.00341473 0.00343104 0.00341167 0.00335574 0.00326178 0.00312791 0.00295202 0.00273237 0.00246852 0.00216307 0.00182390 0.00146799 0.00068263 -0.00000924 -0.00007123 -0.00001724 -0.00000714 -0.00000097 -0.00000006 0.00034901 0.00608593 0.00303834 0.47329611 14.21386 
0.450 0.02263475 5 -6097418.21 300078.42 1205712.82 1288881.46 -831383.87 -8060707.04 -649749567.91 -0.00469064 0.02263475 0.01907012 0.00291983 0.00109241 0.00283338 0.00288903 0.00289914 0.00288696 0.00285141 0.00279071 0.00270249 0.00258395 0.00243220 0.00224488 0.00202065 0.00176042 0.00147163 0.00075811 0.00003364 -0.00007088 -0.00002054 -0.00000675 -0.00000007 0.00000055 0.00031395 0.00645073 0.00319073 0.49117143 15.22914 
0.480 0.02362178 5 -5238668.08 477103.02 1716280.17 1507477.77 -937366.66 -8002162.39 -624710302.92 -0.00488798 0.02362178 0.01982338 0.00297499 0.00098337 0.00199735 0.00199842 0.00198432 0.00196688 0.00194498 0.00191663 0.00187916 0.00182925 0.00176310 0.00167690 0.00156697 0.00142990 0.00126313 0.00075184 0.00008947 -0.00006178 -0.00002329 -0.00000622 0.00000066 0.00000091 0.00023540 0.00663120 0.00323360 0.49376333 16.24441 
0.510 0.02613449 5 -4847428.58 583292.06 1954521.59 1293088.60 -587135.12 -8091195.71 -611140473.69 -0.00630100 0.02613449 0.02214925 0.00462194 0.00095705 0.00126108 0.00125533 0.00124728 0.00124605 0.00125046 0.00125842 0.00126709 0.00127281 0.00127127 0.00125794 0.00122854 0.00117894 0.00110417 0.00076830 0.00014977 -0.00005961 -0.00002874 -0.00000561 0.00000122 0.00000088 0.00017630 0.00753231 0.00362462 0.56547984 17.25969 
0.540 0.02948446 5 -4604290.28 828633.11 2007884.09 1112450.92 -247383.67 -8305874.72 -612844253.34 -0.00810310 0.02948446 0.02495996 0.00667536 0.00109244 0.00057147 0.00054667 0.00053343 0.00053682 0.00055568 0.00058787 0.00063047 0.00067961 0.00073045 0.00077768 0.00081653 0.00084307 0.00085236 0.00071430 0.00020094 -0.00005872 -0.00003487 -0.00000506 0.00000172 0.00000074 0.00011049 0.00870963 0.00414156 0.65933004 18.27496 
0.570 0.03041675 5 -4218675.80 1134048.44 2047989.54 1012233.72 -160069.80 -8252877.70 -605558352.74 -0.00926448 0.03041675 0.02589223 0.00762507 0.00160294 0.00025129 0.00017183 0.00012306 0.00010037 0.00010269 0.00012798 0.00017331 0.00023456 0.00030608 0.00038167 0.00045660 0.00052825 0.00059227 0.00060692 0.00022636 -0.00004826 -0.00003653 -0.00000519 0.00000131 0.00000020 0.00006108 0.00922641 0.00435757 0.70686411 19.29024 
