0.001 0.00012119 5 89150.94 3058.35 8400.25 10406.48 9271.63 58014.23 6485674.70 -0.00000038 -0.00005367 -0.00012008 -0.00003720 -0.00000283 0.00003902 0.00004343 0.00004054 0.00003645 0.00003160 0.00002623 0.00002078 0.00001560 0.00001094 0.00000682 0.00000320 0.00000008 -0.00000259 -0.00000453 0.00000043 0.00000950 -0.00000050 -0.00001047 -0.00000176 0.00000157 0.00000277 -0.00003872 -0.00001668 -0.00287164 0.09057 
0.030 0.00191055 5 -2791478.34 -83513.79 -245037.15 -315631.78 -296501.37 -1850794.26 -205365252.96 0.00052815 0.00191055 0.00088511 0.00073585 0.00053597 0.00085926 0.00086519 0.00083111 0.00076924 0.00068406 0.00058207 0.00047178 0.00036276 0.00026217 0.00017524 0.00010470 0.00005108 0.00001303 -0.00002359 -0.00001575 0.00000491 -0.00000041 -0.00000902 -0.00000319 -0.00000105 0.00004901 0.00078246 0.00039284 0.05486323 2.71714 
0.060 0.00349439 5 -4920986.16 -100179.27 -415610.33 -530438.36 -506115.35 -3368642.85 -368036941.64 0.00099879 0.00349439 0.00167556 0.00132124 0.00094325 0.00155457 0.00157267 0.00152638 0.00143402 0.00130139 0.00113754 0.00095427 0.00076510 0.00058360 0.00042044 0.00028039 0.00016703 0.00008124 -0.00001880 -0.00003168 0.00000080 0.00000110 -0.00000728 -0.00000255 -0.00000104 0.00009737 0.00142877 0.00072150 0.10061437 5.43428 
0.090 0.00503191 5 -7318767.91 -172412.99 -671891.57 -833698.81 -771994.59 -4868769.95 -540608595.16 0.00135074 0.00503191 0.00246039 0.00192712 0.00139629 0.00266961 0.00273309 0.00269442 0.00258400 0.00240657 0.00217106 0.00188912 0.00157737 0.00125637 0.00094675 0.00066672 0.00043065 0.00024425 0.00000298 -0.00006467 -0.00000749 0.00000252 -0.00000789 -0.00000213 -0.00000024 0.00018766 0.00208249 0.00107591 0.15309442 8.15142 
0.120 0.00713073 5 738193.18 2419353.86 3742996.48 1335022.23 -552547.28 -6206632.11 -385534605.21 0.00217889 0.00713073 0.00358099 0.00217409 0.00047970 -0.00329172 -0.00348579 -0.00353615 -0.00348427 -0.00333500 -0.00309705 -0.00278221 -0.00240674 -0.00199278 -0.00156624 -0.00115427 -0.00078295 -0.00047442 -0.00004815 0.00010942 0.00003733 -0.00000495 -0.00001015 -0.00000312 -0.00000120 -0.00026902 0.00225662 0.00091494 0.09539656 10.86856 
0.150 0.00885482 5 1395837.33 3177298.02 4193379.49 1973688.09 -467289.58 -7481238.69 -440604029.04 0.00278469 0.00885482 0.00446223 0.00252746 0.00059180 -0.00449640 -0.00478211 -0.00487332 -0.00483074 -0.00465995 -0.00437138 -0.00397899 -0.00350212 -0.00296637 -0.00240237 -0.00184400 -0.00132484 -0.00087424 -0.00018519 0.00014259 0.00006142 -0.00000274 -0.00001162 -0.00000352 -0.00000117 -0.00039165 0.00276468 0.00108796 0.10813793 13.58570 
0.180 0.01018399 5 2083552.28 3197119.37 4498798.87 2833316.59 -473134.13 -7972548.43 -428614636.65 0.00295252 0.01018399 0.00576996 0.00257230 0.00052744 -0.00532554 -0.00567337 -0.00579161 -0.00575852 -0.00557973 -0.00526610 -0.00483250 -0.00429947 -0.00369345 -0.00304601 -0.00239286 -0.00177089 -0.00121531 -0.00031110 0.00017523 0.00008414 -0.00000084 -0.00001181 -0.00000370 -0.00000134 -0.00048091 0.00314715 0.00121984 0.12103687 16.30284 
0.210 0.01134774 5 2483161.37 3343287.34 4519215.17 3373549.75 -369310.30 -8383580.60 -427274134.84 0.00287971 0.01134774 0.00700159 0.00268442 0.00056189 -0.00602975 -0.00645436 -0.00662197 -0.00662528 -0.00646971 -0.00616569 -0.00572723 -0.00517384 -0.00453120 -0.00383016 -0.00310559 -0.00239357 -0.00173125 -0.00054995 0.00019437 0.00011557 0.00000402 -0.00001074 -0.00000392 -0.00000170 -0.00058049 0.00351959 0.00134153 0.13596424 19.01997 
0.240 0.01206490 5 2397929.16 3516134.28 3904581.06 3690159.02 -196599.67 -8516345.53 -428299849.20 0.00266983 0.01206490 0.00792664 0.00272475 0.00071588 -0.00637942 -0.00689079 -0.00713437 -0.00721148 -0.00712588 -0.00688570 -0.00650087 -0.00598681 -0.00536577 -0.00466586 -0.00391948 -0.00315993 -0.00242243 -0.00095902 0.00014564 0.00014143 0.00001259 -0.00000989 -0.00000470 -0.00000229 -0.00067903 0.00379988 0.00142057 0.14779379 21.73711 
0.270 0.01226498 5 8590237.62 367936.82 -1014158.02 -432551.10 499541.81 9169468.11 773985387.96 -0.00152924 -0.01163191 -0.00863151 -0.00275788 -0.00125052 -0.00415472 -0.00442284 -0.00459190 -0.00471901 -0.00480249 -0.00483990 -0.00482815 -0.00476383 -0.00464351 -0.00446391 -0.00422118 -0.00391059 -0.00352970 -0.00232955 -0.00053865 0.00013131 0.00007978 0.00000376 -0.00000740 -0.00000471 -0.00062623 -0.00414101 -0.00227388 -0.33108728 24.45425 
0.300 0.01402227 5 8761221.82 -193519.28 -545627.05 96773.39 814524.05 8589070.71 787833540.90 0.00111624 -0.01323906 -0.01163481 -0.00267321 -0.00177847 -0.00558564 -0.00586931 -0.00603983 -0.00615893 -0.00622503 -0.00623579 -0.00618825 -0.00607919 -0.00590564 -0.00566498 -0.00535367 -0.00496641 -0.00449982 -0.00303793 -0.00079603 0.00013467 0.00010415 0.00000245 -0.00000904 -0.00000413 -0.00081280 -0.00474720 -0.00265716 -0.42253029 27.17139 
0.330 0.01660732 5 8204881.45 -358683.36 -524746.71 203492.92 1520579.37 7364239.24 738595239.17 0.00562359 -0.01569574 -0.01581333 -0.00207495 -0.00280451 -0.00770377 -0.00799899 -0.00816747 -0.00827273 -0.00831324 -0.00828670 -0.00819022 -0.00802057 -0.00777478 -0.00745040 -0.00704443 -0.00655205 -0.00596983 -0.00415045 -0.00122815 0.00015907 0.00016125 -0.00000234 -0.00001406 -0.00000359 -0.00109180 -0.00548630 -0.00315183 -0.55001302 29.88853 
0.360 0.01755722 5 7544416.69 136321.52 -1183682.93 -120535.82 1618312.79 7094001.13 685694140.36 0.00856994 -0.01654450 -0.01715029 -0.00293158 -0.00461100 -0.00903553 -0.00924632 -0.00934637 -0.00938803 -0.00936970 -0.00928904 -0.00914323 -0.00892915 -0.00864408 -0.00828568 -0.00785002 -0.00733088 -0.00672347 -0.00480591 -0.00156173 0.00014184 0.00019854 -0.00000427 -0.00001713 -0.00000316 -0.00124130 -0.00627974 -0.00360320 -0.66403305 32.60567 
0.390 0.01707194 4 5745324.13 -735580.36 -1938432.42 -53399.61 1595155.11 6877581.42 644168781.23 0.01090009 -0.01486318 -0.01707194 -0.00627388 -0.00651616 -0.00758843 -0.00756412 -0.00751359 -0.00744329 -0.00735164 -0.00723618 -0.00709383 -0.00692103 -0.00671430 -0.00647086 -0.00618834 -0.00585731 -0.00546925 -0.00416889 -0.00159163 0.00006302 0.00019335 -0.00000244 -0.00001620 -0.00000274 -0.00101000 -0.00721663 -0.00391952 -0.76479858 35.32281 
0.420 0.01860112 5 -7577915.20 1189258.63 -1250096.85 1681806.80 -6701.88 -9192181.89 -741816145.79 -0.00291640 0.01860112 0.01361179 0.00172111 0.00391032 0.00627098 0.00624675 0.00616671 0.00604003 0.00586840 0.00565409 0.00539992 0.00510906 0.00478422 0.00442489 0.00403004 0.00360880 0.00317530 0.00203562 0.00036477 -0.00027808 -0.00012493 0.00000394 0.00000814 -0.00000186 0.00066571 0.00586736 0.00310412 0.48771653 38.03995 
0.450 0.02173217 5 -8174002.54 1158059.15 -1815469.99 1383162.97 406731.23 -9306485.90 -755338766.28 -0.00521706 0.02173217 0.01564584 0.00112290 0.00493934 0.00887223 0.00889546 0.00883233 0.00870651 0.00851920 0.00827194 0.00796667 0.00760426 0.00717632 0.00666158 0.00605369 0.00538162 0.00469134 0.00295219 0.00053779 -0.00034552 -0.00015988 0.00000820 0.00001175 -0.00000175 0.00097859 0.00650881 0.00357103 0.57966163 40.75709 
