0.001 0.00012714 5 23209.54 -17913.72 -24540.64 -2955.77 7031.02 61588.66 4878284.28 -0.00000227 -0.00005961 -0.00012301 -0.00003515 0.00000611 0.00006418 0.00006814 0.00006344 0.00005684 0.00004909 0.00004060 0.00003203 0.00002397 0.00001678 0.00001059 0.00000535 0.00000104 -0.00000241 -0.00000500 0.00000035 0.00001012 -0.00000007 -0.00001041 -0.00000151 0.00000183 0.00000409 -0.00003626 -0.00001482 -0.00244842 0.12342 
0.030 0.00189071 5 729071.92 -501620.16 -619644.72 -46751.23 191686.40 1705401.63 138553701.62 -0.00048891 -0.00182030 -0.00103035 -0.00064129 -0.00022757 0.00021202 0.00022762 0.00022016 0.00019912 0.00016806 0.00013199 0.00009687 0.00006602 0.00004059 0.00002085 0.00000648 -0.00000332 -0.00000952 -0.00001222 -0.00000408 0.00000398 -0.00000210 -0.00000819 -0.00000301 -0.00000079 0.00001088 -0.00065792 -0.00030264 -0.03858709 3.70247 
0.060 0.00344032 5 1586670.21 -749713.25 -1180180.48 -17258.54 367229.46 3166593.03 261144244.24 -0.00089284 -0.00336563 -0.00183239 -0.00118854 -0.00043697 0.00012380 0.00012908 0.00010735 0.00006743 0.00001477 -0.00004302 -0.00009621 -0.00013508 -0.00015298 -0.00015037 -0.00013353 -0.00010983 -0.00008481 -0.00003520 0.00000191 0.00000277 -0.00000292 -0.00000468 -0.00000336 -0.00000265 -0.00000704 -0.00121097 -0.00057141 -0.07373311 7.40494 
0.090 0.00485107 5 2524023.14 -993241.85 -1567209.88 71542.65 543263.33 4469668.89 378601168.77 -0.00126283 -0.00477433 -0.00256511 -0.00171577 -0.00067483 -0.00000994 -0.00001118 -0.00004142 -0.00009218 -0.00015849 -0.00023238 -0.00030391 -0.00036075 -0.00039047 -0.00038594 -0.00034992 -0.00029279 -0.00022843 -0.00009548 0.00000541 0.00000555 -0.00000224 -0.00000085 -0.00000328 -0.00000397 -0.00003121 -0.00173857 -0.00083158 -0.10871548 11.10741 
0.120 0.00615071 5 3797138.59 -1000799.15 -1759876.05 184118.19 724499.94 5649195.65 493405623.56 -0.00161690 -0.00607151 -0.00324108 -0.00220920 -0.00094396 -0.00031986 -0.00032689 -0.00035374 -0.00039461 -0.00044696 -0.00050541 -0.00056438 -0.00061493 -0.00064474 -0.00064087 -0.00059793 -0.00052081 -0.00042361 -0.00019491 0.00000065 0.00001167 0.00000030 0.00000284 -0.00000312 -0.00000500 -0.00006602 -0.00224779 -0.00108878 -0.14421527 14.80989 
0.150 0.00737893 5 5451187.45 -307438.37 -2031121.86 160583.40 919659.55 6709504.74 590497780.64 -0.00201640 -0.00728966 -0.00388155 -0.00259252 -0.00113068 -0.00109068 -0.00114404 -0.00118608 -0.00122052 -0.00124621 -0.00126119 -0.00126287 -0.00124777 -0.00121102 -0.00114639 -0.00104670 -0.00091098 -0.00075007 -0.00036075 -0.00000610 0.00002600 0.00000513 0.00000594 -0.00000285 -0.00000560 -0.00014592 -0.00270398 -0.00134508 -0.17970598 18.51236 
0.180 0.00869890 5 8318527.76 1329095.32 -722376.52 -704613.71 702019.26 7714403.40 659097721.99 -0.00249117 -0.00845836 -0.00456464 -0.00227162 -0.00125414 -0.00370633 -0.00391454 -0.00401020 -0.00403866 -0.00400025 -0.00389556 -0.00372566 -0.00349208 -0.00319708 -0.00284530 -0.00244757 -0.00202209 -0.00159498 -0.00071080 0.00002735 0.00007699 0.00001421 0.00000386 -0.00000300 -0.00000490 -0.00040409 -0.00301779 -0.00162933 -0.22038105 22.21483 
0.210 0.01004544 5 9715703.29 1185418.83 778402.31 -1194229.05 300327.82 8645783.37 730900268.50 -0.00216818 -0.00963458 -0.00570216 -0.00221556 -0.00152476 -0.00513373 -0.00541542 -0.00554501 -0.00558682 -0.00554101 -0.00540797 -0.00518852 -0.00488395 -0.00449650 -0.00403168 -0.00350389 -0.00293756 -0.00236548 -0.00114136 -0.00001716 0.00011560 0.00002727 0.00000610 -0.00000285 -0.00000471 -0.00057333 -0.00341546 -0.00190566 -0.26842567 25.91730 
0.240 0.01088604 5 11641835.34 1301196.58 2492493.61 -1359907.79 167582.15 9040470.79 799721358.86 -0.00147261 -0.01037888 -0.00684718 -0.00214355 -0.00181653 -0.00710179 -0.00750182 -0.00769096 -0.00775854 -0.00770476 -0.00753017 -0.00723573 -0.00682316 -0.00629611 -0.00566461 -0.00495179 -0.00419257 -0.00342809 -0.00176147 -0.00011576 0.00016659 0.00004786 0.00000576 -0.00000389 -0.00000424 -0.00081107 -0.00374318 -0.00218557 -0.32491089 29.61977 
0.270 0.01125120 5 -6411246.33 835814.95 738726.61 1376263.15 -84591.25 -9277459.79 -710231134.99 0.00427879 0.01125120 0.00517528 0.00267901 0.00152987 0.00053412 0.00048437 0.00043424 0.00038380 0.00033387 0.00028518 0.00023870 0.00019531 0.00015554 0.00011923 0.00008549 0.00005298 0.00002017 -0.00005041 -0.00007908 -0.00001517 0.00000121 -0.00000932 -0.00000258 -0.00000041 0.00002154 0.00374027 0.00176480 0.20372849 33.32224 
0.300 0.01312186 5 -8797591.80 -485899.17 -287884.49 445260.36 -761086.80 -7707981.70 -706144621.41 -0.00267021 0.01312186 0.01258246 0.00382433 0.00133595 0.00546742 0.00579574 0.00596616 0.00605256 0.00605437 0.00597067 0.00580016 0.00554063 0.00518920 0.00474505 0.00421432 0.00361307 0.00297132 0.00145328 -0.00009621 -0.00025630 -0.00005354 -0.00000197 0.00000237 -0.00000032 0.00064204 0.00487319 0.00262550 0.43588889 37.02471 
0.330 0.01833957 5 -6708281.25 364878.51 467205.76 528460.21 -881333.29 -7187492.44 -640714061.13 -0.00535434 0.01833957 0.01722519 0.00443512 0.00108431 0.00362786 0.00382950 0.00393931 0.00400698 0.00403136 0.00401066 0.00394227 0.00382220 0.00364508 0.00340611 0.00310449 0.00274439 0.00233549 0.00123679 -0.00005251 -0.00023147 -0.00005179 -0.00000043 0.00000469 0.00000177 0.00045098 0.00598821 0.00304670 0.50608596 40.72718 
0.360 0.02149520 4 11771265.26 1238824.01 1834847.77 379709.32 843218.24 7474665.92 784358085.89 0.01039582 -0.01905041 -0.02149520 -0.01192399 -0.00228515 -0.00689664 -0.00746860 -0.00779825 -0.00800326 -0.00808385 -0.00804063 -0.00787499 -0.00758979 -0.00719054 -0.00668678 -0.00609328 -0.00542780 -0.00471530 -0.00294466 -0.00076312 0.00002821 0.00006661 0.00000595 -0.00000580 -0.00000360 -0.00096657 -0.00856069 -0.00452651 -0.84310832 44.42966 
