0.001 0.00011661 5 26589.37 -6823.14 -10463.47 -7164.85 1142.78 49898.05 3677807.61 -0.00000552 -0.00004909 -0.00011491 -0.00002718 0.00000767 0.00005854 0.00006246 0.00005808 0.00005203 0.00004497 0.00003726 0.00002948 0.00002215 0.00001561 0.00000994 0.00000508 0.00000105 -0.00000224 -0.00000471 0.00000058 0.00001034 0.00000008 -0.00001033 -0.00000141 0.00000191 0.00000384 -0.00003174 -0.00001284 -0.00211327 0.04632 
0.030 0.00170504 5 719026.36 -239193.71 -352270.14 -199878.71 46914.83 1463454.09 107901902.14 -0.00061742 -0.00163527 -0.00086883 -0.00045792 -0.00018375 0.00011504 0.00012932 0.00012723 0.00011688 0.00010099 0.00008220 0.00006340 0.00004609 0.00003109 0.00001872 0.00000897 0.00000165 -0.00000361 -0.00000741 -0.00000156 0.00000806 -0.00000063 -0.00000959 -0.00000178 0.00000127 0.00000722 -0.00056775 -0.00026231 -0.03082941 1.38952 
0.060 0.00327901 5 1390911.43 -431247.25 -716598.98 -435884.26 92439.18 2882202.73 209645742.77 -0.00117119 -0.00320510 -0.00161956 -0.00086887 -0.00036285 0.00004018 0.00004802 0.00003485 0.00000772 -0.00002863 -0.00006780 -0.00010170 -0.00012274 -0.00012762 -0.00011887 -0.00010162 -0.00008110 -0.00006101 -0.00002367 0.00000414 0.00000898 -0.00000131 -0.00000879 -0.00000214 0.00000058 -0.00000727 -0.00108813 -0.00051395 -0.06077610 2.77904 
0.090 0.00496348 5 -3339499.97 687568.75 574991.11 150851.25 -290104.51 -4462806.57 -379232554.46 0.00183127 0.00496348 0.00229262 0.00151982 0.00082953 0.00014387 0.00010639 0.00006781 0.00002872 -0.00001017 -0.00004789 -0.00008297 -0.00011320 -0.00013473 -0.00014311 -0.00013691 -0.00011995 -0.00009826 -0.00004627 0.00000336 0.00001583 -0.00000052 -0.00001329 -0.00000358 0.00000007 -0.00000739 0.00177455 0.00082794 0.09993781 4.16857 
0.120 0.00670215 5 -4115223.23 974769.06 992288.24 231150.95 -389791.53 -5923639.96 -494913129.09 0.00253835 0.00670215 0.00312108 0.00204973 0.00106650 -0.00003762 -0.00009321 -0.00013876 -0.00017753 -0.00020953 -0.00023506 -0.00025449 -0.00026789 -0.00027489 -0.00027414 -0.00026180 -0.00023404 -0.00019478 -0.00009402 0.00000251 0.00002089 0.00000046 -0.00001370 -0.00000397 -0.00000035 -0.00002784 0.00238749 0.00110441 0.13158426 5.55809 
0.150 0.00840996 5 -4855674.43 1244973.32 1369337.92 296429.79 -488370.72 -7278044.73 -603386938.17 0.00325074 0.00840996 0.00394177 0.00258666 0.00131318 -0.00025433 -0.00033225 -0.00038843 -0.00043043 -0.00045863 -0.00047404 -0.00047810 -0.00047234 -0.00045800 -0.00043600 -0.00040714 -0.00036888 -0.00031784 -0.00016758 -0.00000632 0.00002686 0.00000238 -0.00001404 -0.00000432 -0.00000062 -0.00005415 0.00300092 0.00137799 0.16285478 6.94761 
0.180 0.01010740 5 -5570370.88 1462784.84 1724012.93 350954.48 -597967.49 -8510155.64 -703436148.10 0.00395085 0.01010740 0.00477085 0.00310469 0.00155695 -0.00044924 -0.00054950 -0.00061806 -0.00066640 -0.00069524 -0.00070606 -0.00070094 -0.00068237 -0.00065295 -0.00061495 -0.00056978 -0.00051778 -0.00045799 -0.00027032 -0.00003049 0.00003260 0.00000564 -0.00001436 -0.00000472 -0.00000080 -0.00008219 0.00360853 0.00164793 0.19364459 8.33713 
0.210 0.01168384 5 -5772224.89 1498005.54 1980419.35 516385.41 -636190.52 -9130844.69 -743069821.23 0.00406145 0.01168384 0.00623349 0.00333614 0.00162033 -0.00071695 -0.00084847 -0.00093511 -0.00099466 -0.00102788 -0.00103638 -0.00102248 -0.00098909 -0.00093959 -0.00087742 -0.00080577 -0.00072732 -0.00064380 -0.00040886 -0.00007092 0.00004104 0.00001104 -0.00001467 -0.00000529 -0.00000096 -0.00012185 0.00413415 0.00187326 0.22342502 9.72665 
0.240 0.01356464 5 -4952084.22 1479754.00 2466674.51 946630.67 -238823.67 -9606319.73 -718030272.35 0.00332881 0.01356464 0.00823621 0.00332858 0.00144916 -0.00138058 -0.00156978 -0.00169069 -0.00177147 -0.00181287 -0.00181660 -0.00178509 -0.00172156 -0.00162991 -0.00151458 -0.00138025 -0.00123165 -0.00107330 -0.00066804 -0.00013948 0.00005311 0.00002023 -0.00001474 -0.00000624 -0.00000130 -0.00021299 0.00455240 0.00202091 0.24525633 11.11617 
0.270 0.01570712 5 -3307925.66 1515947.57 2858652.41 1778920.03 -5067.50 -9456378.18 -632282071.13 0.00168916 0.01570712 0.01076387 0.00314336 0.00113183 -0.00254612 -0.00284116 -0.00302885 -0.00315580 -0.00322277 -0.00323153 -0.00318469 -0.00308571 -0.00293893 -0.00274945 -0.00252316 -0.00226620 -0.00198524 -0.00124098 -0.00028765 0.00007032 0.00003848 -0.00001522 -0.00000808 -0.00000176 -0.00038751 0.00488961 0.00208628 0.25930676 12.50570 
0.300 0.01687304 5 -2489339.33 1354606.66 3056327.64 2535472.98 117719.62 -9553466.21 -586120820.03 0.00125812 0.01687304 0.01164004 0.00313985 0.00049970 -0.00366037 -0.00398265 -0.00418428 -0.00431584 -0.00437813 -0.00437303 -0.00430326 -0.00417249 -0.00398527 -0.00374696 -0.00346361 -0.00314158 -0.00278765 -0.00181118 -0.00046030 0.00009361 0.00006308 -0.00001668 -0.00001046 -0.00000202 -0.00053722 0.00489515 0.00200935 0.23983573 13.89522 
0.330 0.01673278 5 -1399712.69 1138254.90 3360101.59 3175242.08 155301.79 -9228613.04 -512617154.46 0.00097969 0.01673278 0.01200592 0.00284880 -0.00027752 -0.00471487 -0.00506303 -0.00527625 -0.00541033 -0.00546612 -0.00544558 -0.00535156 -0.00518783 -0.00495915 -0.00467114 -0.00433018 -0.00394301 -0.00351692 -0.00232935 -0.00062674 0.00010337 0.00008359 -0.00001743 -0.00001235 -0.00000224 -0.00067720 0.00458454 0.00178938 0.20142422 15.28474 
0.360 0.01537977 5 -1481871.08 715317.27 3119078.59 3419885.05 156623.66 -8892775.64 -478751766.40 0.00127058 0.01537977 0.01145802 0.00276614 -0.00126826 -0.00495605 -0.00520725 -0.00534951 -0.00542280 -0.00542821 -0.00536788 -0.00524483 -0.00506293 -0.00482699 -0.00454249 -0.00421549 -0.00385237 -0.00345970 -0.00236558 -0.00069557 0.00010083 0.00009558 -0.00001769 -0.00001334 -0.00000227 -0.00067477 0.00404699 0.00153868 0.16035912 16.67426 
0.390 0.01298667 5 -1899050.77 626959.46 2237355.49 3456288.49 162914.52 -8382568.72 -459634688.84 0.00185170 0.01298667 0.01004638 0.00238954 -0.00210135 -0.00467410 -0.00479993 -0.00485350 -0.00485345 -0.00480099 -0.00469836 -0.00454856 -0.00435546 -0.00412370 -0.00385852 -0.00356567 -0.00325123 -0.00292139 -0.00204329 -0.00067018 0.00008449 0.00009794 -0.00001741 -0.00001323 -0.00000199 -0.00059043 0.00326502 0.00121691 0.11060835 18.06378 
0.420 0.01090195 5 -1927448.72 508965.22 1844036.62 3085469.07 223650.73 -7589570.37 -418714683.50 0.00284152 0.01090195 0.00850690 0.00177485 -0.00319658 -0.00497458 -0.00499833 -0.00497511 -0.00490671 -0.00479448 -0.00464073 -0.00444857 -0.00422188 -0.00396527 -0.00368390 -0.00338341 -0.00306988 -0.00274955 -0.00193811 -0.00068378 0.00007465 0.00010478 -0.00001720 -0.00001342 -0.00000170 -0.00057930 0.00238239 0.00080907 0.03702767 19.45330 
0.450 0.01223007 2 13722057.59 -3516226.82 5300786.15 1991999.59 521296.20 9424202.46 1113439491.32 0.00365706 -0.00776312 -0.00504235 -0.00286892 -0.01223007 -0.01647808 -0.01652937 -0.01642967 -0.01621141 -0.01587379 -0.01541544 -0.01483432 -0.01412809 -0.01329460 -0.01233370 -0.01125079 -0.01006069 -0.00879552 -0.00557529 -0.00128549 0.00038065 0.00024086 -0.00001128 -0.00002480 -0.00000731 -0.00184804 -0.00618529 -0.00388124 -0.73394761 20.84283 
0.480 0.01396182 2 13389576.99 -3718450.35 5564384.95 1692259.76 348596.65 9502785.98 1099817203.84 0.00537021 -0.00754009 -0.00505630 -0.00313596 -0.01396182 -0.01783697 -0.01781207 -0.01765244 -0.01737535 -0.01698008 -0.01646535 -0.01582927 -0.01506951 -0.01418390 -0.01317190 -0.01203770 -0.01079415 -0.00947190 -0.00608601 -0.00149056 0.00038443 0.00026785 -0.00001256 -0.00002718 -0.00000743 -0.00198827 -0.00659922 -0.00414978 -0.80723917 22.23235 
0.510 0.01558177 2 13069673.57 -3874240.89 5774879.23 1477036.65 143481.84 9548516.73 1083944871.41 0.00703463 -0.00732566 -0.00494512 -0.00343719 -0.01558177 -0.01916801 -0.01907936 -0.01886855 -0.01854031 -0.01809400 -0.01752850 -0.01684201 -0.01603234 -0.01509727 -0.01403596 -0.01285171 -0.01155583 -0.01017758 -0.00662722 -0.00171878 0.00038323 0.00029718 -0.00001381 -0.00002977 -0.00000753 -0.00213238 -0.00696614 -0.00439833 -0.87600752 23.62187 
0.540 0.01708002 2 12754110.98 -4018391.96 5954674.81 1322643.88 -118774.63 9613958.89 1067972100.97 0.00865024 -0.00721848 -0.00486736 -0.00370876 -0.01708002 -0.02045498 -0.02031218 -0.02005745 -0.01968516 -0.01919476 -0.01858528 -0.01785507 -0.01700203 -0.01602393 -0.01491952 -0.01369110 -0.01234831 -0.01091858 -0.00720927 -0.00197753 0.00037268 0.00032759 -0.00001482 -0.00003243 -0.00000765 -0.00227987 -0.00730853 -0.00463719 -0.94142814 25.01139 
0.570 0.01854248 2 12391987.17 -4163242.94 6105072.58 1213088.82 -438096.51 9675165.21 1049011452.59 0.01038762 -0.00717122 -0.00487743 -0.00411225 -0.01854248 -0.02169267 -0.02149937 -0.02120383 -0.02079076 -0.02025972 -0.01960990 -0.01883983 -0.01794755 -0.01693077 -0.01578782 -0.01451992 -0.01313488 -0.01165798 -0.00779818 -0.00224764 0.00035473 0.00035596 -0.00001531 -0.00003484 -0.00000777 -0.00242548 -0.00767866 -0.00488804 -1.01003415 26.40091 
0.600 0.02049407 2 12368515.18 -4440221.07 5804769.82 1321350.45 -684874.89 10367490.88 1087126649.46 0.01083371 -0.00608961 -0.00266701 -0.00510178 -0.02049407 -0.02280574 -0.02254420 -0.02219891 -0.02174101 -0.02117005 -0.02048515 -0.01968479 -0.01876682 -0.01772849 -0.01656709 -0.01528185 -0.01387751 -0.01237531 -0.00840634 -0.00256181 0.00032008 0.00038506 -0.00001494 -0.00003672 -0.00000735 -0.00256103 -0.00795692 -0.00509050 -1.06278628 27.79044 
0.630 0.02130944 2 11647778.16 -4579660.78 6281544.65 1029290.20 -955180.27 9871784.35 1024014462.79 0.01335493 -0.00706956 -0.00451697 -0.00499700 -0.02130944 -0.02390076 -0.02361208 -0.02324257 -0.02275875 -0.02216037 -0.02144685 -0.02061700 -0.01966898 -0.01860014 -0.01740743 -0.01608915 -0.01464850 -0.01310446 -0.00899687 -0.00285379 0.00028820 0.00041245 -0.00001540 -0.00003917 -0.00000752 -0.00270174 -0.00836636 -0.00535718 -1.13504964 29.17996 
0.660 0.02236168 2 11140103.21 -4822817.17 6494515.23 803647.55 -1116429.30 9781186.90 998887687.01 0.01500221 -0.00760841 -0.00512696 -0.00506559 -0.02236168 -0.02489058 -0.02456034 -0.02415846 -0.02364393 -0.02301667 -0.02227629 -0.02142183 -0.02045159 -0.01936284 -0.01815188 -0.01681569 -0.01535538 -0.01378642 -0.00957520 -0.00316468 0.00024268 0.00043766 -0.00001429 -0.00004100 -0.00000789 -0.00283080 -0.00870606 -0.00558498 -1.19330820 30.56948 
0.690 0.02323247 2 10551280.53 -5022164.81 6822491.95 479804.12 -1238071.73 9509221.01 959367015.99 0.01690781 -0.00846248 -0.00635738 -0.00491893 -0.02323247 -0.02592024 -0.02555770 -0.02512914 -0.02458792 -0.02393412 -0.02316760 -0.02228764 -0.02129276 -0.02018017 -0.01894566 -0.01758504 -0.01609783 -0.01449686 -0.01016734 -0.00347708 0.00019364 0.00045877 -0.00001418 -0.00004258 -0.00000760 -0.00296667 -0.00905982 -0.00582300 -1.25392923 31.95900 
0.720 0.02418249 2 10107309.55 -5252487.66 7084543.60 155408.04 -1260661.52 9380507.08 937189464.64 0.01848547 -0.00923012 -0.00716071 -0.00475620 -0.02418249 -0.02695310 -0.02655566 -0.02609867 -0.02552969 -0.02484893 -0.02405640 -0.02315158 -0.02213309 -0.02099798 -0.01974128 -0.01835746 -0.01684439 -0.01521270 -0.01076717 -0.00380002 0.00013879 0.00047909 -0.00001360 -0.00004404 -0.00000738 -0.00310355 -0.00938033 -0.00604596 -1.30856619 33.34852 
0.750 0.02516543 2 9700023.60 -5482590.53 7315431.09 -140203.73 -1249280.08 9256666.86 918423585.88 0.01987638 -0.00984463 -0.00780086 -0.00457883 -0.02516543 -0.02801593 -0.02758299 -0.02709706 -0.02649960 -0.02579093 -0.02497119 -0.02404001 -0.02299612 -0.02183637 -0.02055497 -0.01914491 -0.01760246 -0.01593654 -0.01136682 -0.00412275 0.00007800 0.00049919 -0.00001258 -0.00004540 -0.00000712 -0.00324315 -0.00968455 -0.00626273 -1.36108348 34.73804 
0.780 0.02614981 2 9327078.67 -5716455.49 7547397.29 -434979.43 -1216851.85 9147968.15 902541849.46 0.02111324 -0.01043001 -0.00835946 -0.00430650 -0.02614981 -0.02911337 -0.02864517 -0.02813008 -0.02750367 -0.02676636 -0.02591837 -0.02495943 -0.02388831 -0.02270163 -0.02139264 -0.01995263 -0.01837619 -0.01667084 -0.01196492 -0.00443980 0.00001302 0.00051710 -0.00001179 -0.00004671 -0.00000666 -0.00338586 -0.00996673 -0.00647082 -1.41038134 36.12757 
0.810 0.02712802 2 8962374.99 -5954298.32 7776193.19 -732669.17 -1160253.03 9033402.32 887624637.71 0.02227613 -0.01095793 -0.00886739 -0.00399892 -0.02712802 -0.03021521 -0.02971194 -0.02916798 -0.02851311 -0.02774780 -0.02687238 -0.02588667 -0.02478944 -0.02357698 -0.02224137 -0.02077191 -0.01916126 -0.01741564 -0.01256593 -0.00475019 -0.00005247 0.00053326 -0.00001040 -0.00004767 -0.00000639 -0.00352947 -0.01023221 -0.00667155 -1.45787007 37.51709 
0.840 0.02810566 2 8618897.40 -6189423.86 8004214.38 -1036029.04 -1069983.82 8910119.74 874045247.05 0.02336449 -0.01144004 -0.00933848 -0.00363966 -0.02810566 -0.03133116 -0.03079245 -0.03021953 -0.02953612 -0.02874279 -0.02783997 -0.02682756 -0.02570441 -0.02446655 -0.02310478 -0.02160610 -0.01996095 -0.01817422 -0.01317525 -0.00505771 -0.00012158 0.00054505 -0.00000886 -0.00004827 -0.00000611 -0.00367520 -0.01048293 -0.00686650 -1.50373045 38.90661 
0.870 0.02901565 2 8262955.16 -6408274.42 8202271.46 -1305108.16 -997289.31 8771355.59 858786514.77 0.02446880 -0.01184374 -0.00979581 -0.00340812 -0.02901565 -0.03233211 -0.03175990 -0.03116010 -0.03045066 -0.02963221 -0.02870528 -0.02766985 -0.02652484 -0.02526605 -0.02388284 -0.02235956 -0.02068427 -0.01886078 -0.01372351 -0.00532621 -0.00018295 0.00055513 -0.00000680 -0.00004863 -0.00000589 -0.00380573 -0.01072902 -0.00705121 -1.54846650 40.29613 
