0.001 0.00011451 4 42337.67 1169.29 -8065.72 -2972.67 4144.57 48062.21 4042845.01 -0.00000043 -0.00004523 -0.00011451 -0.00002867 0.00000611 0.00005226 0.00005618 0.00005219 0.00004674 0.00004039 0.00003346 0.00002647 0.00001988 0.00001400 0.00000887 0.00000444 0.00000072 -0.00000235 -0.00000463 0.00000059 0.00001020 -0.00000004 -0.00001039 -0.00000148 0.00000185 0.00000349 -0.00003166 -0.00001299 -0.00222904 0.05851 
0.030 0.00153654 5 -434621.32 135871.38 470410.40 330634.73 -3767.73 -1367770.10 -86186791.68 0.00059884 0.00153654 0.00061983 0.00033568 0.00011968 -0.00011787 -0.00011996 -0.00011915 -0.00011216 -0.00010037 -0.00008532 -0.00006877 -0.00005239 -0.00003750 -0.00002502 -0.00001546 -0.00000883 -0.00000486 -0.00000058 0.00000334 0.00000925 -0.00000134 -0.00001102 -0.00000249 0.00000082 -0.00000656 0.00045522 0.00020992 0.02154592 1.75537 
0.060 0.00292365 5 -952806.52 353169.64 784365.86 559571.76 -30604.68 -2619309.10 -174038454.07 0.00111435 0.00292365 0.00126563 0.00067812 0.00025593 -0.00020609 -0.00021123 -0.00020470 -0.00018441 -0.00015341 -0.00011669 -0.00008050 -0.00004948 -0.00002552 -0.00000865 0.00000181 0.00000709 0.00000851 0.00000594 0.00000345 0.00000819 -0.00000176 -0.00001105 -0.00000297 0.00000008 -0.00000897 0.00089975 0.00041701 0.04476278 3.51073 
0.090 0.00419838 5 -1512624.89 595725.92 1010792.64 709499.68 -68528.76 -3760114.37 -259947034.43 0.00158740 0.00419838 0.00185839 0.00101469 0.00041004 -0.00025414 -0.00026402 -0.00025567 -0.00022814 -0.00018539 -0.00013345 -0.00008031 -0.00003417 -0.00000015 0.00002074 0.00003054 0.00003234 0.00002896 0.00001523 0.00000335 0.00000716 -0.00000201 -0.00001108 -0.00000321 -0.00000037 -0.00000919 0.00132318 0.00061540 0.06767033 5.26610 
0.120 0.00548761 5 5885716.33 228626.48 -246743.21 167073.76 624898.00 5111861.31 487678542.89 -0.00150930 -0.00541039 -0.00281357 -0.00186596 -0.00110646 -0.00153789 -0.00155682 -0.00152359 -0.00144662 -0.00132919 -0.00117726 -0.00099914 -0.00080618 -0.00061256 -0.00043243 -0.00027817 -0.00015706 -0.00006903 0.00002774 0.00003442 -0.00000110 -0.00000614 -0.00000035 -0.00000315 -0.00000428 -0.00009895 -0.00207970 -0.00102748 -0.13877161 7.02146 
0.150 0.00687851 5 7209396.64 256956.65 -344561.33 189394.00 759568.21 6348039.11 602259416.33 -0.00194297 -0.00679804 -0.00349969 -0.00233067 -0.00138067 -0.00195934 -0.00198501 -0.00194667 -0.00185582 -0.00171594 -0.00153342 -0.00131694 -0.00107868 -0.00083434 -0.00060129 -0.00039560 -0.00022981 -0.00010719 0.00003205 0.00004763 -0.00000085 -0.00000644 0.00000273 -0.00000278 -0.00000508 -0.00012959 -0.00260567 -0.00129032 -0.17370595 8.77683 
0.180 0.00842422 5 8197073.92 180238.67 -534561.08 99537.81 849306.06 7602552.45 706268191.78 -0.00249388 -0.00832252 -0.00426325 -0.00278520 -0.00162150 -0.00225906 -0.00229149 -0.00225613 -0.00216644 -0.00202444 -0.00183469 -0.00160348 -0.00134113 -0.00106262 -0.00078633 -0.00053207 -0.00031844 -0.00015625 0.00003363 0.00006254 0.00000099 -0.00000621 0.00000569 -0.00000213 -0.00000554 -0.00015590 -0.00315886 -0.00156362 -0.20825597 10.53219 
0.210 0.00989602 5 9041636.16 -39017.89 -365053.57 157037.81 942931.08 8345738.73 785017436.42 -0.00298425 -0.00958953 -0.00544049 -0.00315496 -0.00184830 -0.00266667 -0.00271754 -0.00269677 -0.00262100 -0.00249080 -0.00230767 -0.00207400 -0.00179576 -0.00148499 -0.00115954 -0.00084188 -0.00055599 -0.00032082 -0.00000938 0.00008381 0.00000993 -0.00000500 0.00000801 -0.00000128 -0.00000554 -0.00020202 -0.00374417 -0.00186249 -0.25055646 12.28756 
0.240 0.01155827 5 10648470.29 131750.93 399128.00 204609.98 864412.92 9048568.46 866419935.21 -0.00285619 -0.01107583 -0.00716167 -0.00341251 -0.00212946 -0.00378690 -0.00388549 -0.00388051 -0.00380035 -0.00364570 -0.00341820 -0.00312042 -0.00275856 -0.00234573 -0.00190239 -0.00145505 -0.00103343 -0.00066512 -0.00010690 0.00012800 0.00003078 -0.00000349 0.00000950 -0.00000028 -0.00000506 -0.00030860 -0.00438740 -0.00222064 -0.30968141 14.04292 
0.270 0.01351382 5 11342831.28 2976.13 821336.61 495817.93 744880.80 9277819.82 905821235.51 -0.00185073 -0.01286166 -0.00969792 -0.00359101 -0.00224423 -0.00463298 -0.00477456 -0.00479307 -0.00472686 -0.00457641 -0.00434275 -0.00402751 -0.00363462 -0.00317377 -0.00266361 -0.00213108 -0.00160810 -0.00112688 -0.00030074 0.00016147 0.00006212 0.00000061 0.00000937 0.00000004 -0.00000448 -0.00040739 -0.00503811 -0.00257816 -0.37630063 15.79829 
0.300 0.01561930 5 11233681.11 -148001.57 803294.56 864778.37 744813.65 8968796.10 897803524.56 0.00007896 -0.01481726 -0.01242317 -0.00371736 -0.00221476 -0.00510295 -0.00526934 -0.00530412 -0.00525156 -0.00511216 -0.00488674 -0.00457663 -0.00418433 -0.00371593 -0.00318572 -0.00261841 -0.00204552 -0.00150097 -0.00049080 0.00017790 0.00009525 0.00000640 0.00000777 -0.00000015 -0.00000375 -0.00047161 -0.00556159 -0.00285767 -0.43693029 17.55365 
0.330 0.01798638 5 9924425.96 -731010.34 343125.76 904687.72 844943.16 8562679.66 856846952.51 0.00201037 -0.01705664 -0.01514628 -0.00379969 -0.00204705 -0.00467856 -0.00482601 -0.00486793 -0.00484364 -0.00475258 -0.00459398 -0.00436706 -0.00407128 -0.00370703 -0.00327799 -0.00279598 -0.00228148 -0.00176361 -0.00068897 0.00015988 0.00012464 0.00001457 0.00000617 -0.00000052 -0.00000306 -0.00046399 -0.00603777 -0.00307685 -0.48358371 19.30902 
0.360 0.01914357 5 7984088.93 -1152320.62 -576067.71 512431.09 1189409.14 8010637.03 784092561.60 0.00339839 -0.01816754 -0.01703006 -0.00381697 -0.00175376 -0.00350921 -0.00359973 -0.00363108 -0.00362659 -0.00358498 -0.00350425 -0.00338180 -0.00321467 -0.00299986 -0.00273514 -0.00242044 -0.00205989 -0.00166838 -0.00074304 0.00011389 0.00012980 0.00001978 0.00000563 -0.00000089 -0.00000281 -0.00037310 -0.00623938 -0.00312307 -0.49942499 21.06438 
0.390 0.01827160 5 6762200.29 -1600120.83 -1300726.87 440416.76 1397514.44 7825116.78 756082100.01 0.00306768 -0.01731419 -0.01662992 -0.00394005 -0.00165427 -0.00211380 -0.00211741 -0.00210869 -0.00209085 -0.00206255 -0.00202167 -0.00196552 -0.00189097 -0.00179467 -0.00167317 -0.00152295 -0.00134088 -0.00112723 -0.00052871 0.00011806 0.00012227 0.00001833 0.00000547 -0.00000091 -0.00000277 -0.00022214 -0.00609481 -0.00297511 -0.47376773 22.81975 
0.420 0.01635496 5 7240548.32 -2012937.70 -1164758.14 1061693.66 977512.26 8379038.24 810145868.44 0.00093465 -0.01552407 -0.01394739 -0.00395728 -0.00178861 -0.00177109 -0.00175802 -0.00173768 -0.00171440 -0.00168691 -0.00165309 -0.00161022 -0.00155510 -0.00148427 -0.00139408 -0.00128047 -0.00113926 -0.00096853 -0.00045355 0.00013838 0.00012421 0.00001530 0.00000540 -0.00000101 -0.00000304 -0.00018227 -0.00569079 -0.00276453 -0.42307440 24.57511 
0.450 0.01604049 5 7662585.23 -1625216.87 -809834.03 856243.19 671388.84 8570004.09 805474280.25 0.00042978 -0.01522342 -0.01325040 -0.00367962 -0.00162700 -0.00226267 -0.00229789 -0.00230413 -0.00229682 -0.00227472 -0.00223580 -0.00217749 -0.00209678 -0.00199059 -0.00185585 -0.00168922 -0.00148720 -0.00124992 -0.00057768 0.00017455 0.00016625 0.00002199 0.00000362 -0.00000158 -0.00000271 -0.00024188 -0.00547379 -0.00269448 -0.40641614 26.33048 
0.480 0.01752254 5 9918116.68 144590.79 426335.10 506179.83 1110080.14 7730930.82 787014200.12 0.00334390 -0.01644203 -0.01618317 -0.00331435 -0.00120706 -0.00595221 -0.00629927 -0.00648859 -0.00659507 -0.00661743 -0.00655388 -0.00640223 -0.00616057 -0.00582824 -0.00540645 -0.00489954 -0.00431612 -0.00367576 -0.00203245 -0.00006937 0.00030338 0.00008060 -0.00000062 -0.00000764 -0.00000358 -0.00074053 -0.00566856 -0.00305068 -0.49953342 28.08584 
0.510 0.02449572 5 9213386.40 5237.29 43886.72 37367.53 1067180.50 8059714.37 775563620.06 0.00543980 -0.02297695 -0.02136760 -0.00428073 -0.00089150 -0.00517317 -0.00549096 -0.00567525 -0.00579434 -0.00584682 -0.00583069 -0.00574341 -0.00558230 -0.00534525 -0.00503147 -0.00464104 -0.00417391 -0.00363636 -0.00213303 -0.00015841 0.00031008 0.00009197 -0.00000161 -0.00000857 -0.00000333 -0.00068462 -0.00717013 -0.00372488 -0.60175770 29.84121 
