0.001 0.00013021 5 -45969.50 -6247.81 -38454.45 -45112.83 -13735.90 57581.49 411954.69 -0.00002028 -0.00006269 -0.00011523 -0.00001273 0.00002300 0.00008507 0.00008843 0.00008231 0.00007373 0.00006360 0.00005250 0.00004131 0.00003080 0.00002148 0.00001353 0.00000694 0.00000167 -0.00000242 -0.00000552 0.00000010 0.00001024 0.00000002 -0.00001041 -0.00000148 0.00000187 0.00000512 -0.00002595 -0.00000944 -0.00117701 0.06761 
0.030 0.00210542 5 821946.27 -200021.35 -428246.44 -364637.74 -6495.34 1821347.13 124008599.35 -0.00081060 -0.00203465 -0.00102198 -0.00048879 -0.00017943 0.00020311 0.00022232 0.00022336 0.00021522 0.00019981 0.00017896 0.00015456 0.00012729 0.00009883 0.00007164 0.00004754 0.00002764 0.00001219 -0.00000575 -0.00000631 0.00000272 -0.00000223 -0.00000822 -0.00000309 -0.00000090 0.00001501 -0.00066305 -0.00030285 -0.03325550 2.02819 
0.060 0.00381513 5 1891369.03 -320850.01 -662647.83 -519402.66 44730.80 3349538.73 244021755.59 -0.00147837 -0.00374015 -0.00181863 -0.00095195 -0.00040980 0.00017581 0.00020595 0.00021569 0.00021536 0.00020593 0.00019041 0.00017106 0.00015054 0.00012914 0.00010542 0.00008064 0.00005703 0.00003638 0.00000562 -0.00000763 -0.00000311 -0.00000342 -0.00000523 -0.00000350 -0.00000264 0.00001675 -0.00124724 -0.00057578 -0.06490338 4.05637 
0.090 0.00503142 5 3553728.35 -322227.96 -526790.67 -339638.00 237683.01 4504701.96 371237037.46 -0.00181937 -0.00495501 -0.00242149 -0.00140161 -0.00072467 -0.00039172 -0.00037848 -0.00036555 -0.00034840 -0.00032630 -0.00029853 -0.00026423 -0.00022354 -0.00017828 -0.00013161 -0.00008871 -0.00005506 -0.00003004 0.00000064 0.00000736 -0.00000287 -0.00000443 -0.00000209 -0.00000349 -0.00000393 -0.00002627 -0.00174136 -0.00083026 -0.10064849 6.08456 
0.120 0.00617224 5 4742771.82 -364555.39 -565226.89 -287715.87 386380.35 5573889.62 475675322.70 -0.00211538 -0.00609391 -0.00298191 -0.00178193 -0.00095704 -0.00078849 -0.00079348 -0.00078644 -0.00076734 -0.00073562 -0.00069043 -0.00063071 -0.00055571 -0.00046653 -0.00036798 -0.00026855 -0.00017828 -0.00010523 -0.00000674 0.00002408 -0.00000102 -0.00000490 0.00000102 -0.00000326 -0.00000491 -0.00006151 -0.00216804 -0.00104900 -0.13059158 8.11275 
0.150 0.00741159 5 5358267.39 -547200.89 -832567.57 -406438.65 478070.09 6666404.41 561750621.77 -0.00246513 -0.00732712 -0.00357865 -0.00215022 -0.00111777 -0.00081952 -0.00081945 -0.00081140 -0.00079440 -0.00076790 -0.00073093 -0.00068227 -0.00062049 -0.00054441 -0.00045437 -0.00035385 -0.00024910 -0.00015124 -0.00000274 0.00005095 0.00000531 -0.00000493 0.00000389 -0.00000279 -0.00000554 -0.00006635 -0.00258453 -0.00124681 -0.15514349 10.14093 
0.180 0.00828076 5 5969567.92 -602480.21 -912558.40 -490483.29 503861.89 7471227.92 626089419.40 -0.00270616 -0.00815624 -0.00386050 -0.00235741 -0.00121274 -0.00113300 -0.00115986 -0.00117127 -0.00117218 -0.00116181 -0.00113882 -0.00110153 -0.00104787 -0.00097572 -0.00088336 -0.00077017 -0.00063676 -0.00048983 -0.00017387 0.00004186 0.00002092 0.00000043 0.00000549 -0.00000265 -0.00000577 -0.00011860 -0.00283216 -0.00139065 -0.17374674 12.16912 
0.210 0.00832245 5 6556329.53 -559652.88 -578396.80 -467631.87 533551.47 7628459.61 653360163.29 -0.00261885 -0.00817766 -0.00377416 -0.00229604 -0.00114328 -0.00179889 -0.00189078 -0.00194214 -0.00197276 -0.00198134 -0.00196598 -0.00192429 -0.00185365 -0.00175160 -0.00161626 -0.00144680 -0.00124310 -0.00101034 -0.00043811 0.00004186 0.00004336 0.00000589 0.00000674 -0.00000237 -0.00000572 -0.00021421 -0.00278070 -0.00141732 -0.17986377 14.19731 
0.240 0.00905416 5 9782885.21 521360.13 331589.60 199003.00 1204193.66 7526738.83 757621791.71 -0.00054459 -0.00858587 -0.00682424 -0.00254064 -0.00134432 -0.00559207 -0.00593174 -0.00611073 -0.00620472 -0.00621233 -0.00613174 -0.00596080 -0.00569776 -0.00534253 -0.00489838 -0.00437381 -0.00378296 -0.00315016 -0.00162739 -0.00005768 0.00018496 0.00004906 0.00000372 -0.00000377 -0.00000302 -0.00067692 -0.00338148 -0.00194476 -0.30319759 16.22550 
0.270 0.00957593 5 8683605.86 347739.77 87590.69 -366508.94 1170791.92 7443992.41 710419542.83 0.00021167 -0.00902764 -0.00823192 -0.00233846 -0.00096484 -0.00508047 -0.00541760 -0.00561303 -0.00573921 -0.00579466 -0.00577728 -0.00568453 -0.00551398 -0.00526423 -0.00493573 -0.00452986 -0.00404826 -0.00350048 -0.00201695 -0.00021703 0.00020506 0.00006868 0.00000193 -0.00000571 -0.00000311 -0.00067761 -0.00343639 -0.00197086 -0.31339415 18.25368 
0.300 0.00984024 5 8407120.39 262413.13 78757.56 -326353.99 920977.89 7471325.81 696608905.04 0.00015316 -0.00929036 -0.00863638 -0.00226913 -0.00060545 -0.00467436 -0.00501700 -0.00522341 -0.00536587 -0.00544293 -0.00545254 -0.00539215 -0.00525930 -0.00505285 -0.00477380 -0.00442322 -0.00399945 -0.00350467 -0.00208880 -0.00025563 0.00020993 0.00007087 0.00000161 -0.00000637 -0.00000360 -0.00065342 -0.00341082 -0.00194602 -0.30582468 20.28187 
0.330 0.00998947 5 8523471.09 243647.80 210185.17 -214444.33 816479.48 7467602.97 698735428.02 0.00007447 -0.00942482 -0.00890156 -0.00220816 -0.00039249 -0.00454428 -0.00489029 -0.00509713 -0.00523787 -0.00531111 -0.00531487 -0.00524675 -0.00510471 -0.00488901 -0.00460334 -0.00425113 -0.00383040 -0.00334081 -0.00194078 -0.00016789 0.00022003 0.00006250 0.00000199 -0.00000578 -0.00000381 -0.00062680 -0.00340181 -0.00192766 -0.30035895 22.31006 
0.360 0.00948135 5 8817090.36 240098.90 523323.01 6214.99 804398.45 7243055.01 699772314.62 0.00017295 -0.00893187 -0.00854184 -0.00178755 -0.00054371 -0.00516153 -0.00551983 -0.00572554 -0.00585494 -0.00590665 -0.00587874 -0.00576889 -0.00557568 -0.00530152 -0.00495425 -0.00454165 -0.00406336 -0.00352066 -0.00200783 -0.00013366 0.00023886 0.00006177 0.00000176 -0.00000600 -0.00000412 -0.00068076 -0.00323007 -0.00187582 -0.29547575 24.33824 
0.390 0.00931681 5 8401013.79 -1911288.20 -13573.65 1722756.18 891426.13 7711693.34 816899085.71 -0.00161103 -0.00891312 -0.00634992 -0.00367900 -0.00079329 -0.00269214 -0.00288942 -0.00300477 -0.00308568 -0.00313126 -0.00314017 -0.00311081 -0.00304209 -0.00293489 -0.00279197 -0.00261354 -0.00239325 -0.00212234 -0.00124892 -0.00006580 0.00016396 0.00003647 0.00000226 -0.00000496 -0.00000510 -0.00037689 -0.00349041 -0.00183643 -0.26734039 26.36643 
0.420 0.00912220 5 8768637.49 -2226759.76 481291.11 1981123.58 970394.14 7562588.42 838021818.78 -0.00101698 -0.00868722 -0.00666879 -0.00363863 -0.00108493 -0.00339167 -0.00360144 -0.00371766 -0.00379212 -0.00382390 -0.00381154 -0.00375324 -0.00364772 -0.00349587 -0.00330063 -0.00306209 -0.00277349 -0.00242756 -0.00138488 -0.00005346 0.00018784 0.00004217 0.00000158 -0.00000535 -0.00000496 -0.00044806 -0.00355885 -0.00190632 -0.28957827 28.39462 
0.450 0.00922031 2 -13123089.85 2806964.43 -4814755.54 -1966502.73 -1232582.55 -7916213.45 -1019020791.18 -0.00270098 0.00553485 0.00326023 0.00198878 0.00915671 0.01519151 0.01528503 0.01520838 0.01500760 0.01468305 0.01423508 0.01366381 0.01296822 0.01214349 0.01118383 0.01009577 0.00890794 0.00767118 0.00470482 0.00107050 -0.00022944 -0.00015993 0.00000102 0.00001241 0.00000084 0.00167681 0.00451977 0.00300952 0.57109490 30.42280 
0.480 0.01193854 3 -13194561.84 -871851.41 -1783528.99 -2232028.23 -1426723.44 -6880429.78 -870395263.18 -0.01170970 0.00490641 0.01007562 0.01193854 0.00964046 0.01486407 0.01521102 0.01530269 0.01522886 0.01498958 0.01458574 0.01401845 0.01328867 0.01239574 0.01134157 0.01014802 0.00886059 0.00754229 0.00450247 0.00097394 -0.00020362 -0.00013880 0.00000057 0.00001169 0.00000213 0.00168480 0.00730315 0.00431855 0.93198124 32.45099 
0.510 0.01583656 4 -8575582.09 -195758.67 -190024.63 -355511.63 -1033029.42 -6801257.73 -686087247.47 -0.01574293 0.01103940 0.01574613 0.01473526 0.00950730 0.01125285 0.01143633 0.01147945 0.01143795 0.01131097 0.01109729 0.01079478 0.01039848 0.00989635 0.00927237 0.00852217 0.00765906 0.00672132 0.00434578 0.00119830 -0.00009752 -0.00013131 0.00000011 0.00001086 0.00000161 0.00137231 0.00907630 0.00498376 1.05698790 34.47918 
0.540 0.01710338 3 -13740806.25 -792397.45 -2632925.56 -2723284.77 -1662642.02 -5929556.45 -857139302.47 -0.01707239 0.00112472 0.01018468 0.01710338 0.01338169 0.01661192 0.01678750 0.01671559 0.01646477 0.01603827 0.01544260 0.01468456 0.01377226 0.01271306 0.01151724 0.01021243 0.00884807 0.00748889 0.00448817 0.00106668 -0.00013037 -0.00012463 -0.00000176 0.00001059 0.00000261 0.00176658 0.00880406 0.00506558 1.16746915 36.50737 
0.570 0.01950834 2 -13922737.67 -122252.22 -3837921.12 -2367133.64 -1065352.93 -6530077.77 -883422963.23 -0.01901331 -0.00179253 0.00653327 0.01669036 0.01934352 0.02044985 0.02017380 0.01971821 0.01908085 0.01827037 0.01729941 0.01618148 0.01492906 0.01355300 0.01207036 0.01051959 0.00896585 0.00748414 0.00437094 0.00100826 -0.00012718 -0.00012111 -0.00000202 0.00001020 0.00000257 0.00193049 0.00943229 0.00544716 1.28680830 38.53555 
0.600 0.02481154 2 -13112144.54 774161.83 -4490310.49 -2437048.42 -872974.45 -6085973.01 -853575342.91 -0.02123830 -0.00841075 0.00172969 0.01718962 0.02459212 0.02420667 0.02366296 0.02299573 0.02215464 0.02114614 0.01997860 0.01865493 0.01717327 0.01553652 0.01377531 0.01195242 0.01017035 0.00846895 0.00492604 0.00112724 -0.00015854 -0.00014182 -0.00000041 0.00001235 0.00000292 0.00222104 0.00945252 0.00561099 1.39694094 40.56374 
0.630 0.02883557 2 -13445229.16 201908.86 -4529948.95 -2516192.30 -993743.61 -5607253.16 -827255593.14 -0.02471105 -0.01217057 -0.00015233 0.01901298 0.02849778 0.02766920 0.02701077 0.02622914 0.02525659 0.02409884 0.02276092 0.02125243 0.01955458 0.01766614 0.01563705 0.01356005 0.01152057 0.00957500 0.00555493 0.00125413 -0.00019398 -0.00016058 0.00000125 0.00001460 0.00000360 0.00252470 0.01005641 0.00605538 1.55276086 42.59193 
0.660 0.02954007 2 -11901564.68 491137.82 -4301135.27 -2697776.89 -1124754.87 -4269035.47 -723135974.37 -0.02775998 -0.01622788 -0.00035424 0.02170369 0.02912158 0.02756456 0.02694485 0.02621410 0.02530891 0.02423457 0.02299735 0.02159441 0.02000123 0.01819375 0.01622291 0.01416803 0.01207911 0.01006300 0.00583823 0.00127338 -0.00021473 -0.00016083 0.00000310 0.00001538 0.00000387 0.00257351 0.01012609 0.00611398 1.63127693 44.62011 
0.690 0.02934235 2 -10593046.86 118368.45 -4141964.25 -2592535.93 -819920.24 -3156994.89 -595486914.28 -0.02759677 -0.02174634 -0.00349536 0.02233063 0.02888960 0.02762331 0.02709815 0.02645600 0.02564754 0.02467635 0.02354741 0.02225183 0.02074362 0.01899781 0.01706185 0.01497666 0.01281373 0.01070489 0.00627910 0.00138484 -0.00023454 -0.00016917 0.00000593 0.00001694 0.00000388 0.00266141 0.00909122 0.00567555 1.58866259 46.64830 
0.720 0.03191308 3 -11854685.10 116681.54 -1450870.33 -3608233.52 -1396801.10 -5515461.69 -811138621.70 -0.03571641 -0.00684197 0.00916916 0.03191308 0.03049385 0.02744015 0.02705834 0.02655249 0.02589421 0.02508493 0.02412504 0.02298976 0.02160327 0.01993570 0.01800120 0.01587052 0.01366222 0.01149467 0.00689719 0.00169069 -0.00021041 -0.00021428 0.00000431 0.00001818 0.00000202 0.00276749 0.01483218 0.00842313 2.09410306 48.67649 
