0.001 0.00011398 4 67157.55 791.16 4092.99 8257.05 8064.03 45952.31 5107848.83 0.00000430 -0.00004091 -0.00011398 -0.00003257 0.00000096 0.00004320 0.00004735 0.00004401 0.00003944 0.00003414 0.00002834 0.00002248 0.00001695 0.00001197 0.00000759 0.00000374 0.00000043 -0.00000236 -0.00000443 0.00000067 0.00001011 -0.00000012 -0.00001041 -0.00000152 0.00000182 0.00000304 -0.00003335 -0.00001402 -0.00251617 0.06621 
0.030 0.00142043 5 -1882684.52 22669.95 -142260.61 -206751.36 -201052.24 -1355290.27 -146659669.94 0.00042038 0.00142043 0.00063100 0.00053558 0.00038658 0.00052739 0.00052583 0.00049818 0.00045365 0.00039566 0.00032900 0.00025990 0.00019396 0.00013525 0.00008610 0.00004732 0.00001861 -0.00000126 -0.00001793 -0.00000807 0.00000796 -0.00000076 -0.00001095 -0.00000300 0.00000013 0.00002811 0.00057094 0.00028257 0.03859958 1.98626 
0.060 0.00267226 5 -3651433.76 53209.48 -265699.10 -456463.62 -412052.35 -2570428.18 -283605520.27 0.00075947 0.00267226 0.00127689 0.00104568 0.00073367 0.00109505 0.00110309 0.00106538 0.00099529 0.00089670 0.00077568 0.00064062 0.00050173 0.00036993 0.00025351 0.00015715 0.00008256 0.00002866 -0.00002670 -0.00002162 0.00000558 -0.00000008 -0.00001081 -0.00000343 -0.00000063 0.00006526 0.00110190 0.00055121 0.07684382 3.97252 
0.090 0.00380976 5 -5391084.30 64913.32 -405443.34 -736737.21 -631986.25 -3681830.83 -414381863.68 0.00103875 0.00380976 0.00187285 0.00153368 0.00107533 0.00174982 0.00177417 0.00173058 0.00163850 0.00150260 0.00133018 0.00113146 0.00091911 0.00070723 0.00050986 0.00033847 0.00020003 0.00009575 -0.00002503 -0.00003944 0.00000152 0.00000074 -0.00001073 -0.00000357 -0.00000091 0.00011309 0.00159957 0.00080992 0.11476435 5.95879 
0.120 0.00491174 5 -7070616.20 76756.37 -574114.59 -999619.89 -837920.58 -4735717.51 -539163114.03 0.00131707 0.00491174 0.00244641 0.00200177 0.00141505 0.00242172 0.00246277 0.00241364 0.00229998 0.00212717 0.00190415 0.00164359 0.00136068 0.00107252 0.00079623 0.00054826 0.00034198 0.00018233 -0.00001498 -0.00005779 -0.00000330 0.00000149 -0.00001075 -0.00000357 -0.00000093 0.00016378 0.00208426 0.00106406 0.15210027 7.94505 
0.150 0.00602092 5 -8627404.99 82884.51 -715198.64 -1207191.94 -1020985.26 -5766913.65 -656588739.18 0.00160892 0.00602092 0.00301983 0.00244877 0.00173554 0.00312220 0.00318580 0.00313726 0.00300900 0.00280630 0.00253890 0.00222060 0.00186951 0.00150595 0.00115055 0.00082296 0.00054086 0.00031502 0.00001578 -0.00007704 -0.00001053 0.00000178 -0.00001081 -0.00000345 -0.00000079 0.00022169 0.00256052 0.00131808 0.18921513 9.93131 
0.180 0.00712588 5 -9863255.89 38845.53 -632394.48 -1326810.47 -1202014.11 -6740882.37 -757473637.94 0.00187872 0.00712588 0.00362579 0.00286134 0.00198459 0.00376137 0.00385559 0.00381951 0.00369246 0.00347883 0.00318713 0.00282979 0.00242488 0.00199547 0.00156559 0.00115870 0.00079675 0.00049664 0.00007136 -0.00009558 -0.00002053 0.00000131 -0.00001081 -0.00000325 -0.00000059 0.00028286 0.00300801 0.00156035 0.22435358 11.91757 
0.210 0.00814562 5 -10064194.66 -185140.02 -506318.41 -905613.47 -1232095.17 -7235027.58 -776549571.76 0.00154706 0.00814562 0.00493906 0.00289376 0.00196958 0.00417704 0.00429834 0.00428297 0.00417495 0.00397660 0.00369322 0.00333317 0.00291075 0.00244734 0.00196903 0.00150272 0.00107495 0.00070721 0.00015118 -0.00010825 -0.00003294 -0.00000031 -0.00001011 -0.00000298 -0.00000055 0.00033409 0.00333812 0.00174231 0.25531768 13.90384 
0.240 0.00863391 5 -9295683.40 -152317.62 -351278.35 -398513.50 -1234592.30 -7158981.62 -738557534.43 0.00059440 0.00863391 0.00651330 0.00275534 0.00177978 0.00409955 0.00422071 0.00421578 0.00412721 0.00395613 0.00370532 0.00337952 0.00298792 0.00254707 0.00208071 0.00161631 0.00118178 0.00080044 0.00020051 -0.00010551 -0.00003816 -0.00000152 -0.00000934 -0.00000256 -0.00000036 0.00034018 0.00349126 0.00181733 0.27679461 15.89010 
0.270 0.00909996 5 -12736770.64 -785170.20 -1682197.04 -1570167.57 -1222898.56 -7476337.27 -869049311.73 0.00047821 0.00909996 0.00711149 0.00314531 0.00233982 0.00626017 0.00644333 0.00641998 0.00625393 0.00595110 0.00552281 0.00498564 0.00436299 0.00368511 0.00298694 0.00230584 0.00167808 0.00113288 0.00027970 -0.00015289 -0.00005633 -0.00000195 -0.00001160 -0.00000382 -0.00000105 0.00050499 0.00395527 0.00212240 0.33363924 17.87636 
0.300 0.01045180 4 -9397465.68 -343997.95 -316657.93 -236476.65 -1576653.84 -6923679.31 -733419523.69 -0.00174290 0.00999455 0.01025676 0.00292319 0.00174745 0.00501643 0.00517741 0.00519338 0.00511569 0.00494444 0.00468040 0.00432532 0.00388498 0.00337334 0.00281418 0.00223956 0.00168557 0.00118471 0.00034734 -0.00013062 -0.00006206 -0.00000527 -0.00000927 -0.00000356 -0.00000173 0.00043899 0.00413902 0.00217348 0.36161773 19.86262 
0.330 0.01173289 4 -9692811.94 -296300.16 -406474.62 -194384.40 -1456229.39 -7339423.37 -761161551.72 -0.00223383 0.01156934 0.01150266 0.00301990 0.00177566 0.00513166 0.00529609 0.00531145 0.00523010 0.00505223 0.00477880 0.00441183 0.00395752 0.00343034 0.00285467 0.00226305 0.00169213 0.00117644 0.00032162 -0.00015003 -0.00006396 -0.00000382 -0.00000952 -0.00000347 -0.00000142 0.00044535 0.00450801 0.00234983 0.38878826 21.84889 
0.360 0.01318653 4 -8993006.11 87621.96 -22047.61 -373171.60 -1397733.60 -7287675.26 -749455535.96 -0.00313170 0.01300232 0.01300147 0.00360984 0.00165735 0.00448576 0.00463873 0.00466199 0.00460391 0.00446423 0.00424291 0.00394028 0.00355893 0.00310733 0.00260347 0.00207505 0.00155525 0.00107744 0.00027273 -0.00015890 -0.00006057 -0.00000213 -0.00000971 -0.00000329 -0.00000098 0.00039551 0.00492413 0.00251842 0.42017177 23.83515 
0.390 0.01498382 5 -8763513.27 -173263.01 81739.99 -75547.34 -1015564.16 -7580878.75 -728960177.15 -0.00291250 0.01498382 0.01370090 0.00284066 0.00149924 0.00436767 0.00449880 0.00451024 0.00444642 0.00430693 0.00409151 0.00380010 0.00343444 0.00300113 0.00251540 0.00200248 0.00149345 0.00102055 0.00021571 -0.00018960 -0.00006091 0.00000076 -0.00001004 -0.00000320 -0.00000046 0.00037854 0.00503122 0.00255961 0.40981821 25.82141 
0.420 0.01803811 4 5888991.83 -511611.83 -1109844.08 -914837.80 1854333.63 6570951.91 616655861.75 0.00606967 -0.01632338 -0.01803811 -0.00455770 -0.00146734 -0.00315234 -0.00328670 -0.00336311 -0.00340901 -0.00342314 -0.00340365 -0.00334819 -0.00325404 -0.00311822 -0.00293783 -0.00271043 -0.00243470 -0.00211417 -0.00122619 -0.00014637 0.00010662 0.00003804 0.00000184 -0.00000206 -0.00000146 -0.00040563 -0.00603253 -0.00304339 -0.52888463 27.80767 
0.450 0.02134920 4 5407198.98 -630220.57 -1205846.61 -1031610.05 1874064.52 6400811.69 594053897.56 0.00838531 -0.01950996 -0.02134920 -0.00591523 -0.00144010 -0.00281315 -0.00295096 -0.00303655 -0.00309702 -0.00313110 -0.00313689 -0.00311204 -0.00305377 -0.00295896 -0.00282433 -0.00264674 -0.00242364 -0.00215463 -0.00133598 -0.00021462 0.00010765 0.00004471 0.00000110 -0.00000233 -0.00000090 -0.00039018 -0.00702066 -0.00349839 -0.61786640 29.79393 
0.480 0.02471518 4 4993688.14 -857516.46 -1467223.94 -922686.67 1872061.28 6369053.93 588483091.46 0.01039517 -0.02306748 -0.02471518 -0.00740135 -0.00145017 -0.00220658 -0.00232184 -0.00240002 -0.00246287 -0.00250908 -0.00253668 -0.00254325 -0.00252597 -0.00248156 -0.00240629 -0.00229632 -0.00214824 -0.00195943 -0.00130829 -0.00026905 0.00009631 0.00004778 0.00000095 -0.00000238 -0.00000053 -0.00033395 -0.00812898 -0.00398808 -0.70706339 31.78020 
0.510 0.02882014 5 4466972.47 -1037206.57 -1843121.39 -542204.79 1278578.90 6610926.31 575110160.51 0.01273834 -0.02754018 -0.02850391 -0.00968474 -0.00142505 -0.00114126 -0.00122560 -0.00129479 -0.00136267 -0.00142777 -0.00148793 -0.00154050 -0.00158240 -0.00160996 -0.00161892 -0.00160457 -0.00156241 -0.00148828 -0.00111685 -0.00030569 0.00007019 0.00004626 0.00000191 -0.00000229 -0.00000079 -0.00022431 -0.00953662 -0.00458971 -0.81433665 33.76646 
0.540 0.03261869 5 4122164.86 -1145462.47 -2099811.48 -587196.69 1221257.24 6733378.25 571116137.88 0.01474152 -0.03123011 -0.03173749 -0.01128055 -0.00140428 -0.00049091 -0.00055514 -0.00061750 -0.00068731 -0.00076303 -0.00084229 -0.00092222 -0.00099939 -0.00106977 -0.00112899 -0.00117216 -0.00119360 -0.00118829 -0.00099443 -0.00033936 0.00005236 0.00004638 0.00000262 -0.00000221 -0.00000082 -0.00015686 -0.01064599 -0.00507391 -0.90130074 35.75272 
