0.001 0.00010987 4 54638.98 645.67 3828.42 4814.26 6459.58 38891.04 4193215.30 0.00000845 -0.00003283 -0.00010987 -0.00002871 0.00000337 0.00004511 0.00004917 0.00004570 0.00004096 0.00003548 0.00002948 0.00002341 0.00001768 0.00001253 0.00000800 0.00000402 0.00000062 -0.00000225 -0.00000439 0.00000074 0.00001028 0.00000001 -0.00001036 -0.00000145 0.00000188 0.00000316 -0.00002953 -0.00001216 -0.00226970 0.03389 
0.030 0.00147901 5 -1258162.06 102863.41 169961.17 -11864.92 -151236.70 -1367885.02 -124140823.45 0.00047879 0.00147901 0.00064985 0.00048559 0.00028517 0.00024882 0.00024738 0.00023335 0.00021266 0.00018607 0.00015546 0.00012351 0.00009278 0.00006521 0.00004184 0.00002304 0.00000874 -0.00000156 -0.00001019 -0.00000298 0.00000988 -0.00000062 -0.00001172 -0.00000241 0.00000124 0.00001367 0.00053750 0.00025923 0.03292319 1.01659 
0.060 0.00286934 5 -2413494.27 229994.09 352097.04 -31227.02 -298011.07 -2666347.32 -241948041.48 0.00090548 0.00286934 0.00134699 0.00095454 0.00053838 0.00052631 0.00053366 0.00052317 0.00050282 0.00047103 0.00042716 0.00037146 0.00030689 0.00023925 0.00017464 0.00011737 0.00007016 0.00003376 -0.00000901 -0.00001225 0.00000751 -0.00000068 -0.00001231 -0.00000314 0.00000045 0.00003638 0.00105671 0.00051469 0.06650804 2.03317 
0.090 0.00421626 5 -3455493.15 335721.80 565579.14 -12894.81 -424702.21 -3919197.06 -351460913.96 0.00130663 0.00421626 0.00201403 0.00138687 0.00076605 0.00085658 0.00088164 0.00088242 0.00087065 0.00084351 0.00079733 0.00072848 0.00063702 0.00052821 0.00041144 0.00029836 0.00019873 0.00011754 0.00000799 -0.00002586 0.00000245 -0.00000076 -0.00001255 -0.00000361 -0.00000019 0.00006953 0.00154666 0.00076197 0.09916161 3.04976 
0.120 0.00552420 5 -4534655.25 438745.74 716858.95 -27098.51 -552689.65 -5110471.77 -459388347.78 0.00170214 0.00552420 0.00266093 0.00182053 0.00101082 0.00118160 0.00121730 0.00122141 0.00120929 0.00117936 0.00112818 0.00105258 0.00094872 0.00081768 0.00066732 0.00051060 0.00036288 0.00023567 0.00004616 -0.00003657 -0.00000418 -0.00000134 -0.00001259 -0.00000383 -0.00000062 0.00010287 0.00203401 0.00100814 0.13198407 4.06635 
0.150 0.00680605 5 -5679329.57 463440.28 833905.55 -50050.09 -671655.31 -6254970.01 -564280970.62 0.00209777 0.00680605 0.00329303 0.00224433 0.00125948 0.00156029 0.00160752 0.00161302 0.00159630 0.00155637 0.00149152 0.00139997 0.00127966 0.00112866 0.00095063 0.00075704 0.00056447 0.00038957 0.00010603 -0.00004449 -0.00001249 -0.00000247 -0.00001248 -0.00000389 -0.00000089 0.00014123 0.00251589 0.00125441 0.16504349 5.08293 
0.180 0.00807616 5 -6773924.40 479190.09 949026.24 -72738.89 -801362.10 -7328039.75 -663835606.50 0.00248110 0.00807616 0.00393972 0.00265688 0.00149821 0.00201578 0.00208267 0.00209607 0.00208097 0.00203648 0.00196113 0.00185318 0.00171097 0.00153364 0.00132310 0.00108830 0.00084555 0.00061411 0.00020466 -0.00004941 -0.00002434 -0.00000457 -0.00001219 -0.00000378 -0.00000106 0.00019179 0.00299375 0.00150528 0.19924818 6.09952 
0.210 0.00928639 5 -7123290.56 281470.68 941652.07 464496.11 -913554.20 -7897355.22 -693215469.56 0.00239176 0.00928639 0.00522757 0.00273107 0.00153916 0.00235317 0.00243285 0.00245497 0.00244717 0.00240848 0.00233739 0.00223199 0.00209018 0.00191016 0.00169200 0.00144041 0.00116772 0.00089333 0.00035345 -0.00004026 -0.00003946 -0.00000864 -0.00001108 -0.00000350 -0.00000142 0.00023868 0.00339219 0.00171697 0.23171755 7.11611 
0.240 0.01064472 5 -7577777.24 152971.03 950362.74 504109.63 -772270.33 -8412950.32 -725482012.29 0.00193383 0.01064472 0.00698366 0.00288508 0.00160170 0.00289600 0.00299624 0.00302797 0.00302455 0.00298501 0.00290781 0.00279100 0.00263240 0.00242999 0.00218309 0.00189525 0.00157695 0.00124715 0.00054698 -0.00002714 -0.00005873 -0.00001387 -0.00000987 -0.00000306 -0.00000168 0.00030582 0.00388434 0.00198335 0.27780782 8.13269 
0.270 0.01200047 5 -7568801.55 -16554.06 916573.28 871988.91 -817571.20 -8523238.48 -720150879.82 0.00104138 0.01200047 0.00916804 0.00292536 0.00157120 0.00329515 0.00340664 0.00344505 0.00344713 0.00341188 0.00333772 0.00322259 0.00306402 0.00285962 0.00260796 0.00231012 0.00197232 0.00161071 0.00078123 0.00000438 -0.00008190 -0.00002157 -0.00000794 -0.00000236 -0.00000208 0.00036343 0.00435038 0.00223242 0.32551467 9.14928 
0.300 0.01385451 5 -6454081.83 -13630.81 1069871.04 1648934.50 -876888.10 -8282368.45 -657850341.46 -0.00058851 0.01385451 0.01170842 0.00281212 0.00138818 0.00309966 0.00318515 0.00321190 0.00321251 0.00318606 0.00313097 0.00304494 0.00292493 0.00276754 0.00257038 0.00233283 0.00205610 0.00174590 0.00094568 0.00006030 -0.00009709 -0.00002988 -0.00000524 -0.00000163 -0.00000274 0.00035812 0.00474461 0.00241440 0.36454142 10.16587 
0.330 0.01555062 5 -4588095.91 386729.59 1347845.62 2163775.13 -812177.50 -7674268.75 -564292560.85 -0.00312097 0.01555062 0.01429379 0.00325367 0.00116441 0.00216815 0.00219729 0.00220056 0.00219649 0.00218419 0.00216197 0.00212716 0.00207573 0.00200285 0.00190494 0.00178110 0.00163208 0.00145750 0.00091369 0.00013045 -0.00008787 -0.00003462 -0.00000346 -0.00000120 -0.00000327 0.00026797 0.00512905 0.00254673 0.40529350 11.18245 
0.360 0.01702734 5 -4038317.24 559453.99 1255623.75 2256591.96 -751095.27 -7358891.68 -530338785.78 -0.00476300 0.01702734 0.01592570 0.00335647 0.00128032 0.00225655 0.00226353 0.00225210 0.00223588 0.00221410 0.00218515 0.00214636 0.00209342 0.00202096 0.00192497 0.00180509 0.00166344 0.00150065 0.00098248 0.00016641 -0.00009632 -0.00004028 -0.00000175 -0.00000049 -0.00000346 0.00027521 0.00545444 0.00270311 0.44246781 12.19904 
0.390 0.01794224 5 -4205971.82 843628.24 1208894.21 2181718.75 -758040.30 -7682172.71 -563657156.44 -0.00452982 0.01794224 0.01612020 0.00332930 0.00142148 0.00210370 0.00208639 0.00206012 0.00203386 0.00200679 0.00197729 0.00194273 0.00189894 0.00184050 0.00176295 0.00166511 0.00154834 0.00141287 0.00096092 0.00018547 -0.00009186 -0.00004148 -0.00000224 -0.00000025 -0.00000314 0.00025518 0.00563997 0.00277944 0.44727001 13.21563 
0.420 0.01951554 5 -4098874.52 889828.43 1221052.02 2327556.66 -536798.43 -8000513.20 -567160339.93 -0.00429473 0.01951554 0.01662775 0.00282616 0.00135889 0.00191283 0.00186725 0.00182261 0.00178364 0.00174949 0.00171845 0.00168794 0.00165392 0.00161098 0.00155423 0.00148164 0.00139338 0.00128907 0.00091597 0.00019955 -0.00008580 -0.00004177 -0.00000283 0.00000000 -0.00000269 0.00022878 0.00576713 0.00282502 0.44081036 14.23221 
0.450 0.02143965 5 -3473651.99 694217.31 1703298.70 2457152.11 -205169.92 -8123150.18 -532658912.05 -0.00455249 0.02143965 0.01759940 0.00242030 0.00113640 0.00133882 0.00125594 0.00119112 0.00114190 0.00110733 0.00108559 0.00107403 0.00106867 0.00106411 0.00105502 0.00103833 0.00101231 0.00097602 0.00077418 0.00020968 -0.00006922 -0.00003934 -0.00000333 0.00000006 -0.00000229 0.00016089 0.00592460 0.00286278 0.43555560 15.24880 
0.480 0.02186488 5 -3034905.07 853469.94 2012649.78 2459422.17 -178382.23 -8182064.73 -525910767.07 -0.00443157 0.02186488 0.01772338 0.00234782 0.00108020 0.00071737 0.00058892 0.00049888 0.00043559 0.00039805 0.00038436 0.00039177 0.00041622 0.00045210 0.00049350 0.00053576 0.00057516 0.00061256 0.00059749 0.00021347 -0.00004928 -0.00003555 -0.00000406 0.00000000 -0.00000186 0.00008433 0.00595554 0.00283662 0.42558883 16.26539 
0.510 0.02283316 5 -2199493.44 1158387.50 2535341.07 2509555.79 -209757.43 -8193020.37 -509837913.99 -0.00432965 0.02283316 0.01842680 0.00242237 0.00091420 -0.00044328 -0.00066091 -0.00080190 -0.00089561 -0.00094297 -0.00094592 -0.00090726 -0.00083110 -0.00072353 -0.00059241 -0.00044640 -0.00028881 -0.00011752 0.00020480 0.00018946 -0.00000974 -0.00002493 -0.00000558 -0.00000046 -0.00000122 -0.00006525 0.00614181 0.00284447 0.41797347 17.28197 
0.540 0.02260837 5 -1382108.67 1521722.26 2961105.57 2504711.94 -533749.67 -7835898.77 -488710034.12 -0.00501558 0.02260837 0.01908822 0.00330986 0.00094848 -0.00147201 -0.00175077 -0.00192257 -0.00203035 -0.00207500 -0.00205859 -0.00198420 -0.00185636 -0.00168253 -0.00147313 -0.00124081 -0.00098097 -0.00069957 -0.00010468 0.00017783 0.00002617 -0.00001628 -0.00000631 -0.00000105 -0.00000114 -0.00018870 0.00637941 0.00289027 0.43622501 18.29856 
0.570 0.02337545 5 -1052919.50 1517650.94 3008092.12 2690574.65 -505127.55 -7764109.66 -469210456.15 -0.00568284 0.02337545 0.01986603 0.00370973 0.00093006 -0.00179346 -0.00208869 -0.00227002 -0.00238292 -0.00242829 -0.00240816 -0.00232549 -0.00218472 -0.00199347 -0.00176333 -0.00150877 -0.00122716 -0.00091870 -0.00023512 0.00016272 0.00003435 -0.00001381 -0.00000646 -0.00000121 -0.00000111 -0.00023033 0.00660900 0.00297579 0.45418963 19.31514 
0.600 0.02309925 5 -629451.06 1661209.30 3287790.05 2675679.76 -583371.32 -7670758.85 -458676728.09 -0.00584907 0.02309925 0.01994508 0.00426994 0.00088793 -0.00249802 -0.00282765 -0.00302577 -0.00314534 -0.00318724 -0.00315363 -0.00304756 -0.00287372 -0.00264034 -0.00236026 -0.00204944 -0.00170671 -0.00133317 -0.00048023 0.00012816 0.00005816 -0.00000539 -0.00000763 -0.00000172 -0.00000072 -0.00031621 0.00668918 0.00296775 0.45659138 20.33173 
0.630 0.02205371 5 -236813.84 1645101.62 3482424.50 2708851.15 -558849.72 -7514341.38 -435698627.22 -0.00605410 0.02205371 0.01962837 0.00537480 0.00077868 -0.00326681 -0.00360501 -0.00380145 -0.00391203 -0.00393760 -0.00388037 -0.00374373 -0.00353216 -0.00325522 -0.00293077 -0.00257228 -0.00217204 -0.00173919 -0.00073381 0.00007773 0.00007830 0.00000429 -0.00000801 -0.00000220 -0.00000052 -0.00040197 0.00672427 0.00293865 0.46152754 21.34832 
0.660 0.02140704 5 389049.07 1723862.25 3717152.68 2637005.02 -402373.39 -7286597.49 -401269792.70 -0.00654741 0.02140704 0.01979261 0.00666406 0.00063765 -0.00422304 -0.00457847 -0.00477618 -0.00487733 -0.00488280 -0.00479481 -0.00461772 -0.00435818 -0.00402648 -0.00364148 -0.00320892 -0.00273167 -0.00222177 -0.00102879 0.00001939 0.00009478 0.00001274 -0.00000773 -0.00000268 -0.00000067 -0.00050833 0.00688868 0.00295922 0.47619750 22.36490 
0.690 0.02352772 5 934815.17 1983008.30 3968594.09 2666410.53 -425194.53 -7258003.21 -390696595.54 -0.00699043 0.02352772 0.02132576 0.00646750 0.00040893 -0.00487156 -0.00527430 -0.00550040 -0.00561957 -0.00563261 -0.00554179 -0.00535171 -0.00507117 -0.00471285 -0.00428977 -0.00381243 -0.00328539 -0.00272048 -0.00136376 -0.00006794 0.00010451 0.00002165 -0.00000819 -0.00000360 -0.00000078 -0.00060271 0.00720344 0.00305663 0.48309867 23.38149 
0.720 0.02373738 5 1245141.19 1905453.74 3964140.56 2730734.02 -196518.58 -7158668.55 -362631601.08 -0.00749872 0.02373738 0.02176650 0.00719181 0.00030983 -0.00536778 -0.00577845 -0.00600830 -0.00612855 -0.00614000 -0.00604491 -0.00584796 -0.00555816 -0.00518853 -0.00475170 -0.00425658 -0.00370621 -0.00311170 -0.00164695 -0.00015027 0.00011868 0.00003379 -0.00000829 -0.00000460 -0.00000105 -0.00067140 0.00738369 0.00310464 0.49642236 24.39808 
0.750 0.02379571 5 2001102.44 1983145.51 4141745.39 2861321.02 -53452.46 -6931657.01 -320298492.92 -0.00802517 0.02379571 0.02224449 0.00793881 0.00027561 -0.00617642 -0.00662893 -0.00688131 -0.00701345 -0.00702610 -0.00692153 -0.00670450 -0.00638436 -0.00597481 -0.00548954 -0.00493925 -0.00432849 -0.00366941 -0.00202725 -0.00025926 0.00013031 0.00004606 -0.00000822 -0.00000576 -0.00000149 -0.00078126 0.00757646 0.00313664 0.50808306 25.41466 
0.780 0.02235680 5 2341748.38 1729813.12 4242097.33 3070475.37 65026.05 -6765663.49 -283786600.01 -0.00863918 0.02235680 0.02153104 0.00863518 0.00053566 -0.00619159 -0.00663260 -0.00687792 -0.00700489 -0.00701438 -0.00690875 -0.00669313 -0.00637774 -0.00597744 -0.00550631 -0.00497360 -0.00438078 -0.00373675 -0.00210563 -0.00030962 0.00011170 0.00004446 -0.00000699 -0.00000556 -0.00000172 -0.00078825 0.00747751 0.00308654 0.51696599 26.43125 
0.810 0.02283524 4 -1180848.92 2521525.16 3818201.77 -437167.93 -1617671.82 -5465736.11 -488851699.85 -0.01191418 0.01886522 0.02275912 0.01358895 0.00174460 -0.00357447 -0.00382826 -0.00399299 -0.00408773 -0.00411296 -0.00407055 -0.00396517 -0.00380644 -0.00360804 -0.00338028 -0.00312134 -0.00281764 -0.00245787 -0.00142972 -0.00027204 -0.00000091 0.00001066 -0.00000454 -0.00000566 -0.00000434 -0.00048602 0.00864975 0.00379662 0.72038151 27.44784 
0.840 0.02239739 4 -976489.69 2633724.02 4177857.55 -736177.26 -1630386.81 -5421507.18 -490462172.13 -0.01218536 0.01799952 0.02230124 0.01452143 0.00208251 -0.00399236 -0.00427355 -0.00445613 -0.00456343 -0.00459593 -0.00455557 -0.00444733 -0.00428117 -0.00407054 -0.00382473 -0.00354075 -0.00320497 -0.00280810 -0.00168016 -0.00036111 0.00000075 0.00001987 -0.00000471 -0.00000656 -0.00000454 -0.00055102 0.00877131 0.00381907 0.73474083 28.46442 
0.870 0.02374523 4 28070.63 3079330.49 4575104.41 -572268.51 -1593055.87 -5461039.89 -469558179.43 -0.01255624 0.02031575 0.02361888 0.01400631 0.00249399 -0.00476414 -0.00520968 -0.00550375 -0.00569829 -0.00579352 -0.00579140 -0.00569733 -0.00552229 -0.00528041 -0.00498056 -0.00461871 -0.00418216 -0.00367025 -0.00224205 -0.00050556 0.00003074 0.00004134 -0.00000690 -0.00000882 -0.00000469 -0.00070599 0.00919338 0.00393460 0.74265726 29.48101 
0.900 0.02212039 4 3266809.00 4846268.11 4623187.31 -469773.42 -1696821.47 -4036051.53 -344053103.22 -0.01547191 0.01378230 0.02209802 0.01941288 0.00370618 -0.00819074 -0.00880824 -0.00917122 -0.00937458 -0.00941887 -0.00930671 -0.00904456 -0.00864028 -0.00810450 -0.00746255 -0.00673712 -0.00594309 -0.00510299 -0.00300870 -0.00058139 0.00013438 0.00007518 -0.00001176 -0.00001237 -0.00000486 -0.00107511 0.00957321 0.00391657 0.82392855 30.49760 
0.930 0.02422140 4 4604432.86 5721286.45 4832408.17 -13817.25 -1798235.02 -4137209.49 -328038195.48 -0.01597707 0.01710422 0.02418288 0.01881053 0.00354184 -0.00940993 -0.01014751 -0.01057193 -0.01080679 -0.01085271 -0.01071232 -0.01038917 -0.00989384 -0.00924881 -0.00848405 -0.00762593 -0.00669485 -0.00571714 -0.00336013 -0.00065685 0.00016422 0.00009123 -0.00001358 -0.00001396 -0.00000486 -0.00122622 0.01001151 0.00404176 0.82718247 31.51418 
0.960 0.02388928 4 5227670.37 5971844.78 4819045.83 92150.06 -1856290.76 -3799079.55 -297388582.65 -0.01718555 0.01540072 0.02386314 0.02029857 0.00420263 -0.00970670 -0.01048279 -0.01092619 -0.01117340 -0.01122504 -0.01108371 -0.01075406 -0.01024742 -0.00958766 -0.00880514 -0.00792594 -0.00697042 -0.00596626 -0.00353597 -0.00071758 0.00016753 0.00009792 -0.00001465 -0.00001468 -0.00000481 -0.00127393 0.01021094 0.00410991 0.86772337 32.53077 
0.990 0.02333754 4 5283897.25 5746570.48 4835711.14 90784.52 -1889066.71 -3500102.18 -273861651.43 -0.01835128 0.01342977 0.02332234 0.02164505 0.00485187 -0.00943892 -0.01022267 -0.01067489 -0.01093690 -0.01100931 -0.01089449 -0.01059719 -0.01012837 -0.00951003 -0.00877002 -0.00793081 -0.00700886 -0.00602961 -0.00362047 -0.00077161 0.00015322 0.00009807 -0.00001441 -0.00001463 -0.00000481 -0.00126592 0.01031915 0.00416489 0.90746975 33.54736 
1.020 0.02433362 3 1322042.16 3356894.64 5237522.42 -1424727.58 -2238704.62 -3608942.70 -379977689.10 -0.02046277 0.01046799 0.02246017 0.02395002 0.00606243 -0.00497851 -0.00551332 -0.00586832 -0.00611724 -0.00626055 -0.00630014 -0.00624032 -0.00609083 -0.00586686 -0.00557933 -0.00522384 -0.00478557 -0.00426102 -0.00275136 -0.00074777 0.00000181 0.00005439 -0.00000833 -0.00001017 -0.00000457 -0.00079563 0.01064593 0.00456790 1.03412982 34.56394 
1.050 0.02541171 3 1447372.93 3276826.25 5368229.51 -1531105.96 -2343117.28 -3323459.59 -364526623.81 -0.02159845 0.00891174 0.02204362 0.02500978 0.00684059 -0.00460477 -0.00516218 -0.00553595 -0.00580507 -0.00597005 -0.00603287 -0.00599825 -0.00587692 -0.00568510 -0.00543356 -0.00511619 -0.00471571 -0.00422544 -0.00277141 -0.00078440 -0.00001190 0.00005406 -0.00000804 -0.00001012 -0.00000457 -0.00077361 0.01079389 0.00464896 1.07526536 35.58053 
1.080 0.02643498 3 1593461.23 3215238.00 5509984.89 -1635230.39 -2441095.16 -3055436.11 -349631937.41 -0.02266763 0.00745860 0.02166809 0.02601424 0.00756789 -0.00429507 -0.00487732 -0.00527116 -0.00556101 -0.00574736 -0.00583228 -0.00582085 -0.00572477 -0.00556120 -0.00534065 -0.00505513 -0.00468516 -0.00422208 -0.00280888 -0.00082293 -0.00002306 0.00005534 -0.00000780 -0.00001021 -0.00000460 -0.00075891 0.01093683 0.00472377 1.11359414 36.59712 
1.110 0.02731907 3 1730080.71 3152908.97 5658582.73 -1742523.45 -2536533.20 -2802354.33 -335803414.59 -0.02364201 0.00592569 0.02115486 0.02688456 0.00827462 -0.00397337 -0.00458203 -0.00499735 -0.00530924 -0.00551821 -0.00562637 -0.00563923 -0.00556946 -0.00543518 -0.00524660 -0.00499385 -0.00465517 -0.00422006 -0.00284837 -0.00086167 -0.00003267 0.00005720 -0.00000799 -0.00001048 -0.00000464 -0.00074372 0.01101734 0.00476959 1.14585028 37.61370 
1.140 0.02810140 3 2032339.95 3233548.12 5786210.92 -1814165.91 -2637279.07 -2535974.11 -319727011.81 -0.02463534 0.00431552 0.02052813 0.02772194 0.00924611 -0.00371521 -0.00438285 -0.00484254 -0.00519549 -0.00544218 -0.00558467 -0.00562848 -0.00558631 -0.00547639 -0.00530909 -0.00507459 -0.00475089 -0.00432683 -0.00295756 -0.00092208 -0.00004160 0.00006112 -0.00000792 -0.00001083 -0.00000470 -0.00074865 0.01114087 0.00482488 1.18077928 38.63029 
1.170 0.02900376 3 2248456.00 3230708.92 5927487.27 -1903664.81 -2738139.59 -2267935.79 -304179983.49 -0.02555341 0.00278740 0.02002266 0.02861541 0.00995444 -0.00354057 -0.00424022 -0.00472399 -0.00510005 -0.00536887 -0.00553260 -0.00559716 -0.00557608 -0.00548805 -0.00534264 -0.00512828 -0.00482166 -0.00441124 -0.00305499 -0.00098448 -0.00005210 0.00006512 -0.00000804 -0.00001124 -0.00000473 -0.00075251 0.01123379 0.00486639 1.21153547 39.64688 
1.200 0.02986255 3 2482500.19 3242328.93 6076494.63 -1983395.09 -2831480.13 -2021448.14 -289177152.28 -0.02637174 0.00138659 0.01958281 0.02946672 0.01057495 -0.00346079 -0.00419297 -0.00470028 -0.00509797 -0.00538649 -0.00556810 -0.00564916 -0.00564407 -0.00557201 -0.00544184 -0.00524037 -0.00494303 -0.00453798 -0.00317517 -0.00104829 -0.00005920 0.00006997 -0.00000839 -0.00001176 -0.00000476 -0.00076602 0.01132381 0.00490141 1.23886498 40.66346 
