0.001 0.00012425 5 65487.65 -1430.87 2757.16 895.17 4548.64 58717.56 5524867.82 -0.00000552 -0.00005671 -0.00011965 -0.00003327 0.00000080 0.00004623 0.00005049 0.00004708 0.00004231 0.00003670 0.00003053 0.00002426 0.00001832 0.00001298 0.00000828 0.00000418 0.00000067 -0.00000226 -0.00000446 0.00000066 0.00001019 -0.00000005 -0.00001038 -0.00000148 0.00000185 0.00000324 -0.00003729 -0.00001576 -0.00261785 0.09427 
0.030 0.00187567 5 1860881.89 -93874.07 62417.82 57626.54 146149.42 1688562.18 161052550.60 -0.00060270 -0.00180519 -0.00097188 -0.00060953 -0.00037230 -0.00032597 -0.00031338 -0.00029549 -0.00026855 -0.00023387 -0.00019426 -0.00015343 -0.00011464 -0.00008032 -0.00005191 -0.00002998 -0.00001435 -0.00000431 0.00000466 0.00000467 0.00000455 -0.00000282 -0.00000851 -0.00000290 -0.00000055 -0.00001646 -0.00070744 -0.00034038 -0.04473914 2.82822 
0.060 0.00348501 5 3423363.33 -335284.15 53260.89 181490.20 323033.99 3200862.40 310127686.90 -0.00110175 -0.00341006 -0.00177444 -0.00118045 -0.00072738 -0.00073314 -0.00072761 -0.00070688 -0.00067002 -0.00061691 -0.00054878 -0.00046825 -0.00038000 -0.00029092 -0.00020872 -0.00013830 -0.00008230 -0.00004100 0.00000680 0.00001499 0.00000201 -0.00000442 -0.00000545 -0.00000344 -0.00000251 -0.00004665 -0.00133604 -0.00065109 -0.08645235 5.65644 
0.090 0.00497575 5 4764364.73 -568701.26 -74596.34 319399.07 516516.06 4571747.19 445279834.39 -0.00154970 -0.00489874 -0.00252558 -0.00172903 -0.00104511 -0.00109365 -0.00109969 -0.00108331 -0.00104684 -0.00098957 -0.00091050 -0.00080941 -0.00068976 -0.00055866 -0.00042571 -0.00030228 -0.00019725 -0.00011453 -0.00000623 0.00002728 0.00000246 -0.00000501 -0.00000207 -0.00000348 -0.00000395 -0.00007935 -0.00191919 -0.00094182 -0.12582290 8.48466 
0.120 0.00639361 5 5927271.38 -724944.89 -341588.71 441605.39 713973.28 5838226.31 566718898.18 -0.00198457 -0.00631419 -0.00324914 -0.00226061 -0.00132416 -0.00139364 -0.00140950 -0.00139739 -0.00136270 -0.00130471 -0.00122263 -0.00111594 -0.00098445 -0.00083221 -0.00066801 -0.00050386 -0.00035352 -0.00022717 -0.00004257 0.00003729 0.00000617 -0.00000416 0.00000121 -0.00000321 -0.00000490 -0.00011097 -0.00247094 -0.00121727 -0.16298477 11.31288 
0.150 0.00779671 5 6816314.60 -838034.71 -738377.91 479093.76 892886.11 7020747.35 671184989.48 -0.00241799 -0.00770753 -0.00397682 -0.00277022 -0.00155426 -0.00160954 -0.00162820 -0.00161778 -0.00158580 -0.00153129 -0.00145298 -0.00134964 -0.00122047 -0.00106541 -0.00088919 -0.00070256 -0.00052030 -0.00035748 -0.00009630 0.00004217 0.00001192 -0.00000203 0.00000405 -0.00000260 -0.00000527 -0.00013734 -0.00299886 -0.00147875 -0.19764676 14.14111 
0.180 0.00912735 5 7368542.23 -981241.41 -992189.98 442931.71 1077985.21 7821056.70 743557272.21 -0.00275717 -0.00889355 -0.00499899 -0.00319606 -0.00173948 -0.00170704 -0.00172173 -0.00171025 -0.00168067 -0.00163185 -0.00156216 -0.00146968 -0.00135271 -0.00121013 -0.00104174 -0.00085397 -0.00066011 -0.00047635 -0.00015564 0.00004043 0.00001762 0.00000062 0.00000621 -0.00000160 -0.00000494 -0.00015355 -0.00352065 -0.00173197 -0.23343674 16.96933 
0.210 0.01049807 5 6399573.07 -1006911.68 -1497424.78 -410615.86 953025.98 8361499.42 720608321.14 -0.00241204 -0.01007747 -0.00661995 -0.00327186 -0.00161471 -0.00098550 -0.00095608 -0.00093024 -0.00090639 -0.00088326 -0.00085891 -0.00083093 -0.00079659 -0.00075296 -0.00069618 -0.00061946 -0.00052156 -0.00041089 -0.00017140 0.00001284 0.00001404 0.00000314 0.00000688 -0.00000053 -0.00000384 -0.00009500 -0.00388110 -0.00186984 -0.25458760 19.79755 
0.240 0.01194569 5 5450618.87 -1141998.13 -1826813.21 -977076.95 909521.87 8486985.30 688047522.35 -0.00144728 -0.01137407 -0.00909903 -0.00335443 -0.00149509 -0.00031506 -0.00022893 -0.00017334 -0.00013566 -0.00011461 -0.00010819 -0.00011386 -0.00012861 -0.00014899 -0.00017039 -0.00018516 -0.00018692 -0.00017029 -0.00008636 -0.00000048 0.00000277 0.00000217 0.00000698 0.00000025 -0.00000297 -0.00002180 -0.00435540 -0.00205329 -0.29065909 22.62577 
0.270 0.01355841 5 3149874.75 -1591077.29 -2377876.87 -2045247.33 837433.72 8326642.52 594912673.68 -0.00017316 -0.01286335 -0.01137842 -0.00324435 -0.00120309 0.00142246 0.00163268 0.00175178 0.00181774 0.00183193 0.00179655 0.00171439 0.00158887 0.00142429 0.00122768 0.00101318 0.00079661 0.00059458 0.00024780 -0.00000068 -0.00002971 -0.00000464 0.00000687 0.00000135 -0.00000206 0.00017475 -0.00464511 -0.00208469 -0.29909290 25.45399 
0.300 0.01506056 5 344620.21 -2744810.91 -3116894.30 -2610320.51 666982.01 8149663.92 512879994.93 0.00064300 -0.01433097 -0.01292446 -0.00328036 -0.00095549 0.00403086 0.00443450 0.00465276 0.00476371 0.00476856 0.00466965 0.00447000 0.00417457 0.00379427 0.00334878 0.00286468 0.00236832 0.00188438 0.00090120 0.00004377 -0.00008879 -0.00002115 0.00000838 0.00000293 -0.00000189 0.00048065 -0.00487207 -0.00202858 -0.28538710 28.28221 
0.330 0.01619961 5 -1489307.11 -3574281.72 -3634627.88 -2979368.61 347247.17 8351723.93 470608900.17 0.00037811 -0.01542736 -0.01334931 -0.00317114 -0.00080067 0.00614641 0.00670286 0.00700185 0.00715171 0.00715379 0.00701129 0.00672822 0.00631303 0.00578249 0.00516182 0.00448322 0.00378078 0.00308639 0.00159880 0.00016988 -0.00012879 -0.00004130 0.00001022 0.00000484 -0.00000182 0.00074501 -0.00497372 -0.00193580 -0.25539999 31.11043 
0.360 0.01684913 5 -3497813.89 -4273259.61 -4059286.62 -3647487.99 133162.80 8349057.54 405518725.98 0.00031171 -0.01604865 -0.01378230 -0.00314931 -0.00041233 0.00820062 0.00887041 0.00921680 0.00937277 0.00934094 0.00912893 0.00874542 0.00820478 0.00752861 0.00674528 0.00588964 0.00500182 0.00412161 0.00220299 0.00027262 -0.00017110 -0.00006040 0.00001179 0.00000693 -0.00000138 0.00098199 -0.00495800 -0.00180254 -0.22360651 33.93865 
0.390 0.01758409 5 -5049588.65 -4895767.08 -4349487.10 -4097183.86 -49776.45 8342625.84 358135367.72 0.00035590 -0.01676239 -0.01433807 -0.00322633 -0.00011963 0.00981779 0.01056864 0.01094333 0.01109529 0.01103044 0.01075976 0.01029653 0.00965922 0.00887225 0.00796626 0.00697951 0.00595470 0.00493459 0.00268998 0.00036414 -0.00020588 -0.00007728 0.00001309 0.00000874 -0.00000101 0.00116661 -0.00502466 -0.00173571 -0.20524885 36.76688 
0.420 0.01791824 5 -5938788.18 -5151803.58 -4440698.77 -4430152.20 -193953.00 8277819.38 321399879.66 0.00042647 -0.01709086 -0.01467365 -0.00325641 0.00011317 0.01080620 0.01160439 0.01199986 0.01215721 0.01208332 0.01179021 0.01129266 0.01061033 0.00976799 0.00879621 0.00773432 0.00662838 0.00552516 0.00306997 0.00046367 -0.00022062 -0.00008956 0.00001383 0.00001007 -0.00000069 0.00129040 -0.00502826 -0.00167164 -0.19092823 39.59510 
0.450 0.01787623 5 -6171111.51 -5136403.66 -4237299.73 -4674543.85 -291034.72 8168170.46 298373992.32 0.00047352 -0.01705286 -0.01470978 -0.00305788 0.00014947 0.01109928 0.01193340 0.01235829 0.01254357 0.01249508 0.01222392 0.01174347 0.01107193 0.01023227 0.00925312 0.00817335 0.00704077 0.00590484 0.00334780 0.00056190 -0.00022008 -0.00009886 0.00001397 0.00001111 -0.00000033 0.00135313 -0.00496134 -0.00160695 -0.17923869 42.42332 
0.480 0.01682536 5 -5723761.83 -4547252.61 -3852185.95 -4895021.35 -306639.71 7877337.79 273368645.17 0.00065978 -0.01603432 -0.01420101 -0.00271522 0.00005367 0.01056444 0.01140245 0.01185656 0.01209223 0.01211146 0.01192043 0.01152558 0.01093880 0.01017786 0.00926717 0.00824302 0.00715255 0.00604629 0.00350788 0.00065201 -0.00020566 -0.00010483 0.00001397 0.00001170 -0.00000021 0.00134146 -0.00470121 -0.00149121 -0.16715222 45.25154 
0.510 0.01592275 5 -5684639.73 -4185840.22 -3584265.39 -5123321.52 -343896.14 7552683.54 239484487.03 0.00088872 -0.01515823 -0.01380730 -0.00244287 0.00007296 0.01033070 0.01116868 0.01163720 0.01190063 0.01196013 0.01181858 0.01147978 0.01095029 0.01024273 0.00937750 0.00838853 0.00732242 0.00623091 0.00368789 0.00074300 -0.00019468 -0.00011137 0.00001391 0.00001229 -0.00000009 0.00134969 -0.00444658 -0.00136746 -0.15283991 48.07976 
0.540 0.01518034 4 5638121.72 -832018.29 -1069193.99 -350025.75 1630781.97 6258577.77 604219372.72 0.00873748 -0.01148566 -0.01518034 -0.00768590 -0.00410374 -0.00494654 -0.00503560 -0.00507755 -0.00509444 -0.00508488 -0.00504682 -0.00497797 -0.00487725 -0.00474709 -0.00459192 -0.00440814 -0.00417944 -0.00388749 -0.00279046 -0.00073758 0.00025244 0.00015210 -0.00000601 -0.00001307 -0.00000194 -0.00067651 -0.00631895 -0.00332155 -0.65254138 50.90798 
0.570 0.01549831 4 5031138.66 -1310991.13 -1099133.46 -36642.22 1800365.81 5677539.65 580995788.05 0.01068452 -0.00978260 -0.01549831 -0.01046780 -0.00472740 -0.00419163 -0.00423322 -0.00424556 -0.00424112 -0.00421859 -0.00417599 -0.00411120 -0.00402381 -0.00391792 -0.00380012 -0.00366621 -0.00349841 -0.00327782 -0.00237753 -0.00060687 0.00024276 0.00013586 -0.00000544 -0.00001122 -0.00000133 -0.00056308 -0.00685051 -0.00351048 -0.72484479 53.73620 
0.600 0.01577069 4 4643234.79 -1546323.64 -1256986.64 375261.87 1934381.35 5136901.85 560391769.22 0.01269831 -0.00824439 -0.01577069 -0.01304850 -0.00543568 -0.00387383 -0.00389124 -0.00388821 -0.00387228 -0.00384218 -0.00379599 -0.00373179 -0.00364983 -0.00355614 -0.00345986 -0.00335557 -0.00322386 -0.00304353 -0.00224162 -0.00058344 0.00023639 0.00013269 -0.00000560 -0.00001077 -0.00000099 -0.00051741 -0.00736543 -0.00372760 -0.80206050 56.56442 
0.630 0.01620727 4 4614388.94 -1552038.87 -1355751.45 663135.93 1944993.45 4914049.88 554057707.06 0.01444309 -0.00784641 -0.01620727 -0.01426017 -0.00652865 -0.00456824 -0.00454797 -0.00451143 -0.00446055 -0.00439412 -0.00431034 -0.00420753 -0.00408681 -0.00395625 -0.00382627 -0.00368965 -0.00352642 -0.00331485 -0.00242439 -0.00062849 0.00024836 0.00014121 -0.00000631 -0.00001152 -0.00000093 -0.00057914 -0.00785890 -0.00399172 -0.87631079 59.39264 
0.660 0.01737963 3 6527338.23 -866672.79 -1699816.15 2193772.54 2113062.01 4786992.62 626495678.65 0.01647710 -0.00537408 -0.01569145 -0.01737963 -0.00810789 -0.00688271 -0.00697895 -0.00700164 -0.00698055 -0.00691445 -0.00680165 -0.00664067 -0.00643336 -0.00618946 -0.00592029 -0.00561855 -0.00526403 -0.00483649 -0.00334014 -0.00079358 0.00029691 0.00016681 -0.00000741 -0.00001409 -0.00000153 -0.00087817 -0.00858492 -0.00449091 -1.01621528 62.22087 
0.690 0.02096755 3 6506871.54 -840126.69 -1731235.29 2599905.47 2245754.38 4232573.68 608641575.67 0.01932590 -0.00238527 -0.01544756 -0.02096755 -0.00948356 -0.00741201 -0.00752055 -0.00754794 -0.00752630 -0.00745444 -0.00733078 -0.00715407 -0.00692667 -0.00665955 -0.00636413 -0.00603296 -0.00564611 -0.00518268 -0.00358600 -0.00088605 0.00028849 0.00017309 -0.00000782 -0.00001471 -0.00000154 -0.00094740 -0.00923472 -0.00483230 -1.13857707 65.04909 
0.720 0.02324349 3 6719097.23 -670026.77 -1739380.16 2797688.47 2326579.53 4004236.15 605190654.59 0.02153673 -0.00103777 -0.01584064 -0.02324349 -0.01065195 -0.00821475 -0.00832946 -0.00835420 -0.00832281 -0.00823418 -0.00808679 -0.00787951 -0.00761507 -0.00730550 -0.00696285 -0.00657963 -0.00613593 -0.00561129 -0.00386378 -0.00096961 0.00028640 0.00017894 -0.00000808 -0.00001533 -0.00000165 -0.00103969 -0.00986122 -0.00517502 -1.24086181 67.87731 
0.750 0.02519950 3 6822941.30 -583567.42 -1733298.73 2972023.22 2355369.52 3812414.70 600227492.70 0.02366425 -0.00015642 -0.01622667 -0.02519950 -0.01191396 -0.00904526 -0.00914741 -0.00915684 -0.00910550 -0.00899232 -0.00881586 -0.00857506 -0.00827266 -0.00792043 -0.00752915 -0.00709014 -0.00658590 -0.00600042 -0.00412886 -0.00106939 0.00027187 0.00018260 -0.00000798 -0.00001573 -0.00000176 -0.00112979 -0.01049078 -0.00551800 -1.33844645 70.70553 
0.780 0.02680162 3 7690087.29 -196278.74 -1486103.15 3235952.24 2362149.62 3774367.31 619634242.19 0.02541459 0.00177833 -0.01547019 -0.02680162 -0.01373822 -0.01097929 -0.01108908 -0.01108421 -0.01099982 -0.01083493 -0.01058823 -0.01025870 -0.00984885 -0.00937019 -0.00883512 -0.00823696 -0.00756097 -0.00679896 -0.00455302 -0.00114457 0.00026831 0.00018288 -0.00000755 -0.00001603 -0.00000221 -0.00132714 -0.01095395 -0.00583997 -1.43617164 73.53375 
0.810 0.02838786 3 9131516.97 73808.99 -722395.61 3531590.58 2291677.80 3956835.20 669936093.14 0.02717457 0.00446608 -0.01409392 -0.02831458 -0.01622939 -0.01376426 -0.01387340 -0.01383884 -0.01369711 -0.01344738 -0.01308871 -0.01262041 -0.01204532 -0.01137567 -0.01062641 -0.00979648 -0.00888036 -0.00788577 -0.00517992 -0.00131645 0.00025471 0.00019234 -0.00000712 -0.00001743 -0.00000305 -0.00160767 -0.01142963 -0.00621197 -1.54966394 76.36197 
0.840 0.03085467 3 9991897.89 -206376.78 126008.67 3951647.38 2166776.48 3953842.14 708573281.63 0.02922480 0.00833778 -0.01201834 -0.03060427 -0.01902141 -0.01593505 -0.01598942 -0.01589265 -0.01567269 -0.01532992 -0.01486504 -0.01427959 -0.01357887 -0.01277717 -0.01189112 -0.01092286 -0.00987102 -0.00874747 -0.00579084 -0.00160471 0.00018876 0.00019719 -0.00000565 -0.00001818 -0.00000367 -0.00182599 -0.01189342 -0.00654537 -1.66811344 79.19019 
