0.001 0.00011212 4 56649.72 -96.18 2317.78 5062.74 6287.11 43078.26 4507731.96 0.00000408 -0.00003838 -0.00011212 -0.00003010 0.00000291 0.00004622 0.00005027 0.00004670 0.00004181 0.00003614 0.00002997 0.00002373 0.00001785 0.00001257 0.00000796 0.00000392 0.00000049 -0.00000239 -0.00000451 0.00000063 0.00001012 -0.00000012 -0.00001042 -0.00000152 0.00000182 0.00000318 -0.00003149 -0.00001307 -0.00235059 0.08387 
0.030 0.00134293 5 1693465.98 4515.27 82942.17 172575.07 193704.07 1239729.39 132571209.71 -0.00032171 -0.00127338 -0.00074903 -0.00051110 -0.00031391 -0.00033289 -0.00032181 -0.00030242 -0.00027288 -0.00023607 -0.00019496 -0.00015313 -0.00011374 -0.00007914 -0.00005068 -0.00002884 -0.00001340 -0.00000357 0.00000500 0.00000463 0.00000399 -0.00000293 -0.00000813 -0.00000309 -0.00000102 -0.00001665 -0.00053720 -0.00026067 -0.03672296 2.51599 
0.060 0.00261370 5 -3684654.19 -58928.25 -319410.08 -426648.31 -380868.85 -2498798.70 -275460567.99 0.00078099 0.00261370 0.00123688 0.00100724 0.00072374 0.00107247 0.00107381 0.00102787 0.00094929 0.00084339 0.00071749 0.00058135 0.00044588 0.00032110 0.00021367 0.00012684 0.00006112 0.00001476 -0.00002943 -0.00001932 0.00000631 -0.00000007 -0.00001066 -0.00000340 -0.00000065 0.00006048 0.00107827 0.00053759 0.07442345 5.03198 
0.090 0.00384727 5 -5450488.00 -80663.35 -495143.83 -636215.10 -561892.22 -3676573.50 -406615595.73 0.00113505 0.00384727 0.00186197 0.00148873 0.00107002 0.00166633 0.00167553 0.00161608 0.00150770 0.00135742 0.00117474 0.00097240 0.00076475 0.00056636 0.00039026 0.00024401 0.00013054 0.00004844 -0.00003722 -0.00003324 0.00000430 0.00000085 -0.00001067 -0.00000351 -0.00000087 0.00009908 0.00159851 0.00080197 0.11181535 7.54797 
0.120 0.00506622 5 -7152135.38 -101080.63 -675114.67 -829998.39 -731738.34 -4814203.34 -532799716.80 0.00149547 0.00506622 0.00247322 0.00195505 0.00141208 0.00228698 0.00230704 0.00223721 0.00210250 0.00191097 0.00167432 0.00140825 0.00113026 0.00085805 0.00060829 0.00039511 0.00022578 0.00010036 -0.00003957 -0.00004910 0.00000148 0.00000178 -0.00001082 -0.00000353 -0.00000086 0.00014204 0.00211088 0.00106499 0.14899150 10.06396 
0.150 0.00629013 5 -8797073.88 -140541.39 -822147.72 -1004206.46 -898486.30 -5931692.01 -655007561.92 0.00186038 0.00629013 0.00308771 0.00241565 0.00174364 0.00299948 0.00304132 0.00297046 0.00281855 0.00259358 0.00230808 0.00197884 0.00162635 0.00127232 0.00093709 0.00063918 0.00039348 0.00020487 -0.00002452 -0.00006968 -0.00000430 0.00000247 -0.00001100 -0.00000347 -0.00000072 0.00019816 0.00262188 0.00133434 0.18732512 12.57995 
0.180 0.00743719 5 -10349266.55 -126057.41 -1003390.49 -1191968.50 -1074531.22 -6953318.92 -771281439.50 0.00215124 0.00743719 0.00369502 0.00286053 0.00207295 0.00379751 0.00386973 0.00380591 0.00364470 0.00339351 0.00306459 0.00267473 0.00224560 0.00180251 0.00137070 0.00097349 0.00063224 0.00036114 0.00000789 -0.00009479 -0.00001316 0.00000282 -0.00001116 -0.00000335 -0.00000049 0.00026657 0.00311247 0.00160066 0.22654427 15.09594 
0.210 0.00838317 5 -11239079.06 -180408.94 -1162203.01 -1256935.17 -1225878.31 -7413653.64 -830269056.85 0.00196266 0.00838317 0.00487906 0.00308128 0.00224182 0.00445686 0.00455321 0.00449824 0.00433553 0.00407142 0.00371704 0.00328800 0.00280533 0.00229535 0.00178681 0.00130765 0.00088347 0.00053392 0.00005342 -0.00011702 -0.00002348 0.00000249 -0.00001095 -0.00000317 -0.00000031 0.00032756 0.00353630 0.00183174 0.26598779 17.61193 
0.240 0.00872682 5 -10304706.64 16239.17 -608873.55 -1220616.15 -1273907.12 -7217549.00 -797479939.80 0.00081568 0.00872682 0.00654878 0.00310161 0.00206077 0.00422826 0.00432676 0.00428938 0.00415694 0.00393287 0.00362414 0.00324062 0.00279748 0.00231622 0.00182353 0.00134839 0.00091925 0.00055937 0.00005718 -0.00012248 -0.00002569 0.00000267 -0.00001020 -0.00000275 0.00000001 0.00032017 0.00371054 0.00190950 0.29134096 20.12792 
0.270 0.00912896 5 -10310347.13 -146693.72 -538229.29 -947095.21 -1134941.48 -7543387.43 -799329872.27 0.00099571 0.00912896 0.00660157 0.00307637 0.00204963 0.00439718 0.00451548 0.00449504 0.00437966 0.00417115 0.00387390 0.00349479 0.00304616 0.00254749 0.00202495 0.00150990 0.00103495 0.00062908 0.00005205 -0.00014854 -0.00003208 0.00000311 -0.00001052 -0.00000352 -0.00000066 0.00034190 0.00377279 0.00195022 0.29401968 22.64391 
0.300 0.00942818 5 -9147803.24 -115587.43 -77454.18 -415762.73 -1252551.52 -7286447.39 -743262673.48 -0.00003652 0.00942818 0.00812480 0.00292450 0.00177636 0.00411073 0.00423629 0.00423932 0.00416244 0.00400602 0.00377126 0.00346023 0.00307831 0.00263722 0.00215667 0.00166430 0.00119170 0.00076970 0.00011686 -0.00015629 -0.00004226 0.00000166 -0.00000953 -0.00000315 -0.00000053 0.00034023 0.00385493 0.00198784 0.31069316 25.15990 
0.330 0.01009010 5 10697415.57 309347.53 625256.10 791142.49 1471189.10 7500480.36 814405795.68 0.00044298 -0.00952983 -0.00922613 -0.00327812 -0.00197319 -0.00562288 -0.00586699 -0.00595457 -0.00594533 -0.00583867 -0.00563429 -0.00533238 -0.00493552 -0.00445183 -0.00389756 -0.00329772 -0.00268303 -0.00208717 -0.00090315 0.00004146 0.00009929 0.00001949 0.00000677 -0.00000056 -0.00000267 -0.00057262 -0.00421723 -0.00228113 -0.37159257 27.67589 
0.360 0.01178327 4 7530859.06 35030.17 -303319.27 -694851.29 1491090.66 7002908.79 665345974.84 0.00257100 -0.01059299 -0.01178327 -0.00289007 -0.00138275 -0.00417778 -0.00436538 -0.00445188 -0.00448050 -0.00445015 -0.00435934 -0.00420626 -0.00398923 -0.00370743 -0.00336251 -0.00296101 -0.00251584 -0.00205059 -0.00101163 -0.00004737 0.00008967 0.00002527 0.00000492 -0.00000091 -0.00000196 -0.00047336 -0.00426280 -0.00224976 -0.38107484 30.19188 
0.390 0.01272503 4 7415656.84 -230698.91 -357688.53 -466222.48 1349670.09 7120596.68 675333861.09 0.00299550 -0.01177728 -0.01272503 -0.00289172 -0.00129529 -0.00399322 -0.00417378 -0.00426188 -0.00429772 -0.00428010 -0.00420734 -0.00407734 -0.00388802 -0.00363790 -0.00332734 -0.00296006 -0.00254426 -0.00209862 -0.00106100 -0.00005898 0.00009115 0.00002619 0.00000541 -0.00000174 -0.00000302 -0.00046462 -0.00447731 -0.00234567 -0.39500619 32.70787 
0.420 0.01498061 5 -6457760.41 335570.71 912566.24 895911.75 -938458.65 -7663350.46 -652819186.40 -0.00290505 0.01498061 0.01369467 0.00280202 0.00126513 0.00352553 0.00366508 0.00372628 0.00375108 0.00373859 0.00368734 0.00359539 0.00346038 0.00327966 0.00305095 0.00277333 0.00244805 0.00208213 0.00113904 0.00010595 -0.00009811 -0.00003317 -0.00000454 -0.00000001 -0.00000123 0.00042442 0.00493053 0.00253678 0.40553215 35.22386 
0.450 0.01485749 4 -5115269.68 811285.46 1447839.37 969526.19 -1260718.81 -7083201.89 -604604998.63 -0.00394925 0.01477725 0.01464159 0.00326151 0.00094956 0.00226287 0.00235341 0.00239889 0.00242991 0.00244545 0.00244374 0.00242246 0.00237859 0.00230846 0.00220824 0.00207472 0.00190587 0.00170147 0.00106870 0.00019089 -0.00007290 -0.00003595 -0.00000447 0.00000091 -0.00000050 0.00030758 0.00496423 0.00249051 0.40986599 37.73985 
0.480 0.01554438 4 -4442588.55 956447.38 1676038.24 1067027.60 -1335956.81 -6806144.96 -573644081.80 -0.00466793 0.01536774 0.01534099 0.00337546 0.00086089 0.00184433 0.00190901 0.00194359 0.00197362 0.00199802 0.00201495 0.00202188 0.00201545 0.00199134 0.00194468 0.00187115 0.00176798 0.00163437 0.00115917 0.00033585 -0.00002812 -0.00003829 -0.00000480 0.00000150 -0.00000008 0.00027966 0.00506218 0.00252159 0.41903942 40.25584 
0.510 0.01463220 5 -6149238.22 93520.28 1638499.38 823081.07 -663066.54 -8041272.40 -647644060.27 -0.00266118 0.01463220 0.01291890 0.00322693 0.00131640 0.00358614 0.00377563 0.00389572 0.00399004 0.00405706 0.00409445 0.00409921 0.00406749 0.00399449 0.00387485 0.00370377 0.00347834 0.00319802 0.00225238 0.00063451 -0.00010985 -0.00009062 -0.00000307 0.00000543 -0.00000057 0.00055370 0.00489065 0.00258676 0.41522814 42.77183 
0.540 0.01683295 5 -6184612.25 -78660.18 1579272.92 922389.85 -607775.69 -7999839.14 -636984210.25 -0.00323034 0.01683295 0.01442775 0.00227480 0.00113519 0.00412047 0.00433333 0.00446578 0.00456692 0.00463526 0.00466854 0.00466384 0.00461754 0.00452520 0.00438164 0.00418192 0.00392299 0.00360462 0.00254721 0.00075095 -0.00010244 -0.00010181 -0.00000254 0.00000707 0.00000013 0.00063117 0.00504616 0.00270081 0.42612966 45.28782 
0.570 0.01748102 5 -7126070.30 -272134.67 976088.95 577205.82 -537022.02 -7870208.38 -657861049.16 -0.00359470 0.01748102 0.01490687 0.00194625 0.00124061 0.00535327 0.00563663 0.00580525 0.00592183 0.00598570 0.00599566 0.00595028 0.00584760 0.00568479 0.00545781 0.00516239 0.00479688 0.00436428 0.00302693 0.00089551 -0.00010212 -0.00011749 -0.00000185 0.00000908 0.00000086 0.00079128 0.00513387 0.00282698 0.44952269 47.80381 
0.600 0.01766279 5 -2399830.90 1426935.64 3681069.55 2348208.27 207489.67 -10063534.03 -614260162.01 0.00232180 0.01766279 0.01149067 0.00322210 0.00105009 -0.00270054 -0.00295499 -0.00307691 -0.00311802 -0.00307816 -0.00295829 -0.00276002 -0.00248789 -0.00215219 -0.00177053 -0.00136729 -0.00096970 -0.00060755 -0.00004327 0.00015852 0.00004339 -0.00000932 -0.00001213 -0.00000378 -0.00000176 -0.00025926 0.00528066 0.00233773 0.28534018 50.31980 
0.630 0.01887652 5 -2214193.32 1508009.10 3617322.88 2410643.62 341259.12 -10091428.04 -605626672.10 0.00183274 0.01887652 0.01243568 0.00323859 0.00105302 -0.00283468 -0.00311444 -0.00325506 -0.00331247 -0.00328643 -0.00317760 -0.00298732 -0.00271922 -0.00238251 -0.00199369 -0.00157603 -0.00115565 -0.00076261 -0.00010734 0.00016953 0.00004828 -0.00000970 -0.00001180 -0.00000377 -0.00000192 -0.00028468 0.00552385 0.00243822 0.30063165 52.83579 
0.660 0.02010477 5 -1978997.20 1634750.04 3565133.54 2469979.19 465406.87 -10114266.84 -596975213.24 0.00135248 0.02010477 0.01337415 0.00325753 0.00105651 -0.00300770 -0.00331538 -0.00347542 -0.00354849 -0.00353432 -0.00343354 -0.00324747 -0.00297950 -0.00263815 -0.00223924 -0.00180521 -0.00136106 -0.00093618 -0.00018345 0.00018517 0.00005899 -0.00000924 -0.00001162 -0.00000384 -0.00000206 -0.00031373 0.00576812 0.00253730 0.31539724 55.35178 
0.690 0.02127615 5 -1719319.97 1767818.15 3507197.49 2543760.51 573479.83 -10111575.95 -586673164.28 0.00084015 0.02127615 0.01428908 0.00326051 0.00105796 -0.00317737 -0.00351427 -0.00369480 -0.00378445 -0.00378297 -0.00369108 -0.00351023 -0.00324374 -0.00289935 -0.00249225 -0.00204423 -0.00157911 -0.00112541 -0.00027796 0.00019125 0.00006433 -0.00001002 -0.00001125 -0.00000377 -0.00000219 -0.00034466 0.00599406 0.00262678 0.32915402 57.86777 
0.720 0.02222737 5 -1566691.50 1880932.76 3348755.67 2612663.18 660273.44 -10069316.55 -577864230.51 0.00027141 0.02222737 0.01507919 0.00322406 0.00110606 -0.00319507 -0.00355842 -0.00376030 -0.00387005 -0.00388748 -0.00381339 -0.00364937 -0.00339862 -0.00306775 -0.00267034 -0.00222649 -0.00175773 -0.00129069 -0.00036981 0.00019517 0.00007369 -0.00000928 -0.00001101 -0.00000382 -0.00000231 -0.00036314 0.00617607 0.00270229 0.34257817 60.38376 
0.750 0.02276183 5 -1722088.00 1939440.94 2946894.30 2667878.79 741104.28 -10017406.31 -576961201.79 -0.00027517 0.02276183 0.01553032 0.00304957 0.00127765 -0.00286384 -0.00323778 -0.00345549 -0.00358649 -0.00363067 -0.00358890 -0.00346288 -0.00325580 -0.00297311 -0.00262428 -0.00222514 -0.00179261 -0.00134978 -0.00042657 0.00018550 0.00006879 -0.00001212 -0.00001039 -0.00000350 -0.00000237 -0.00034884 0.00626688 0.00275245 0.35425735 62.89975 
0.780 0.02297145 5 -2203566.95 1935124.32 2722972.51 2657317.64 790373.13 -10309354.55 -606104440.18 -0.00011289 0.02297145 0.01520054 0.00296605 0.00148959 -0.00256299 -0.00293285 -0.00315502 -0.00329676 -0.00335800 -0.00333967 -0.00324358 -0.00307297 -0.00283317 -0.00253197 -0.00218057 -0.00178995 -0.00137877 -0.00047667 0.00016246 0.00006007 -0.00001403 -0.00001025 -0.00000324 -0.00000225 -0.00033196 0.00629082 0.00277264 0.35470627 65.41574 
0.810 0.02354886 5 -2091701.41 1968094.96 2585505.59 2725789.11 850947.98 -10222039.05 -594794241.38 -0.00073027 0.02354886 0.01573411 0.00280850 0.00160094 -0.00236422 -0.00274656 -0.00298167 -0.00313761 -0.00321470 -0.00321438 -0.00313905 -0.00299271 -0.00278144 -0.00251289 -0.00219480 -0.00183404 -0.00144478 -0.00054474 0.00014123 0.00005438 -0.00001534 -0.00000970 -0.00000306 -0.00000229 -0.00032676 0.00637591 0.00281529 0.36539383 67.93173 
0.840 0.02389587 5 -2051664.32 1991761.75 2417902.30 2776859.53 900415.41 -10138603.31 -586476459.88 -0.00127820 0.02389587 0.01606377 0.00263559 0.00177255 -0.00205575 -0.00244696 -0.00269336 -0.00286309 -0.00295673 -0.00297596 -0.00292349 -0.00280373 -0.00262331 -0.00239020 -0.00211122 -0.00179066 -0.00143641 -0.00056977 0.00013234 0.00004487 -0.00002090 -0.00000895 -0.00000245 -0.00000227 -0.00030746 0.00642495 0.00284854 0.37533751 70.44772 
0.870 0.02400737 5 -2065263.51 2025088.74 2245091.07 2812556.55 925297.77 -10073297.63 -582438704.66 -0.00162891 0.02400737 0.01620764 0.00250011 0.00188725 -0.00178820 -0.00218483 -0.00243990 -0.00262117 -0.00272920 -0.00276561 -0.00273311 -0.00263612 -0.00248142 -0.00227711 -0.00202979 -0.00174246 -0.00141879 -0.00059077 0.00011313 0.00003544 -0.00002340 -0.00000856 -0.00000216 -0.00000223 -0.00029046 0.00642962 0.00285975 0.38065591 72.96371 
0.900 0.02394811 5 -2111254.54 2125355.91 2018841.97 2835152.59 917905.12 -10008510.12 -582978653.20 -0.00188141 0.02394811 0.01624020 0.00242055 0.00201131 -0.00155401 -0.00195406 -0.00221530 -0.00240496 -0.00252355 -0.00257270 -0.00255506 -0.00247510 -0.00233966 -0.00215695 -0.00193338 -0.00167142 -0.00137313 -0.00058827 0.00009306 0.00002263 -0.00002557 -0.00000824 -0.00000190 -0.00000215 -0.00027339 0.00642444 0.00286640 0.38535793 75.47970 
0.930 0.02340016 5 -2192873.54 2360470.26 1669346.93 2841042.68 784054.53 -9847787.94 -588732071.96 -0.00218432 0.02340016 0.01610890 0.00246283 0.00226792 -0.00126154 -0.00167140 -0.00194399 -0.00214703 -0.00228097 -0.00234734 -0.00234876 -0.00228970 -0.00217722 -0.00201967 -0.00182341 -0.00159038 -0.00132106 -0.00058481 0.00007368 0.00000998 -0.00002819 -0.00000798 -0.00000159 -0.00000204 -0.00025306 0.00640918 0.00287004 0.39396019 77.99569 
0.960 0.02271334 5 -2302563.18 2579034.95 1338009.88 2810971.34 676037.45 -9706616.81 -595692784.79 -0.00244119 0.02271334 0.01583274 0.00251183 0.00254405 -0.00094429 -0.00136251 -0.00164524 -0.00186074 -0.00200938 -0.00209264 -0.00211308 -0.00207520 -0.00198619 -0.00185458 -0.00168662 -0.00148382 -0.00124534 -0.00056547 0.00006020 -0.00000165 -0.00003100 -0.00000773 -0.00000124 -0.00000191 -0.00022863 0.00636588 0.00286272 0.40101923 80.51168 
0.990 0.02249856 3 11008655.90 192943.64 1046199.55 3609690.20 2346968.67 3812853.84 720257573.27 0.01967668 0.01289016 -0.00450148 -0.02224000 -0.01507289 -0.01402193 -0.01409640 -0.01396591 -0.01367577 -0.01322737 -0.01262349 -0.01186944 -0.01098809 -0.01005008 -0.00913617 -0.00829264 -0.00750796 -0.00671829 -0.00444848 -0.00101485 0.00030746 0.00016097 -0.00000926 -0.00001729 -0.00000549 -0.00147888 -0.00780912 -0.00444635 -1.19000665 83.02767 
1.020 0.02103476 3 9694236.80 -1325438.44 1885465.28 3113664.77 2145955.42 3874589.76 708284159.27 0.01993031 0.01276446 -0.00357600 -0.02074150 -0.01659381 -0.01426329 -0.01413568 -0.01387000 -0.01347235 -0.01294330 -0.01228398 -0.01149747 -0.01060702 -0.00969615 -0.00886405 -0.00816683 -0.00754927 -0.00691001 -0.00476734 -0.00122439 0.00023713 0.00015827 -0.00000812 -0.00001712 -0.00000559 -0.00148123 -0.00772637 -0.00440881 -1.18416082 85.54366 
1.050 0.01979024 5 -2708128.21 3172955.14 406551.76 2342945.63 696879.51 -9327460.26 -613854612.36 -0.00299269 0.01979024 0.01430316 0.00287594 0.00340456 0.00002987 -0.00040275 -0.00070730 -0.00095236 -0.00113809 -0.00126574 -0.00133769 -0.00135835 -0.00133482 -0.00127534 -0.00118558 -0.00106627 -0.00091544 -0.00043228 0.00002547 -0.00004235 -0.00003844 -0.00000709 -0.00000026 -0.00000145 -0.00014423 0.00610603 0.00278574 0.41597222 88.05965 
1.080 0.02000258 2 -11097528.65 1065713.15 -4403505.90 -1895235.27 -1066201.65 -4798298.98 -724446661.61 -0.01558324 -0.00340586 -0.00100895 0.00752119 0.01992009 0.02538453 0.02523389 0.02492771 0.02447922 0.02388937 0.02315923 0.02228575 0.02123314 0.01990647 0.01822333 0.01618588 0.01393806 0.01165276 0.00675563 0.00136291 -0.00046148 -0.00028626 0.00001441 0.00002611 0.00000218 0.00266807 0.00622003 0.00433314 1.04677075 90.57564 
1.110 0.02139967 2 -10447679.38 2065146.38 -5387524.50 -1276952.23 -694906.10 -5153442.94 -724508087.67 -0.01576210 -0.00409548 -0.00198856 0.00737483 0.02133035 0.02576384 0.02548344 0.02508795 0.02456473 0.02391504 0.02314005 0.02223529 0.02115801 0.01980842 0.01810310 0.01605550 0.01381075 0.01153772 0.00669004 0.00132298 -0.00049740 -0.00029486 0.00001589 0.00002702 0.00000216 0.00266023 0.00635808 0.00439370 1.06627322 93.09163 
1.140 0.02262857 2 -9685951.57 3164211.91 -6289961.58 -680828.58 -362749.37 -5516623.95 -726551735.04 -0.01600193 -0.00444932 -0.00258383 0.00728094 0.02256808 0.02588786 0.02547630 0.02499367 0.02440199 0.02370268 0.02289681 0.02197828 0.02089804 0.01955302 0.01785831 0.01583576 0.01362723 0.01139512 0.00663875 0.00131306 -0.00052188 -0.00030535 0.00001687 0.00002812 0.00000231 0.00263442 0.00655006 0.00446998 1.08676623 95.60762 
1.170 0.02364897 2 -8866887.49 4244798.30 -7070627.76 -153627.68 -109535.17 -5777895.17 -725364652.01 -0.01623706 -0.00481934 -0.00300117 0.00723012 0.02359142 0.02579960 0.02526353 0.02469999 0.02404716 0.02330665 0.02247947 0.02155818 0.02048903 0.01916627 0.01750257 0.01552641 0.01337661 0.01120834 0.00658141 0.00132582 -0.00053436 -0.00031561 0.00001782 0.00002919 0.00000238 0.00259310 0.00671573 0.00452569 1.10327587 98.12361 
1.200 0.02441727 2 -3845510.95 4010616.02 -2799017.64 -3829032.26 -1466260.08 238183.01 -365899283.64 -0.02264815 -0.01661922 -0.00863815 0.01405258 0.02407632 0.02207191 0.02158389 0.02109530 0.02054359 0.01993083 0.01925889 0.01852328 0.01767836 0.01662024 0.01526097 0.01362107 0.01183146 0.01002628 0.00611178 0.00142949 -0.00042725 -0.00029517 0.00001999 0.00002822 0.00000183 0.00226643 0.00545086 0.00375922 1.12117446 100.63960 
