0.001 0.00011791 4 72332.62 -1280.65 4091.21 7776.43 8282.54 53463.09 5743011.20 0.00000137 -0.00004917 -0.00011791 -0.00003501 -0.00000056 0.00004283 0.00004708 0.00004384 0.00003936 0.00003414 0.00002840 0.00002258 0.00001707 0.00001211 0.00000773 0.00000387 0.00000054 -0.00000227 -0.00000437 0.00000072 0.00001019 -0.00000005 -0.00001038 -0.00000148 0.00000185 0.00000306 -0.00003633 -0.00001541 -0.00268753 0.10649 
0.030 0.00170795 5 2090650.97 -25883.20 115730.23 198089.88 226992.79 1575721.28 166267790.84 -0.00044143 -0.00163768 -0.00093087 -0.00064126 -0.00040345 -0.00041360 -0.00039906 -0.00037317 -0.00033483 -0.00028753 -0.00023524 -0.00018287 -0.00013426 -0.00009204 -0.00005769 -0.00003162 -0.00001338 -0.00000189 0.00000742 0.00000563 0.00000448 -0.00000293 -0.00000852 -0.00000288 -0.00000053 -0.00002010 -0.00068340 -0.00033104 -0.04609824 3.19459 
0.060 0.00323003 5 3981296.40 -79263.42 203274.64 394791.78 438488.34 3024005.06 319435722.22 -0.00087798 -0.00315539 -0.00170807 -0.00122342 -0.00078832 -0.00089137 -0.00087604 -0.00083093 -0.00075807 -0.00066274 -0.00055203 -0.00043536 -0.00032284 -0.00022353 -0.00014166 -0.00007844 -0.00003308 -0.00000332 0.00002158 0.00001302 -0.00000026 -0.00000479 -0.00000535 -0.00000344 -0.00000255 -0.00004663 -0.00130487 -0.00063646 -0.08817909 6.38917 
0.090 0.00467934 5 5727285.60 -92310.28 252708.36 551327.71 634473.35 4381086.46 460393584.67 -0.00128910 -0.00460212 -0.00243982 -0.00176167 -0.00114142 -0.00138465 -0.00137695 -0.00132106 -0.00122213 -0.00108671 -0.00092442 -0.00074818 -0.00057181 -0.00040850 -0.00026927 -0.00015844 -0.00007619 -0.00001983 0.00003313 0.00002363 -0.00000335 -0.00000605 -0.00000165 -0.00000347 -0.00000413 -0.00007780 -0.00188704 -0.00092593 -0.12803517 9.58376 
0.120 0.00603141 5 7350825.84 -120061.24 321858.32 717233.83 817768.50 5614026.43 590802122.44 -0.00168744 -0.00595205 -0.00312191 -0.00227515 -0.00148358 -0.00188792 -0.00188544 -0.00181860 -0.00169600 -0.00152469 -0.00131594 -0.00108502 -0.00084899 -0.00062440 -0.00042533 -0.00026203 -0.00013749 -0.00004938 0.00004070 0.00003620 -0.00000436 -0.00000642 0.00000223 -0.00000313 -0.00000529 -0.00011111 -0.00243954 -0.00120262 -0.16634879 12.77834 
0.150 0.00728580 5 8915020.52 -87178.20 410103.65 874933.10 992929.55 6724232.43 710289702.92 -0.00205198 -0.00719806 -0.00376360 -0.00275431 -0.00180448 -0.00254654 -0.00255628 -0.00248284 -0.00234001 -0.00213458 -0.00187811 -0.00158637 -0.00127907 -0.00097658 -0.00069697 -0.00045545 -0.00026338 -0.00012177 0.00003852 0.00005551 -0.00000130 -0.00000595 0.00000589 -0.00000231 -0.00000587 -0.00015995 -0.00295813 -0.00147167 -0.20442230 15.97293 
0.180 0.00823534 5 10432196.06 11118.10 636842.28 1107512.29 1118742.16 7557981.23 810707365.97 -0.00225999 -0.00810027 -0.00427237 -0.00313075 -0.00209249 -0.00337638 -0.00341947 -0.00335308 -0.00320044 -0.00296828 -0.00266816 -0.00231593 -0.00193243 -0.00154198 -0.00116757 -0.00082880 -0.00054177 -0.00031454 -0.00001510 0.00007821 0.00000899 -0.00000434 0.00000869 -0.00000112 -0.00000570 -0.00023345 -0.00336730 -0.00170252 -0.23966197 19.16751 
0.210 0.00918966 5 -11356735.16 -90562.50 -1052347.34 -1287949.68 -1117356.96 -7808518.67 -854698605.99 0.00206442 0.00918966 0.00560989 0.00327319 0.00233916 0.00440135 0.00448226 0.00441833 0.00425033 0.00398401 0.00362990 0.00320303 0.00272423 0.00222014 0.00172037 0.00125323 0.00084408 0.00051031 0.00005199 -0.00011115 -0.00002193 0.00000169 -0.00001210 -0.00000406 -0.00000102 0.00031973 0.00384733 0.00197339 0.28582795 22.36210 
0.240 0.01059643 5 -11279441.98 26297.21 -822244.00 -1269858.33 -1020388.04 -8193248.82 -872737535.30 0.00139566 0.01059643 0.00775623 0.00345888 0.00234930 0.00471590 0.00481589 0.00477435 0.00463422 0.00439778 0.00407055 0.00366133 0.00318505 0.00266405 0.00212696 0.00160561 0.00113115 0.00072778 0.00013433 -0.00012427 -0.00003488 0.00000007 -0.00001118 -0.00000388 -0.00000121 0.00036600 0.00438456 0.00224981 0.33583712 25.55668 
0.270 0.01219084 5 -8486140.87 140497.41 341874.70 70376.92 -1330630.60 -7708259.29 -746250771.92 -0.00098668 0.01219084 0.01133849 0.00323825 0.00180235 0.00378987 0.00386965 0.00385498 0.00377937 0.00364262 0.00344465 0.00318556 0.00286713 0.00249545 0.00208463 0.00165811 0.00124443 0.00087021 0.00025079 -0.00009608 -0.00004381 -0.00000439 -0.00000891 -0.00000349 -0.00000181 0.00032441 0.00472078 0.00238533 0.37643557 28.75127 
0.300 0.01388739 5 -6440944.74 274481.29 941069.72 938562.69 -1205728.94 -7389329.50 -645256865.73 -0.00267039 0.01388739 0.01334292 0.00297167 0.00142633 0.00298424 0.00303354 0.00302098 0.00297136 0.00288420 0.00275865 0.00259359 0.00238802 0.00214201 0.00185863 0.00154708 0.00122376 0.00091050 0.00032924 -0.00006132 -0.00004642 -0.00000797 -0.00000704 -0.00000302 -0.00000213 0.00027351 0.00487355 0.00242990 0.39061592 31.94585 
0.330 0.01546318 5 -5258354.17 498469.09 1285827.81 1302183.59 -1068048.60 -7276786.07 -595491665.08 -0.00362450 0.01546318 0.01472037 0.00287447 0.00123688 0.00235688 0.00237242 0.00235060 0.00230851 0.00224556 0.00216062 0.00205213 0.00191827 0.00175741 0.00156903 0.00135473 0.00111976 0.00087617 0.00036485 -0.00003544 -0.00004558 -0.00000991 -0.00000614 -0.00000258 -0.00000207 0.00022489 0.00508146 0.00250153 0.40271066 35.14044 
0.360 0.01774808 5 -4419129.35 648931.48 1542405.11 1632593.11 -861287.14 -7381771.92 -564159697.20 -0.00431809 0.01774808 0.01626958 0.00280911 0.00106985 0.00177154 0.00175497 0.00172295 0.00168541 0.00164157 0.00159002 0.00152878 0.00145541 0.00136721 0.00126177 0.00113746 0.00099337 0.00082992 0.00041060 -0.00000297 -0.00004455 -0.00001204 -0.00000568 -0.00000174 -0.00000149 0.00017824 0.00543541 0.00264268 0.41964589 38.33502 
0.390 0.01974290 5 -3822059.12 959147.74 1668655.04 1844103.90 -895890.70 -7398075.12 -552460057.89 -0.00495553 0.01974290 0.01785589 0.00308957 0.00102633 0.00119983 0.00114251 0.00109151 0.00104919 0.00101465 0.00098621 0.00096153 0.00093754 0.00091065 0.00087734 0.00083464 0.00078008 0.00070960 0.00043370 0.00003722 -0.00004275 -0.00001502 -0.00000526 -0.00000109 -0.00000114 0.00012557 0.00590198 0.00283341 0.44788023 41.52961 
0.420 0.02096009 5 -3204211.95 1266836.11 1830744.85 1946335.22 -951630.16 -7296497.98 -536765097.69 -0.00553700 0.02096009 0.01905107 0.00361992 0.00100710 0.00043569 0.00032603 0.00024816 0.00019346 0.00016100 0.00014896 0.00015470 0.00017459 0.00020423 0.00023927 0.00027621 0.00031226 0.00034235 0.00029892 0.00005587 -0.00003187 -0.00001443 -0.00000481 -0.00000080 -0.00000093 0.00003880 0.00629105 0.00296971 0.47109653 44.72419 
0.450 0.02185180 5 -2767568.10 1397927.21 1962852.72 1937758.43 -821217.43 -7244889.01 -519139680.09 -0.00599089 0.02185180 0.01984626 0.00410452 0.00098713 -0.00009937 -0.00024466 -0.00034291 -0.00040915 -0.00044427 -0.00045014 -0.00042963 -0.00038694 -0.00032745 -0.00025622 -0.00017651 -0.00009007 -0.00000008 0.00014045 0.00005627 -0.00002696 -0.00001389 -0.00000442 -0.00000048 -0.00000067 -0.00002871 0.00657784 0.00306829 0.48819483 47.91878 
0.480 0.02158306 5 -2547817.93 1679686.45 1841203.27 1748119.63 -815535.57 -7001291.71 -510981339.19 -0.00637326 0.02158306 0.01998580 0.00466459 0.00114566 -0.00034629 -0.00052221 -0.00064091 -0.00072214 -0.00076675 -0.00077664 -0.00075491 -0.00070651 -0.00063800 -0.00055541 -0.00046166 -0.00035674 -0.00024152 0.00000087 0.00003782 -0.00003213 -0.00001473 -0.00000394 0.00000004 -0.00000033 -0.00006989 0.00671695 0.00311162 0.50311441 51.11336 
0.510 0.02095440 5 -2514346.85 1816176.53 1764983.42 1522503.50 -935032.17 -6682978.13 -506075510.29 -0.00682513 0.02095440 0.01985925 0.00502162 0.00143647 -0.00023456 -0.00042538 -0.00055724 -0.00065095 -0.00070732 -0.00072823 -0.00071685 -0.00067850 -0.00062043 -0.00054933 -0.00046816 -0.00037600 -0.00027205 -0.00003031 0.00002834 -0.00003961 -0.00001625 -0.00000339 0.00000057 -0.00000006 -0.00006800 0.00676072 0.00313314 0.51748690 54.30795 
0.540 0.02109847 5 -2380813.16 1790265.92 1836518.59 1462564.57 -977511.45 -6492650.79 -493687454.07 -0.00735900 0.02109847 0.02018999 0.00524965 0.00153834 -0.00019505 -0.00039003 -0.00052577 -0.00062353 -0.00068414 -0.00070955 -0.00070315 -0.00067077 -0.00062053 -0.00055996 -0.00049209 -0.00041487 -0.00032551 -0.00009536 -0.00000996 -0.00005588 -0.00001801 -0.00000248 0.00000093 -0.00000007 -0.00007241 0.00686355 0.00317901 0.53138175 57.50253 
0.570 0.02178281 5 -2036429.43 1799389.26 1972762.12 1606790.15 -978807.69 -6436563.27 -477111065.50 -0.00785757 0.02178281 0.02088105 0.00555172 0.00149462 -0.00058251 -0.00079952 -0.00094861 -0.00105536 -0.00112056 -0.00114613 -0.00113561 -0.00109520 -0.00103356 -0.00095850 -0.00087260 -0.00077290 -0.00065574 -0.00032958 -0.00008048 -0.00005513 -0.00001250 -0.00000247 0.00000039 -0.00000023 -0.00013138 0.00705601 0.00323790 0.54298607 60.69712 
0.600 0.02238760 5 -1665511.14 1851071.93 2103896.93 1749446.13 -978149.76 -6391776.37 -461538432.54 -0.00835125 0.02238760 0.02150467 0.00590276 0.00153872 -0.00097645 -0.00122614 -0.00139604 -0.00151779 -0.00159213 -0.00162098 -0.00160794 -0.00155951 -0.00148487 -0.00139236 -0.00128449 -0.00115766 -0.00100724 -0.00056836 -0.00014131 -0.00005448 -0.00000874 -0.00000246 -0.00000001 -0.00000038 -0.00019389 0.00726801 0.00330408 0.55658263 63.89170 
0.630 0.02292985 5 -1242686.80 1957125.53 2257741.21 1879045.25 -1009317.81 -6327280.97 -446438783.02 -0.00880946 0.02292985 0.02209777 0.00620850 0.00158101 -0.00141560 -0.00170806 -0.00190553 -0.00204743 -0.00213445 -0.00216848 -0.00215311 -0.00209496 -0.00200368 -0.00188834 -0.00175197 -0.00159080 -0.00139945 -0.00082930 -0.00020802 -0.00005657 -0.00000574 -0.00000240 -0.00000037 -0.00000053 -0.00026485 0.00746025 0.00335649 0.56762658 67.08629 
0.660 0.02380981 5 -829223.05 2050206.62 2377569.71 2097571.86 -1004045.29 -6350525.95 -432681872.10 -0.00911215 0.02380981 0.02279796 0.00637704 0.00163912 -0.00187739 -0.00221712 -0.00244493 -0.00260923 -0.00271070 -0.00275121 -0.00273421 -0.00266605 -0.00255628 -0.00241454 -0.00224511 -0.00204519 -0.00180954 -0.00110359 -0.00027593 -0.00005133 -0.00000013 -0.00000281 -0.00000111 -0.00000069 -0.00033950 0.00769515 0.00342695 0.57766008 70.28087 
0.690 0.02442329 5 -417777.29 2177835.69 2503845.80 2268644.05 -999512.09 -6368590.74 -420778814.91 -0.00913500 0.02442329 0.02318298 0.00630746 0.00171837 -0.00234564 -0.00274121 -0.00300573 -0.00319819 -0.00331926 -0.00337070 -0.00335555 -0.00327907 -0.00314952 -0.00297630 -0.00276570 -0.00251792 -0.00222994 -0.00137782 -0.00033433 -0.00004214 0.00000419 -0.00000342 -0.00000194 -0.00000102 -0.00041702 0.00782551 0.00344688 0.57683018 73.47546 
0.720 0.02483451 5 267492.28 2283874.39 2752908.61 2507446.54 -941169.17 -6335568.09 -393293852.04 -0.00929335 0.02483451 0.02352803 0.00644631 0.00181828 -0.00307091 -0.00353696 -0.00384682 -0.00407333 -0.00421702 -0.00427951 -0.00426349 -0.00417340 -0.00401626 -0.00380067 -0.00353308 -0.00321521 -0.00284766 -0.00179462 -0.00046643 -0.00004271 0.00001394 -0.00000386 -0.00000325 -0.00000150 -0.00053412 0.00796516 0.00345014 0.57599175 76.67005 
0.750 0.02420413 5 681601.82 2374363.08 2972526.18 2478562.84 -954611.73 -6189238.55 -376228760.47 -0.01018712 0.02420413 0.02354062 0.00745163 0.00246164 -0.00325582 -0.00377811 -0.00412650 -0.00438587 -0.00455674 -0.00464075 -0.00464061 -0.00456081 -0.00440831 -0.00419134 -0.00391580 -0.00358332 -0.00319588 -0.00207929 -0.00060093 -0.00005562 0.00002360 -0.00000395 -0.00000422 -0.00000167 -0.00059117 0.00824657 0.00355175 0.61096704 79.86463 
0.780 0.02245680 4 546789.42 2955028.61 2706652.19 2295809.14 -1271848.70 -6138851.82 -411426722.59 -0.01079682 0.02166331 0.02219475 0.00839185 0.00339824 -0.00285126 -0.00341670 -0.00380245 -0.00409936 -0.00430775 -0.00442906 -0.00446586 -0.00442256 -0.00430609 -0.00412441 -0.00388267 -0.00358188 -0.00322367 -0.00216059 -0.00068397 -0.00007869 0.00002551 -0.00000389 -0.00000421 -0.00000143 -0.00057968 0.00820415 0.00353797 0.63568421 83.05922 
0.810 0.02108372 4 1045362.15 3233686.24 2843061.69 2003214.24 -1237527.66 -5797072.35 -390235504.10 -0.01170144 0.01880683 0.02085553 0.01000616 0.00426203 -0.00304967 -0.00366773 -0.00408751 -0.00441178 -0.00464083 -0.00477613 -0.00482035 -0.00477824 -0.00465726 -0.00446574 -0.00420839 -0.00388528 -0.00349821 -0.00234915 -0.00074561 -0.00008381 0.00002758 -0.00000357 -0.00000431 -0.00000148 -0.00062676 0.00822708 0.00352371 0.66607760 86.25380 
0.840 0.02089022 4 1609852.79 3079567.29 3031547.24 2290896.12 -1068612.59 -5723545.27 -351069360.13 -0.01305979 0.01797805 0.02065614 0.01119751 0.00524935 -0.00288217 -0.00356090 -0.00402450 -0.00438878 -0.00465398 -0.00482153 -0.00489412 -0.00487677 -0.00477751 -0.00460468 -0.00436181 -0.00404774 -0.00366338 -0.00248889 -0.00080112 -0.00007842 0.00003612 -0.00000362 -0.00000503 -0.00000160 -0.00064143 0.00855106 0.00366779 0.71602539 89.44839 
0.870 0.01949046 4 1751598.64 2977158.89 3087855.10 2172165.19 -936064.05 -5549516.50 -331268803.52 -0.01416577 0.01519354 0.01929431 0.01267255 0.00636708 -0.00233338 -0.00303795 -0.00352441 -0.00391428 -0.00420782 -0.00440647 -0.00451303 -0.00453292 -0.00447518 -0.00434917 -0.00415558 -0.00389031 -0.00355483 -0.00247255 -0.00083853 -0.00009207 0.00003849 -0.00000305 -0.00000509 -0.00000160 -0.00060275 0.00861210 0.00371695 0.76046211 92.64297 
0.900 0.01807194 4 1860944.31 3032211.45 2843607.68 2073287.39 -661138.52 -5427023.69 -313672041.67 -0.01530367 0.01254844 0.01789989 0.01408270 0.00756298 -0.00161825 -0.00235492 -0.00287120 -0.00329314 -0.00362098 -0.00385611 -0.00400141 -0.00406317 -0.00405434 -0.00398564 -0.00385194 -0.00364377 -0.00336265 -0.00238942 -0.00085355 -0.00011108 0.00003684 -0.00000201 -0.00000465 -0.00000154 -0.00054650 0.00868714 0.00378201 0.80725782 95.83756 
0.930 0.01756176 4 1882316.45 2664989.65 2817215.63 2284840.30 -356097.19 -5528631.94 -290887255.91 -0.01663560 0.01143389 0.01737616 0.01543753 0.00872767 -0.00083861 -0.00159106 -0.00212780 -0.00257519 -0.00293341 -0.00320384 -0.00338879 -0.00349481 -0.00353854 -0.00352882 -0.00345752 -0.00331653 -0.00309887 -0.00227499 -0.00087214 -0.00012202 0.00003945 -0.00000126 -0.00000456 -0.00000149 -0.00047802 0.00903014 0.00397918 0.86957432 99.03214 
0.960 0.02047125 3 -6353719.20 186402.22 2756105.53 -2413961.77 -2465312.30 -4416952.88 -599998462.25 -0.01841605 -0.00218451 0.01086144 0.02041650 0.01248724 0.00896536 0.00883215 0.00864541 0.00840796 0.00811938 0.00777815 0.00737868 0.00690677 0.00634682 0.00570162 0.00499880 0.00427081 0.00354058 0.00180649 -0.00012639 -0.00036274 -0.00006998 0.00000463 0.00000550 -0.00000022 0.00083453 0.00885719 0.00459537 1.11950222 102.22673 
0.990 0.02404236 3 -5933158.04 358322.27 2954465.77 -2896864.60 -2698804.32 -3650277.16 -569604473.91 -0.02114419 -0.00512696 0.01080220 0.02399321 0.01349520 0.00889254 0.00877167 0.00859894 0.00837688 0.00810500 0.00778102 0.00739587 0.00692855 0.00635886 0.00569517 0.00497692 0.00424594 0.00352609 0.00182411 -0.00010812 -0.00036358 -0.00007086 0.00000589 0.00000584 -0.00000037 0.00083422 0.00943253 0.00486490 1.22625285 105.42131 
1.020 0.02591882 3 -5885072.72 404890.02 2932170.13 -3652309.64 -2649947.53 -2919875.70 -543539788.10 -0.02235733 -0.00827561 0.00882324 0.02591882 0.01427072 0.00937311 0.00929156 0.00914562 0.00894362 0.00868487 0.00836602 0.00797365 0.00747898 0.00685828 0.00612816 0.00533846 0.00454026 0.00376575 0.00196617 -0.00008866 -0.00039223 -0.00008245 0.00000733 0.00000725 -0.00000012 0.00089487 0.00931905 0.00484393 1.26130834 108.61590 
1.050 0.02703252 3 -5870451.55 471526.88 2738287.32 -4441319.07 -2469835.76 -2169110.91 -513348669.72 -0.02316084 -0.01057369 0.00663543 0.02703252 0.01480803 0.01005390 0.01003004 0.00992275 0.00975010 0.00951124 0.00920127 0.00880122 0.00827317 0.00759261 0.00678512 0.00590984 0.00502573 0.00417479 0.00222952 -0.00002517 -0.00042481 -0.00010228 0.00001012 0.00000966 -0.00000020 0.00098782 0.00901946 0.00475286 1.27134605 111.81048 
1.080 0.02752665 3 -5790066.40 570613.08 2627555.87 -5179860.26 -2248325.05 -1560050.04 -487149496.82 -0.02340167 -0.01177379 0.00471165 0.02752665 0.01499511 0.01039685 0.01042611 0.01036086 0.01022726 0.01002402 0.00974410 0.00936143 0.00882820 0.00812031 0.00726793 0.00634353 0.00541630 0.00452675 0.00250363 0.00007476 -0.00045479 -0.00012723 0.00001239 0.00001244 0.00000016 0.00105542 0.00867282 0.00462627 1.25930994 115.00507 
1.110 0.02770468 3 -5297000.98 821894.57 2764496.20 -5685337.60 -2240895.47 -957158.68 -456607922.22 -0.02324264 -0.01212393 0.00345018 0.02770468 0.01492325 0.01008448 0.01012512 0.01007802 0.00996819 0.00979427 0.00954775 0.00919674 0.00868611 0.00799042 0.00713856 0.00621856 0.00531484 0.00446311 0.00254388 0.00014742 -0.00044544 -0.00013365 0.00001321 0.00001332 0.00000023 0.00103931 0.00841586 0.00449726 1.23523049 118.19965 
1.140 0.02796242 3 -4949543.30 619221.67 3175556.98 -6122088.93 -2397646.66 -224586.37 -415316816.91 -0.02321682 -0.01248227 0.00267069 0.02796242 0.01483917 0.00982216 0.00986991 0.00983180 0.00973232 0.00957065 0.00933753 0.00899609 0.00848561 0.00777586 0.00689481 0.00595176 0.00505568 0.00424636 0.00249282 0.00021974 -0.00042220 -0.00013738 0.00001417 0.00001391 0.00000011 0.00101395 0.00825730 0.00440946 1.22063999 121.39424 
1.170 0.02762665 3 -5273431.15 213630.26 3295135.54 -6368732.52 -2472042.29 58577.86 -406220128.11 -0.02379638 -0.01210383 0.00252993 0.02759723 0.01575820 0.01134651 0.01137606 0.01131287 0.01117955 0.01097457 0.01068592 0.01026840 0.00965663 0.00881400 0.00777934 0.00668174 0.00564557 0.00472560 0.00278804 0.00030168 -0.00045055 -0.00015888 0.00001618 0.00001613 0.00000031 0.00115643 0.00842360 0.00456311 1.25414156 124.58882 
1.200 0.02774748 3 -4568863.86 -148946.73 3829153.17 -6631711.24 -2445827.66 828468.60 -335926102.80 -0.02365171 -0.01215626 0.00240455 0.02768884 0.01528550 0.01056559 0.01058768 0.01052631 0.01040214 0.01021292 0.00994653 0.00955331 0.00896515 0.00814101 0.00712845 0.00606378 0.00507581 0.00423188 0.00255678 0.00033953 -0.00041053 -0.00015462 0.00001666 0.00001581 -0.00000004 0.00107030 0.00826741 0.00444414 1.22961886 127.78341 
