0.001 0.00013224 5 97502.76 -2.44 6703.36 11244.68 11056.59 68500.57 7505566.39 -0.00000282 -0.00006469 -0.00012604 -0.00004167 -0.00000517 0.00003832 0.00004278 0.00003992 0.00003587 0.00003109 0.00002582 0.00002046 0.00001537 0.00001079 0.00000674 0.00000316 0.00000007 -0.00000257 -0.00000450 0.00000045 0.00000953 -0.00000049 -0.00001046 -0.00000175 0.00000158 0.00000274 -0.00004307 -0.00001874 -0.00315431 0.05990 
0.030 0.00208404 5 2850323.07 17961.30 210028.00 340429.53 322827.30 1959076.94 216717555.27 -0.00051984 -0.00201279 -0.00113469 -0.00082358 -0.00053877 -0.00066342 -0.00065216 -0.00061880 -0.00056432 -0.00049297 -0.00041063 -0.00032493 -0.00024315 -0.00017051 -0.00010999 -0.00006275 -0.00002850 -0.00000580 0.00001440 0.00000985 -0.00000039 -0.00000390 -0.00000408 -0.00000318 -0.00000292 -0.00003510 -0.00086038 -0.00042197 -0.05978976 1.79702 
0.060 0.00364627 5 5037858.95 7719.61 414910.50 595010.46 558130.00 3462088.39 383057150.11 -0.00094544 -0.00357092 -0.00193373 -0.00143585 -0.00097326 -0.00134008 -0.00133902 -0.00128991 -0.00119953 -0.00107393 -0.00092162 -0.00075407 -0.00058391 -0.00042404 -0.00028550 -0.00017333 -0.00008865 -0.00002949 0.00002952 0.00002471 -0.00000300 -0.00000477 0.00000089 -0.00000243 -0.00000398 -0.00007780 -0.00151544 -0.00075173 -0.10640024 3.59404 
0.090 0.00508118 5 3112671.21 -702538.53 -921186.23 -174879.71 368510.02 4542765.66 379789408.80 -0.00173857 -0.00500382 -0.00253753 -0.00158196 -0.00074792 -0.00003466 0.00000113 0.00001804 0.00002602 0.00002705 0.00002548 0.00002540 0.00002920 0.00003482 0.00003825 0.00003697 0.00003204 0.00002525 0.00001000 -0.00000269 -0.00000571 -0.00000422 -0.00000258 -0.00000364 -0.00000388 0.00000284 -0.00180393 -0.00084413 -0.10384795 5.39106 
0.120 0.00656385 5 3818572.06 -899097.99 -1205081.32 -327961.57 432632.64 5818080.29 477327670.80 -0.00226776 -0.00648303 -0.00324445 -0.00200760 -0.00095014 0.00008602 0.00014266 0.00017251 0.00018848 0.00019193 0.00018535 0.00017145 0.00015474 0.00014060 0.00012891 0.00011575 0.00009727 0.00007584 0.00003088 -0.00000502 -0.00001119 -0.00000441 0.00000070 -0.00000336 -0.00000483 0.00001724 -0.00231153 -0.00107443 -0.13062041 7.18808 
0.150 0.00790407 5 4140126.21 -1077496.97 -1498730.89 -593459.03 416346.35 6893466.75 545646139.76 -0.00278448 -0.00781223 -0.00385902 -0.00233169 -0.00108230 0.00037394 0.00045226 0.00049153 0.00050848 0.00050443 0.00048158 0.00044251 0.00039099 0.00033385 0.00027998 0.00023155 0.00018588 0.00014062 0.00005340 -0.00001017 -0.00001634 -0.00000405 0.00000348 -0.00000280 -0.00000528 0.00004362 -0.00273518 -0.00125902 -0.14987486 8.98510 
0.180 0.00894693 5 4181467.77 -1218056.83 -1716303.57 -867075.85 356212.48 7626691.54 583263889.84 -0.00320869 -0.00882487 -0.00435019 -0.00254830 -0.00116313 0.00076506 0.00087349 0.00092778 0.00095072 0.00094368 0.00090884 0.00084891 0.00076737 0.00066944 0.00056380 0.00046176 0.00036860 0.00028265 0.00011446 -0.00001410 -0.00002463 -0.00000460 0.00000562 -0.00000200 -0.00000526 0.00008546 -0.00304958 -0.00138417 -0.16117376 10.78212 
0.210 0.01011916 5 10367813.26 -316256.46 753015.39 539257.32 1049147.51 8342649.51 846494930.80 -0.00292091 -0.00977591 -0.00579499 -0.00342241 -0.00226407 -0.00294030 -0.00293371 -0.00284493 -0.00268642 -0.00246280 -0.00218227 -0.00185598 -0.00149881 -0.00113037 -0.00077294 -0.00044959 -0.00018164 0.00001533 0.00018487 0.00010471 -0.00000578 -0.00000986 0.00000847 -0.00000084 -0.00000565 -0.00017419 -0.00402876 -0.00198112 -0.27269717 12.57914 
0.240 0.01158569 5 10408169.88 -561563.73 568241.58 618162.34 823138.84 8960190.85 881701297.44 -0.00277594 -0.01110005 -0.00728854 -0.00363267 -0.00229932 -0.00314018 -0.00316015 -0.00310281 -0.00298390 -0.00280406 -0.00256583 -0.00227334 -0.00193511 -0.00156544 -0.00118445 -0.00081576 -0.00048378 -0.00021091 0.00011640 0.00012455 0.00000445 -0.00000870 0.00000953 0.00000003 -0.00000512 -0.00021552 -0.00450125 -0.00222457 -0.31100803 14.37616 
0.270 0.01289977 5 9891794.13 -702905.24 75164.85 550778.36 700315.13 9268441.04 880543610.16 -0.00253350 -0.01231251 -0.00867755 -0.00371972 -0.00218862 -0.00303822 -0.00307716 -0.00305071 -0.00297670 -0.00285426 -0.00268245 -0.00246049 -0.00218927 -0.00187362 -0.00152489 -0.00116223 -0.00080914 -0.00049078 -0.00001010 0.00013493 0.00001770 -0.00000647 0.00000982 0.00000061 -0.00000447 -0.00023953 -0.00484800 -0.00239988 -0.33812322 16.17318 
0.300 0.01389579 5 8563460.03 -807639.07 -590714.30 108095.31 619870.96 9233847.13 827741850.06 -0.00190905 -0.01321217 -0.00988141 -0.00357504 -0.00187342 -0.00240399 -0.00243477 -0.00242541 -0.00239048 -0.00232873 -0.00223835 -0.00211715 -0.00196301 -0.00177453 -0.00155198 -0.00129932 -0.00102596 -0.00075086 -0.00022928 0.00008180 0.00003013 0.00000050 0.00000875 -0.00000026 -0.00000457 -0.00022173 -0.00494983 -0.00243815 -0.34549186 17.97021 
0.330 0.01534283 5 5853775.28 -1034356.26 -1872042.17 -1654052.00 -209407.41 10623633.12 755515615.85 -0.00427281 -0.01472729 -0.00840136 -0.00326230 -0.00145980 0.00035609 0.00044725 0.00048152 0.00048293 0.00045238 0.00039164 0.00030306 0.00018994 0.00005766 -0.00008251 -0.00021292 -0.00031562 -0.00037435 -0.00031620 -0.00008719 0.00000308 0.00000858 0.00000749 -0.00000279 -0.00000601 0.00000185 -0.00481315 -0.00225531 -0.27093117 19.76723 
0.360 0.01746680 5 5499905.59 -1077833.56 -1800897.96 -1813657.06 -380931.22 10573225.39 732581654.50 -0.00304505 -0.01670315 -0.01058647 -0.00313011 -0.00135932 0.00041972 0.00052700 0.00057233 0.00058345 0.00056107 0.00050664 0.00042213 0.00031037 0.00017562 0.00002596 -0.00012333 -0.00025538 -0.00035256 -0.00036128 -0.00012148 0.00000272 0.00001197 0.00000780 -0.00000263 -0.00000578 0.00000984 -0.00521930 -0.00244146 -0.30513022 21.56425 
0.390 0.01986374 5 5002738.77 -1168415.93 -1821292.78 -1905887.55 -592548.23 10490883.26 704679792.14 -0.00166971 -0.01896853 -0.01273200 -0.00304052 -0.00124222 0.00054175 0.00066526 0.00072072 0.00073941 0.00072197 0.00066977 0.00058468 0.00046943 0.00032796 0.00016712 -0.00000013 -0.00015923 -0.00029307 -0.00038800 -0.00016010 0.00000121 0.00001553 0.00000792 -0.00000250 -0.00000546 0.00002347 -0.00562825 -0.00262592 -0.33835261 23.36127 
0.420 0.02225459 5 4491284.18 -1321137.21 -1823954.95 -1997016.40 -758378.29 10391771.02 679104645.30 -0.00028340 -0.02124793 -0.01481337 -0.00300162 -0.00114442 0.00072667 0.00087139 0.00093975 0.00096758 0.00095553 0.00090502 0.00081801 0.00069728 0.00054675 0.00037267 0.00018592 -0.00000150 -0.00017260 -0.00037674 -0.00020594 -0.00000332 0.00001953 0.00000795 -0.00000243 -0.00000511 0.00004607 -0.00604110 -0.00280745 -0.37099853 25.15829 
0.450 0.02468677 5 3858995.29 -1348514.06 -2023731.34 -2102234.29 -742041.25 10075516.24 641213320.62 0.00145507 -0.02363587 -0.01728894 -0.00306834 -0.00101412 0.00098903 0.00115765 0.00124080 0.00127983 0.00127525 0.00122824 0.00114046 0.00101432 0.00085333 0.00066300 0.00045222 0.00023141 0.00001789 -0.00031927 -0.00025867 -0.00001570 0.00002331 0.00000784 -0.00000250 -0.00000481 0.00007957 -0.00651459 -0.00301162 -0.41111130 26.95531 
0.480 0.02575851 5 4245227.91 -1312978.93 -1534543.95 -2090071.93 -692328.01 9875150.73 643239642.11 0.00274949 -0.02465211 -0.01843210 -0.00285064 -0.00140682 -0.00003093 0.00012740 0.00021772 0.00027771 0.00030765 0.00030834 0.00028085 0.00022687 0.00014892 0.00005070 -0.00006292 -0.00018630 -0.00031089 -0.00050252 -0.00030972 0.00000334 0.00003504 0.00000712 -0.00000333 -0.00000464 -0.00001747 -0.00677046 -0.00318311 -0.45101139 28.75233 
0.510 0.02606424 5 4556592.01 -1306363.95 -1396058.49 -1875104.81 -349993.45 9484112.72 649597045.99 0.00400244 -0.02491991 -0.01949004 -0.00326763 -0.00172275 -0.00057276 -0.00041868 -0.00032347 -0.00025030 -0.00019918 -0.00016989 -0.00016218 -0.00017552 -0.00020876 -0.00025963 -0.00032462 -0.00039983 -0.00047994 -0.00060882 -0.00037189 0.00000442 0.00004487 0.00000682 -0.00000399 -0.00000448 -0.00006988 -0.00706813 -0.00335049 -0.49552865 30.54935 
0.540 0.02721776 5 -8963603.37 -7044133.46 -5474803.78 -3863697.03 710529.40 6708501.50 245460770.27 0.00736823 -0.02603008 -0.02395746 -0.00431585 -0.00039383 0.01105122 0.01192970 0.01233974 0.01247316 0.01234047 0.01195918 0.01135332 0.01055292 0.00959137 0.00850694 0.00734319 0.00614582 0.00496016 0.00237829 -0.00012204 -0.00043541 -0.00010030 0.00001482 0.00001151 0.00000063 0.00122751 -0.00727830 -0.00275981 -0.40778492 32.34637 
0.570 0.03021644 5 -10556814.12 -7378696.45 -6395343.73 -4216161.77 593612.47 6839775.35 200899934.67 0.00816101 -0.02894571 -0.02638015 -0.00510465 -0.00000723 0.01336187 0.01434955 0.01481494 0.01497562 0.01484176 0.01443036 0.01376512 0.01287563 0.01179710 0.01057061 0.00924421 0.00786872 0.00649310 0.00339344 0.00010014 -0.00055598 -0.00016677 0.00002002 0.00001835 0.00000168 0.00152637 -0.00795977 -0.00292051 -0.42390892 34.14339 
0.600 0.03133466 5 -11346690.22 -8169368.35 -5861644.91 -4477522.01 395344.46 6766500.58 181681811.50 0.00914954 -0.03003064 -0.02743679 -0.00568493 -0.00021529 0.01424227 0.01531526 0.01583419 0.01603474 0.01592689 0.01552751 0.01485988 0.01395312 0.01284120 0.01156504 0.01017575 0.00872820 0.00727391 0.00394134 0.00024223 -0.00061781 -0.00020886 0.00002306 0.00002275 0.00000244 0.00166601 -0.00834049 -0.00302480 -0.44629519 35.94041 
0.630 0.03198550 5 -11884663.48 -8722380.32 -5077038.20 -4786298.07 -26669.05 6727722.17 155061793.17 0.01007601 -0.03065666 -0.02791785 -0.00596207 -0.00046143 0.01454792 0.01566879 0.01621990 0.01644686 0.01635946 0.01597447 0.01531491 0.01440871 0.01328715 0.01199010 0.01057235 0.00909425 0.00760928 0.00418961 0.00033076 -0.00062631 -0.00022287 0.00002361 0.00002431 0.00000295 0.00172597 -0.00851940 -0.00307682 -0.46183281 37.73743 
0.660 0.02496289 3 555534.91 -2001901.95 -6265210.79 1972360.78 1488532.37 5361754.49 477207831.54 0.01260280 -0.00376327 -0.01587594 -0.02496289 -0.00207737 0.00791623 0.00804133 0.00803110 0.00793286 0.00774624 0.00747094 0.00710585 0.00664669 0.00608549 0.00542408 0.00468836 0.00391640 0.00314251 0.00139298 -0.00034611 -0.00037748 -0.00004013 0.00001746 0.00000580 -0.00000204 0.00076436 -0.00859263 -0.00362197 -0.81284104 39.53445 
0.690 0.02423085 4 -12608113.18 -10024024.94 -4274128.09 -3735450.23 658993.44 4766496.63 112786560.76 0.01313161 -0.02081908 -0.02423085 -0.01103575 -0.00219593 0.01496868 0.01611430 0.01667802 0.01691378 0.01683118 0.01644689 0.01578322 0.01486381 0.01371068 0.01235969 0.01087548 0.00933588 0.00780610 0.00430783 0.00030806 -0.00069680 -0.00024826 0.00002573 0.00002695 0.00000367 0.00177248 -0.00828689 -0.00294311 -0.54885782 41.33147 
0.720 0.02154229 5 6220873.06 -444681.94 -2084395.52 102128.29 286085.01 8361737.21 682860313.92 0.00769035 -0.02039560 -0.01915506 -0.00871581 -0.00411749 -0.00266424 -0.00257369 -0.00249876 -0.00242079 -0.00233986 -0.00225619 -0.00217203 -0.00209820 -0.00205691 -0.00205613 -0.00206884 -0.00205769 -0.00200148 -0.00171612 -0.00093054 -0.00003567 0.00012668 0.00000556 -0.00001001 -0.00000339 -0.00035916 -0.00826497 -0.00406522 -0.71188687 43.12849 
0.750 0.01931738 5 6477514.91 -87108.94 -2057987.69 64206.45 363168.32 8195236.77 673418702.25 0.00761703 -0.01822307 -0.01780791 -0.00933850 -0.00467844 -0.00318706 -0.00310624 -0.00303446 -0.00295563 -0.00286977 -0.00277710 -0.00268059 -0.00259524 -0.00255057 -0.00255284 -0.00256627 -0.00254951 -0.00247562 -0.00208218 -0.00107469 -0.00003257 0.00014595 0.00000496 -0.00001162 -0.00000325 -0.00043759 -0.00814503 -0.00405066 -0.72562643 44.92551 
0.780 0.01828328 4 12622855.79 3461550.55 11617467.48 3048313.33 -3596069.71 -1908405.86 102572816.37 -0.01068971 0.01059050 0.01821436 0.00868580 -0.00004232 -0.01138995 -0.01206776 -0.01233733 -0.01234305 -0.01209493 -0.01160968 -0.01091354 -0.01005628 -0.00911698 -0.00815003 -0.00715849 -0.00612474 -0.00504365 -0.00252294 -0.00007485 0.00030218 0.00008057 0.00000126 -0.00000883 -0.00000613 -0.00122387 0.00523154 0.00180227 0.38428237 46.72253 
0.810 0.01943718 4 13163845.95 4060315.04 11273634.40 3109649.41 -3754274.98 -1525477.93 117982061.63 -0.01168802 0.01153997 0.01935996 0.00909545 -0.00008811 -0.01177214 -0.01247239 -0.01275245 -0.01276290 -0.01251369 -0.01202150 -0.01131379 -0.01044707 -0.00950960 -0.00855382 -0.00758055 -0.00655485 -0.00546366 -0.00281978 -0.00014325 0.00032803 0.00009497 0.00000072 -0.00000969 -0.00000585 -0.00128449 0.00550421 0.00189789 0.40640809 48.51955 
0.840 0.02062968 4 13691207.14 4571432.21 10998922.14 3122521.91 -3876202.67 -1125466.44 136882956.34 -0.01276211 0.01246349 0.02054409 0.00966182 -0.00017438 -0.01221666 -0.01293473 -0.01322046 -0.01323074 -0.01297549 -0.01247145 -0.01174733 -0.01086641 -0.00992417 -0.00897645 -0.00802328 -0.00700902 -0.00590516 -0.00314125 -0.00023033 0.00034942 0.00010963 0.00000013 -0.00001062 -0.00000557 -0.00135091 0.00579691 0.00199982 0.43085071 50.31658 
0.870 0.02190364 4 14129297.75 4934885.99 10855905.71 3060782.09 -3943504.70 -778771.35 154954557.83 -0.01385941 0.01351267 0.02180957 0.01029387 -0.00026507 -0.01261893 -0.01334946 -0.01363725 -0.01364478 -0.01338196 -0.01286556 -0.01212554 -0.01123172 -0.01028622 -0.00935288 -0.00842434 -0.00743071 -0.00632432 -0.00345863 -0.00032575 0.00036947 0.00012669 -0.00000057 -0.00001196 -0.00000544 -0.00141194 0.00612982 0.00212346 0.45876535 52.11360 
0.900 0.02310807 4 14488647.42 5237937.35 10733717.90 2946655.10 -3960937.58 -468725.34 171202778.36 -0.01496729 0.01451933 0.02300881 0.01096764 -0.00034295 -0.01290408 -0.01364185 -0.01392878 -0.01393211 -0.01366164 -0.01313418 -0.01238141 -0.01148129 -0.01054283 -0.00963602 -0.00873656 -0.00776860 -0.00667266 -0.00373147 -0.00041247 0.00038527 0.00014141 -0.00000132 -0.00001312 -0.00000527 -0.00145846 0.00646040 0.00225372 0.48844753 53.91062 
0.930 0.02430756 4 14617837.65 5544799.59 10412935.22 2868258.67 -3997591.41 -210564.42 177372505.07 -0.01586409 0.01592369 0.02419486 0.01114581 -0.00032296 -0.01276327 -0.01350017 -0.01378197 -0.01377941 -0.01350223 -0.01296744 -0.01221005 -0.01132020 -0.01041767 -0.00957281 -0.00873753 -0.00782855 -0.00677836 -0.00383931 -0.00045436 0.00038780 0.00014667 -0.00000144 -0.00001340 -0.00000509 -0.00145314 0.00676895 0.00240118 0.51596590 55.70764 
0.960 0.02529277 4 14904324.24 5827653.74 10324576.79 2660762.85 -3967786.14 59117.01 189593292.67 -0.01706554 0.01655535 0.02518218 0.01206802 -0.00029632 -0.01292096 -0.01366231 -0.01394186 -0.01393455 -0.01365006 -0.01310551 -0.01233859 -0.01144874 -0.01056544 -0.00975318 -0.00895325 -0.00807509 -0.00704704 -0.00406517 -0.00053274 0.00039686 0.00015799 -0.00000204 -0.00001430 -0.00000498 -0.00148442 0.00710710 0.00254308 0.55200526 57.50466 
0.990 0.02633098 4 15176424.98 6102076.89 10168936.21 2538099.28 -3922517.61 289830.20 201948377.64 -0.01820707 0.01737362 0.02621741 0.01284157 -0.00027382 -0.01303224 -0.01378143 -0.01406165 -0.01405254 -0.01376373 -0.01321247 -0.01243932 -0.01155261 -0.01069053 -0.00990931 -0.00914769 -0.00830224 -0.00729510 -0.00428277 -0.00061128 0.00040517 0.00016907 -0.00000263 -0.00001520 -0.00000487 -0.00151207 0.00744259 0.00268566 0.58601011 59.30168 
1.020 0.02743840 4 15362153.07 6382531.31 9877458.57 2497263.07 -3906193.34 511093.47 211563619.53 -0.01915956 0.01859804 0.02731139 0.01320111 -0.00022938 -0.01293969 -0.01370035 -0.01398459 -0.01397743 -0.01368844 -0.01313527 -0.01236308 -0.01149125 -0.01066600 -0.00993287 -0.00923440 -0.00843967 -0.00745766 -0.00443437 -0.00066766 0.00041133 0.00017716 -0.00000304 -0.00001584 -0.00000478 -0.00151832 0.00776018 0.00283122 0.61520847 61.09870 
1.050 0.02846132 4 15537392.50 6666677.69 9622450.06 2437523.09 -3869465.28 680206.94 218267492.54 -0.02017267 0.01956012 0.02832593 0.01388910 -0.00015349 -0.01297588 -0.01375054 -0.01404031 -0.01403613 -0.01374754 -0.01319242 -0.01241899 -0.01155382 -0.01074738 -0.01004129 -0.00938440 -0.00862336 -0.00765344 -0.00460801 -0.00073202 0.00041819 0.00018731 -0.00000351 -0.00001674 -0.00000480 -0.00153782 0.00811789 0.00298855 0.64946674 62.89572 
1.080 0.02947094 4 15665182.16 6989435.24 9223130.51 2469162.12 -3847834.20 831288.49 222779993.85 -0.02104643 0.02079250 0.02931880 0.01419387 0.00002365 -0.01277301 -0.01356486 -0.01386360 -0.01386636 -0.01358263 -0.01303086 -0.01226479 -0.01142112 -0.01065390 -0.01000306 -0.00942052 -0.00871877 -0.00777424 -0.00472905 -0.00078472 0.00041911 0.00019387 -0.00000381 -0.00001730 -0.00000478 -0.00153437 0.00845644 0.00314909 0.68064116 64.69274 
