0.001 0.00011284 4 70677.97 2097.50 7442.81 9148.31 7687.88 44301.47 5090850.74 0.00000434 -0.00003912 -0.00011284 -0.00003201 0.00000066 0.00004235 0.00004650 0.00004319 0.00003864 0.00003336 0.00002760 0.00002178 0.00001630 0.00001139 0.00000709 0.00000332 0.00000010 -0.00000262 -0.00000459 0.00000045 0.00000963 -0.00000043 -0.00001048 -0.00000172 0.00000162 0.00000291 -0.00003292 -0.00001389 -0.00250121 0.04106 
0.030 0.00140752 5 2114925.49 73336.72 234386.66 263751.63 226069.68 1317380.80 151186598.18 -0.00032701 -0.00133790 -0.00078566 -0.00056378 -0.00038161 -0.00050429 -0.00049479 -0.00046892 -0.00042683 -0.00037224 -0.00030970 -0.00024501 -0.00018337 -0.00012864 -0.00008310 -0.00004762 -0.00002200 -0.00000515 0.00000996 0.00000746 0.00000103 -0.00000342 -0.00000520 -0.00000314 -0.00000244 -0.00002652 -0.00058873 -0.00029007 -0.04181594 1.23183 
0.060 0.00252506 5 4016486.18 165248.84 440774.95 543085.46 441836.93 2425540.00 283563854.60 -0.00059990 -0.00245248 -0.00136980 -0.00103896 -0.00072956 -0.00115628 -0.00115986 -0.00112006 -0.00104347 -0.00093554 -0.00080390 -0.00065874 -0.00051163 -0.00037413 -0.00025439 -0.00015674 -0.00008251 -0.00003029 0.00002319 0.00002165 -0.00000110 -0.00000438 -0.00000099 -0.00000259 -0.00000347 -0.00006797 -0.00108000 -0.00054239 -0.07869652 2.46365 
0.090 0.00355939 5 5125997.67 98736.43 466689.18 622523.49 554357.58 3383690.99 379220485.05 -0.00093643 -0.00348436 -0.00188471 -0.00140434 -0.00096729 -0.00147710 -0.00148694 -0.00144367 -0.00135617 -0.00123001 -0.00107313 -0.00089639 -0.00071236 -0.00053439 -0.00037455 -0.00024044 -0.00013566 -0.00005965 0.00002388 0.00002997 -0.00000044 -0.00000510 -0.00000041 -0.00000276 -0.00000388 -0.00009105 -0.00148961 -0.00074666 -0.10623368 3.69548 
0.120 0.00467197 5 6836495.70 143496.99 672591.42 840671.20 734616.63 4445119.45 501696838.09 -0.00123012 -0.00459534 -0.00245277 -0.00185052 -0.00130261 -0.00212100 -0.00214944 -0.00210089 -0.00199105 -0.00182686 -0.00161828 -0.00137896 -0.00112426 -0.00087016 -0.00063231 -0.00042480 -0.00025678 -0.00013033 0.00002015 0.00004743 0.00000164 -0.00000543 0.00000261 -0.00000220 -0.00000439 -0.00013875 -0.00196864 -0.00099656 -0.14247035 4.92730 
0.150 0.00577713 5 8491148.98 207853.69 857343.14 1047007.75 905355.98 5473588.41 619404638.95 -0.00153781 -0.00569906 -0.00301443 -0.00229064 -0.00162895 -0.00282104 -0.00286645 -0.00281186 -0.00267971 -0.00247765 -0.00221745 -0.00191526 -0.00158960 -0.00125960 -0.00094361 -0.00065896 -0.00042046 -0.00023479 0.00000183 0.00006594 0.00000623 -0.00000518 0.00000530 -0.00000149 -0.00000460 -0.00019277 -0.00244416 -0.00124817 -0.17895523 6.15913 
0.180 0.00690379 5 10089437.00 270662.45 1059581.05 1213319.85 1060584.97 6485288.68 732977599.86 -0.00185758 -0.00681954 -0.00358880 -0.00272190 -0.00195111 -0.00359578 -0.00366207 -0.00360505 -0.00345469 -0.00321879 -0.00290996 -0.00254563 -0.00214705 -0.00173689 -0.00133688 -0.00096728 -0.00064662 -0.00038820 -0.00003703 0.00008615 0.00001398 -0.00000437 0.00000762 -0.00000066 -0.00000449 -0.00025680 -0.00292321 -0.00150675 -0.21654115 7.39096 
0.210 0.00800619 5 11616886.96 341198.16 1327410.53 1444381.35 1145195.53 7358701.39 835010168.41 -0.00212185 -0.00785529 -0.00426373 -0.00312350 -0.00225985 -0.00442206 -0.00451806 -0.00446599 -0.00430453 -0.00404166 -0.00369023 -0.00326813 -0.00279824 -0.00230677 -0.00181932 -0.00135962 -0.00094963 -0.00060698 -0.00010872 0.00010531 0.00002547 -0.00000278 0.00000938 0.00000020 -0.00000405 -0.00033134 -0.00339810 -0.00176896 -0.25616217 8.62278 
0.240 0.00904598 5 12135052.88 504831.88 1429952.86 1250268.72 1183318.68 7766680.74 866150235.37 -0.00163325 -0.00866428 -0.00581438 -0.00328955 -0.00232080 -0.00500486 -0.00513568 -0.00510461 -0.00495579 -0.00469533 -0.00433430 -0.00388860 -0.00337976 -0.00283456 -0.00228189 -0.00174943 -0.00126290 -0.00084393 -0.00019904 0.00011888 0.00003900 -0.00000049 0.00000974 0.00000086 -0.00000324 -0.00039529 -0.00379882 -0.00199079 -0.29831948 9.85461 
0.270 0.00925227 5 11100934.94 255463.75 989928.13 1088938.47 1311525.85 7455078.74 825925331.45 -0.00055431 -0.00876769 -0.00737544 -0.00329411 -0.00214054 -0.00473075 -0.00486188 -0.00484833 -0.00473151 -0.00451431 -0.00420334 -0.00380861 -0.00334574 -0.00283670 -0.00230843 -0.00179010 -0.00131008 -0.00089156 -0.00023067 0.00011390 0.00004224 0.00000062 0.00000895 0.00000079 -0.00000288 -0.00038669 -0.00393358 -0.00204939 -0.32110837 11.08644 
0.300 0.00931407 5 10236686.06 193997.89 340222.96 706250.32 1122798.10 7873416.78 808221583.91 -0.00162056 -0.00889595 -0.00615887 -0.00313741 -0.00195176 -0.00432602 -0.00448628 -0.00452247 -0.00447668 -0.00434859 -0.00413877 -0.00384891 -0.00348478 -0.00305931 -0.00259223 -0.00210863 -0.00163564 -0.00119746 -0.00041665 0.00008904 0.00005614 0.00000555 0.00000836 0.00000024 -0.00000304 -0.00039849 -0.00372103 -0.00195602 -0.28996855 12.31826 
0.330 0.01075682 5 9774099.71 246223.70 -93327.90 324913.56 1322839.89 7973450.45 797772946.57 -0.00019512 -0.01024180 -0.00906650 -0.00329102 -0.00184073 -0.00447620 -0.00465436 -0.00471155 -0.00469333 -0.00459875 -0.00442687 -0.00417692 -0.00384991 -0.00345155 -0.00299555 -0.00250435 -0.00200605 -0.00152847 -0.00061085 0.00006601 0.00007314 0.00001157 0.00000750 0.00000031 -0.00000219 -0.00044196 -0.00426588 -0.00223452 -0.34946448 13.55009 
0.360 0.01379478 5 6949823.23 -319007.94 -552470.49 -789656.42 988017.90 7622940.18 669604842.21 0.00240260 -0.01304941 -0.01305458 -0.00302210 -0.00136656 -0.00312103 -0.00322570 -0.00326590 -0.00326738 -0.00322892 -0.00314881 -0.00302498 -0.00285534 -0.00263837 -0.00237457 -0.00206917 -0.00173398 -0.00138831 -0.00064054 0.00000463 0.00006330 0.00001485 0.00000643 0.00000010 -0.00000181 -0.00033527 -0.00476934 -0.00241386 -0.39116944 14.78191 
0.390 0.01480360 5 6749758.71 -263052.91 -609108.87 -889419.11 841539.44 7669800.16 656253929.47 0.00282492 -0.01399881 -0.01379162 -0.00304772 -0.00128159 -0.00306154 -0.00317316 -0.00322250 -0.00323475 -0.00320862 -0.00314234 -0.00303375 -0.00288062 -0.00268109 -0.00243489 -0.00214559 -0.00182257 -0.00148347 -0.00072378 -0.00002542 0.00006452 0.00001770 0.00000649 -0.00000016 -0.00000186 -0.00034191 -0.00493015 -0.00249277 -0.40366220 16.01374 
0.420 0.01451919 5 6732888.51 -398951.48 -594732.79 -817393.91 1017346.36 7526620.33 660484962.44 0.00300036 -0.01368414 -0.01387333 -0.00335851 -0.00130534 -0.00302872 -0.00314850 -0.00320720 -0.00323041 -0.00321682 -0.00316459 -0.00307149 -0.00293514 -0.00275335 -0.00252505 -0.00225215 -0.00194130 -0.00160785 -0.00082900 -0.00006171 0.00006701 0.00002138 0.00000645 -0.00000051 -0.00000192 -0.00035295 -0.00497963 -0.00252183 -0.41381100 17.24557 
0.450 0.01473200 5 6859055.85 -323882.68 -576998.12 -826139.44 1031999.93 7554076.16 664115984.61 0.00299731 -0.01384622 -0.01400514 -0.00335704 -0.00129696 -0.00316172 -0.00329428 -0.00336180 -0.00339203 -0.00338363 -0.00333476 -0.00324317 -0.00310647 -0.00292245 -0.00268993 -0.00241059 -0.00209059 -0.00174496 -0.00092381 -0.00008839 0.00007019 0.00002443 0.00000636 -0.00000079 -0.00000195 -0.00037612 -0.00502091 -0.00255349 -0.41863108 18.47739 
0.480 0.01628363 5 -7945982.80 614969.97 -48400.66 -406450.25 -750634.17 -7355467.69 -710682578.95 -0.00259264 0.01628363 0.01465452 0.00291927 0.00153126 0.00370973 0.00379230 0.00379148 0.00373929 0.00363501 0.00347757 0.00326548 0.00299777 0.00267580 0.00230601 0.00190202 0.00148307 0.00107563 0.00031512 -0.00015142 -0.00006550 -0.00000221 -0.00000770 -0.00000090 0.00000145 0.00033505 0.00539926 0.00270903 0.42480057 19.70922 
0.510 0.01871741 5 -7390797.71 518798.06 643425.17 -114643.70 -796598.33 -7641778.91 -702140381.69 -0.00302390 0.01871741 0.01620321 0.00293631 0.00138499 0.00319325 0.00325382 0.00325047 0.00320877 0.00312797 0.00300683 0.00284363 0.00263666 0.00238508 0.00209072 0.00176016 0.00140534 0.00104773 0.00033976 -0.00013319 -0.00006580 -0.00000393 -0.00000770 -0.00000070 0.00000152 0.00029661 0.00582683 0.00288904 0.44511789 20.94105 
0.540 0.02073299 5 -6527244.52 416332.44 1289768.97 359617.88 -832596.84 -7760366.97 -670182120.90 -0.00337442 0.02073299 0.01750043 0.00276959 0.00117632 0.00251386 0.00253858 0.00252380 0.00248703 0.00242737 0.00234329 0.00223268 0.00209314 0.00192238 0.00171921 0.00148448 0.00122205 0.00094377 0.00034355 -0.00010436 -0.00006165 -0.00000548 -0.00000733 -0.00000035 0.00000163 0.00023896 0.00610827 0.00299035 0.45257842 22.17287 
0.570 0.02386470 5 5771468.59 -170366.09 -1487090.33 -1153458.68 965997.02 7616386.67 619722657.63 0.00678079 -0.02263903 -0.02150953 -0.00455119 -0.00113463 -0.00250710 -0.00260562 -0.00266633 -0.00270647 -0.00272457 -0.00271854 -0.00268582 -0.00262349 -0.00252840 -0.00239748 -0.00222828 -0.00201964 -0.00177450 -0.00108006 -0.00020901 0.00005292 0.00003172 0.00000560 -0.00000121 -0.00000152 -0.00033583 -0.00709576 -0.00350473 -0.57550601 23.40470 
