0.001 0.00012787 5 -69509.79 -21734.98 -55186.66 -36300.09 -10214.86 53926.80 271970.76 -0.00002152 -0.00006036 -0.00011585 -0.00001688 0.00002431 0.00009690 0.00010037 0.00009367 0.00008409 0.00007264 0.00006004 0.00004728 0.00003528 0.00002463 0.00001558 0.00000811 0.00000220 -0.00000232 -0.00000580 -0.00000006 0.00001030 0.00000009 -0.00001039 -0.00000145 0.00000190 0.00000577 -0.00002639 -0.00000930 -0.00115588 0.20003 
0.030 0.00276237 5 523232.62 279856.75 580119.37 1192550.92 607824.87 -2137119.29 -59722926.05 0.00197635 0.00276237 0.00086675 0.00010260 -0.00006062 -0.00080910 -0.00082290 -0.00079538 -0.00073030 -0.00063426 -0.00051696 -0.00039102 -0.00026978 -0.00016535 -0.00008512 -0.00002894 0.00000671 0.00002620 0.00003243 0.00001474 0.00000944 -0.00000221 -0.00001151 -0.00000216 0.00000132 -0.00004032 0.00065891 0.00028746 0.01114245 6.00101 
0.060 0.00517899 5 936943.30 668029.98 1209572.84 2000220.13 1029997.37 -3970877.02 -125154192.02 0.00357392 0.00517899 0.00175672 0.00035530 -0.00005802 -0.00181799 -0.00188240 -0.00185751 -0.00175973 -0.00159622 -0.00137913 -0.00112437 -0.00085200 -0.00058470 -0.00034448 -0.00014962 -0.00001212 0.00007075 0.00011386 0.00005128 0.00000955 -0.00000578 -0.00001228 -0.00000261 0.00000065 -0.00010446 0.00129774 0.00055286 0.02514076 12.00203 
0.090 0.00729320 5 1008833.61 1405168.71 1407081.80 2418063.40 1299452.75 -5520933.05 -210309673.09 0.00489599 0.00729320 0.00261123 0.00077347 0.00014315 -0.00295390 -0.00311730 -0.00314218 -0.00306370 -0.00288815 -0.00262657 -0.00229300 -0.00190658 -0.00149198 -0.00107751 -0.00069206 -0.00036246 -0.00010942 0.00015699 0.00013238 0.00002447 -0.00001000 -0.00001310 -0.00000275 0.00000015 -0.00020893 0.00196950 0.00081227 0.04343045 18.00304 
0.120 0.00897838 5 152454.66 1534793.25 1128447.86 2926426.39 1523907.15 -6961120.00 -300116791.46 0.00549724 0.00897838 0.00340633 0.00139708 0.00043664 -0.00342469 -0.00366560 -0.00375520 -0.00373847 -0.00361810 -0.00340069 -0.00309331 -0.00270837 -0.00226538 -0.00178991 -0.00131197 -0.00086158 -0.00046681 0.00010148 0.00022415 0.00004808 -0.00001353 -0.00001358 -0.00000272 -0.00000021 -0.00028351 0.00259300 0.00106493 0.07196855 24.00406 
0.150 0.00960102 5 -2158647.90 653006.17 -141439.90 3806872.79 1406763.31 -7883850.29 -382290598.11 0.00479525 0.00960102 0.00379512 0.00147880 0.00123764 -0.00149633 -0.00170651 -0.00182755 -0.00188883 -0.00189136 -0.00183722 -0.00172933 -0.00157163 -0.00136929 -0.00112971 -0.00086468 -0.00058694 -0.00031672 0.00013805 0.00020583 0.00001303 -0.00002192 -0.00001133 -0.00000189 -0.00000064 -0.00014897 0.00295271 0.00130503 0.12170713 30.00507 
0.180 0.00933003 5 -3284023.99 184818.71 -902862.64 4361831.57 1293232.17 -8221043.81 -414472693.26 0.00402587 0.00933003 0.00340862 0.00108696 0.00204868 0.00070533 0.00055967 0.00045739 0.00038553 0.00034309 0.00032812 0.00033787 0.00036855 0.00041499 0.00047111 0.00053140 0.00059191 0.00064909 0.00069774 0.00033282 -0.00006010 -0.00005924 -0.00000717 0.00000176 -0.00000064 0.00008879 0.00295910 0.00143433 0.15808322 36.00609 
0.210 0.00845601 5 -3614733.04 131542.11 -1418338.73 4591758.32 1218637.42 -8138332.15 -416495382.78 0.00293131 0.00845601 0.00300209 0.00127728 0.00275227 0.00210214 0.00199866 0.00191700 0.00185169 0.00180164 0.00176488 0.00173860 0.00171879 0.00169964 0.00167423 0.00163683 0.00158477 0.00151729 0.00123372 0.00044026 -0.00011683 -0.00008933 -0.00000516 0.00000468 -0.00000027 0.00026079 0.00295915 0.00152572 0.19553456 42.00710 
0.240 0.00781550 5 3747180.39 -974092.48 -1874194.79 330148.84 1113547.81 5151771.01 482528154.86 -0.00322099 -0.00761071 -0.00487592 -0.00121252 0.00209608 0.00266593 0.00262849 0.00258179 0.00253002 0.00247277 0.00240944 0.00233891 0.00225899 0.00216565 0.00205386 0.00192116 0.00177036 0.00160815 0.00116287 0.00035854 -0.00013862 -0.00009075 0.00000677 0.00000475 -0.00000409 0.00031013 -0.00165037 -0.00060890 -0.01981852 48.00812 
0.270 0.00835521 5 2297810.32 -1545294.28 -1074680.41 -27249.62 585853.68 4359180.96 381123869.16 -0.00471431 -0.00815144 -0.00488242 0.00048082 0.00345594 0.00435641 0.00434771 0.00430247 0.00423005 0.00413056 0.00400441 0.00385197 0.00367282 0.00346469 0.00322472 0.00295402 0.00266086 0.00235853 0.00160692 0.00042913 -0.00019505 -0.00011404 0.00000821 0.00000714 -0.00000361 0.00048707 -0.00100883 -0.00021417 0.07830096 54.00913 
0.300 0.00939006 2 -3751394.64 7486676.41 -4786258.87 -2052977.76 -1307726.90 -3091107.52 -603531409.55 -0.00811287 -0.00303014 -0.00131022 0.00498618 0.00925392 0.00800592 0.00765661 0.00733837 0.00701630 0.00669118 0.00636291 0.00603028 0.00568959 0.00533315 0.00495139 0.00453900 0.00409901 0.00364063 0.00242906 0.00055945 -0.00025983 -0.00014092 0.00000181 0.00001019 -0.00000003 0.00077502 0.00276980 0.00171012 0.44929666 60.01015 
0.330 0.01130012 3 -4778280.11 -2236990.89 7030717.82 -5930951.57 -1868691.50 -1772363.98 -387134525.20 -0.00737704 -0.00573445 -0.00218934 0.01123475 0.00718832 0.00649065 0.00661867 0.00665896 0.00664140 0.00656678 0.00643639 0.00625174 0.00601261 0.00571499 0.00535355 0.00492931 0.00445456 0.00394921 0.00262014 0.00059665 -0.00029002 -0.00015808 0.00000510 0.00001167 -0.00000080 0.00078435 0.00326494 0.00194719 0.50875108 66.01116 
0.360 0.01338259 3 -4205890.19 -2543686.46 7784685.96 -6406866.00 -1847955.99 -1192067.69 -337975527.98 -0.00915651 -0.00784934 -0.00309449 0.01329134 0.00809392 0.00665454 0.00676316 0.00678881 0.00675964 0.00667634 0.00654015 0.00635232 0.00611156 0.00581141 0.00544359 0.00500796 0.00451891 0.00400092 0.00267347 0.00064690 -0.00028672 -0.00016530 0.00000538 0.00001205 -0.00000104 0.00079972 0.00346074 0.00204714 0.56522183 72.01218 
0.390 0.01542682 3 -3594982.90 -2741543.23 8412129.01 -6862183.87 -1891489.06 -511895.74 -287415917.40 -0.01093243 -0.01000181 -0.00394578 0.01531722 0.00893334 0.00677365 0.00685994 0.00687102 0.00683161 0.00674232 0.00660430 0.00641840 0.00618195 0.00588536 0.00551633 0.00507259 0.00457031 0.00403929 0.00271430 0.00070938 -0.00026632 -0.00016591 0.00000591 0.00001202 -0.00000138 0.00081240 0.00363533 0.00213572 0.61963482 78.01319 
0.420 0.01740741 3 -3017413.30 -2885868.89 8931442.26 -7331589.21 -1995688.52 264291.04 -236890020.87 -0.01258346 -0.01216427 -0.00485579 0.01728441 0.00965087 0.00682916 0.00689517 0.00689333 0.00684444 0.00674909 0.00660838 0.00642292 0.00618902 0.00589443 0.00552341 0.00507169 0.00455670 0.00401249 0.00268489 0.00071876 -0.00026719 -0.00017504 0.00000764 0.00001295 -0.00000170 0.00081190 0.00375809 0.00219300 0.66679527 84.01421 
0.450 0.01926310 3 -2531722.06 -3026295.18 9343691.67 -7779789.97 -2087807.62 1018479.04 -189570437.41 -0.01415644 -0.01416929 -0.00577367 0.01912155 0.01033665 0.00701983 0.00706685 0.00705181 0.00699205 0.00688827 0.00674162 0.00655249 0.00631597 0.00601660 0.00563420 0.00516186 0.00461828 0.00404280 0.00266902 0.00071521 -0.00026724 -0.00018180 0.00000979 0.00001379 -0.00000206 0.00082469 0.00386372 0.00224931 0.71161587 90.01522 
0.480 0.02092169 3 -2173885.66 -3180995.62 9620712.94 -8152867.43 -2167177.08 1706441.52 -147279316.58 -0.01572245 -0.01587394 -0.00655386 0.02075010 0.01103825 0.00755906 0.00758935 0.00756036 0.00748713 0.00737058 0.00721199 0.00701148 0.00676222 0.00644405 0.00603035 0.00551023 0.00490384 0.00425865 0.00274599 0.00070375 -0.00028434 -0.00019388 0.00001362 0.00001542 -0.00000248 0.00087526 0.00398616 0.00233358 0.75947754 96.01624 
0.510 0.02234709 3 -1896268.30 -3320571.83 9792779.52 -8429040.38 -2242133.94 2302698.33 -110680742.73 -0.01724329 -0.01716874 -0.00714161 0.02213891 0.01169303 0.00838131 0.00839170 0.00834408 0.00825159 0.00811560 0.00793750 0.00771716 0.00744492 0.00709456 0.00663133 0.00603953 0.00534005 0.00459163 0.00286835 0.00067159 -0.00030800 -0.00020339 0.00001888 0.00001705 -0.00000307 0.00095288 0.00412229 0.00243862 0.80761246 102.01725 
0.540 0.02343274 3 -1668301.53 -3467214.12 9913416.28 -8603504.77 -2285846.98 2774848.07 -78788100.21 -0.01869829 -0.01780183 -0.00746539 0.02318543 0.01227231 0.00951381 0.00950146 0.00943030 0.00931240 0.00914994 0.00894439 0.00869594 0.00839000 0.00799272 0.00745997 0.00676955 0.00594198 0.00505271 0.00304636 0.00061209 -0.00035063 -0.00021175 0.00002519 0.00001871 -0.00000373 0.00105989 0.00427814 0.00256853 0.85463138 108.01827 
0.570 0.02421317 3 -1470911.22 -3571506.51 9968007.82 -8693736.59 -2334661.70 3160985.78 -52201550.27 -0.02004683 -0.01789695 -0.00758753 0.02392742 0.01277507 0.01085557 0.01081674 0.01071660 0.01056774 0.01037363 0.01013578 0.00985415 0.00950927 0.00905623 0.00844058 0.00763034 0.00664746 0.00559286 0.00326703 0.00055378 -0.00039917 -0.00021951 0.00003153 0.00002036 -0.00000429 0.00118744 0.00444193 0.00271307 0.89900647 114.01928 
0.600 0.02462826 3 -1298826.69 -3607131.61 9991909.03 -8714323.18 -2410119.77 3440838.85 -33849250.25 -0.02110182 -0.01759325 -0.00764112 0.02431236 0.01319919 0.01233983 0.01227544 0.01214741 0.01197030 0.01174918 0.01148528 0.01117778 0.01080293 0.01029731 0.00959537 0.00865072 0.00749747 0.00626485 0.00358877 0.00054877 -0.00044132 -0.00023485 0.00003612 0.00002246 -0.00000451 0.00133911 0.00458267 0.00285962 0.93722448 120.02029 
0.630 0.02443277 3 -1200317.53 -3745909.68 10140491.27 -8704937.16 -2489564.77 3599602.79 -20989823.29 -0.02194498 -0.01661829 -0.00722975 0.02407306 0.01349513 0.01425577 0.01416559 0.01400863 0.01380171 0.01355191 0.01325924 0.01292017 0.01250879 0.01193687 0.01112339 0.01001161 0.00865947 0.00721991 0.00411640 0.00062835 -0.00048370 -0.00025233 0.00004171 0.00002507 -0.00000463 0.00154751 0.00472081 0.00303508 0.97324137 126.02131 
0.660 0.02440712 3 -1042176.70 -3761768.38 10174375.22 -8668651.68 -2552676.76 3766544.90 -8159116.28 -0.02277718 -0.01559820 -0.00684142 0.02402888 0.01379402 0.01599622 0.01589210 0.01571633 0.01549132 0.01522700 0.01492122 0.01456658 0.01413010 0.01350245 0.01258229 0.01130873 0.00975378 0.00809902 0.00457443 0.00069497 -0.00051649 -0.00026538 0.00004970 0.00002792 -0.00000481 0.00174142 0.00490443 0.00322416 1.01133488 132.02232 
0.690 0.02416823 3 -903015.99 -3745441.07 10186681.94 -8603225.82 -2636789.26 3895758.21 840262.73 -0.02343911 -0.01432826 -0.00633432 0.02378008 0.01404976 0.01775452 0.01764420 0.01745571 0.01721913 0.01694790 0.01663743 0.01627528 0.01582064 0.01514600 0.01412639 0.01270702 0.01094525 0.00903332 0.00506570 0.00081570 -0.00051706 -0.00028140 0.00005213 0.00003000 -0.00000461 0.00194688 0.00509278 0.00342160 1.04695836 138.02334 
0.720 0.02411802 5 -12831530.60 3682628.73 -9700403.07 3616189.43 2843130.54 -13273076.24 -1044151748.99 0.00159956 0.02411802 0.00417969 -0.01186723 0.01096164 0.03468030 0.03431438 0.03379230 0.03315833 0.03242975 0.03160981 0.03068897 0.02961416 0.02823652 0.02640650 0.02405984 0.02120885 0.01809462 0.01112429 0.00270710 -0.00055996 -0.00046103 0.00005616 0.00004824 0.00000045 0.00383783 0.00447077 0.00413454 0.59348372 144.02435 
0.750 0.02665137 5 -11927568.46 4648239.50 -10168200.14 3729659.40 3365932.19 -13503199.41 -1033390658.34 0.00128310 0.02665137 0.00440357 -0.01225066 0.01167497 0.03589258 0.03541084 0.03480721 0.03410358 0.03332031 0.03246152 0.03151615 0.03042348 0.02901981 0.02714286 0.02470807 0.02168635 0.01839412 0.01118487 0.00279640 -0.00047712 -0.00044348 0.00006028 0.00004770 -0.00000007 0.00393869 0.00485874 0.00436999 0.62190922 150.02537 
