0.001 0.00015757 5 15567.35 -9425.61 -29052.96 -23450.14 -5005.98 82502.04 4616109.97 -0.00003225 -0.00009003 -0.00013068 -0.00003076 0.00000961 0.00007163 0.00007575 0.00007091 0.00006385 0.00005535 0.00004591 0.00003630 0.00002721 0.00001908 0.00001209 0.00000622 0.00000145 -0.00000232 -0.00000521 0.00000017 0.00001006 -0.00000010 -0.00001041 -0.00000153 0.00000181 0.00000452 -0.00004194 -0.00001726 -0.00233646 0.17222 
0.030 0.00249810 5 395425.03 294588.99 1103365.72 1011398.56 163530.54 -2177458.78 -88418166.45 0.00103394 0.00249810 0.00100527 0.00034673 -0.00002742 -0.00073212 -0.00074432 -0.00072304 -0.00067125 -0.00059398 -0.00049868 -0.00039506 -0.00029362 -0.00020390 -0.00012973 -0.00007242 -0.00003139 -0.00000462 0.00001856 0.00001455 0.00000862 -0.00000262 -0.00001044 -0.00000289 -0.00000007 -0.00004057 0.00061778 0.00026805 0.02019528 5.16663 
0.060 0.00498673 5 -1557731.65 -1643970.05 -2668013.10 -1111389.91 -120148.57 3985789.98 191890923.10 -0.00246176 -0.00490998 -0.00234739 -0.00116921 -0.00005599 0.00273505 0.00288225 0.00289141 0.00280592 0.00263332 0.00238617 0.00208122 0.00174006 0.00138759 0.00104739 0.00073956 0.00048005 0.00027519 0.00000744 -0.00007430 -0.00001693 -0.00000047 -0.00000658 -0.00000357 -0.00000183 0.00020405 -0.00147347 -0.00058233 -0.04557726 10.33327 
0.090 0.00747733 5 -2753997.32 -2869940.72 -4005083.29 -1579990.14 -113818.93 5814835.76 282258131.59 -0.00366696 -0.00739480 -0.00359089 -0.00195200 -0.00021027 0.00518118 0.00550301 0.00559245 0.00553013 0.00532414 0.00498800 0.00453975 0.00400282 0.00340615 0.00278288 0.00216871 0.00159841 0.00110042 0.00030861 -0.00012380 -0.00006404 -0.00000585 -0.00000265 -0.00000315 -0.00000311 0.00045626 -0.00229226 -0.00083218 -0.06017658 15.49990 
0.120 0.00981976 5 -3470294.60 -4183933.63 -4431953.46 -2091392.92 -206619.27 7443604.69 373864593.48 -0.00477957 -0.00972176 -0.00474215 -0.00267528 -0.00054340 0.00750704 0.00803581 0.00824653 0.00825934 0.00808247 0.00772972 0.00721935 0.00657520 0.00582697 0.00500909 0.00415983 0.00331896 0.00252644 0.00103303 -0.00009129 -0.00014135 -0.00002472 0.00000271 -0.00000109 -0.00000396 0.00075820 -0.00311167 -0.00105590 -0.07185859 20.66654 
0.150 0.01185829 5 -3361537.27 -4824172.57 -4225284.61 -2700641.60 -365277.16 8753838.67 448748217.38 -0.00567078 -0.01172267 -0.00569555 -0.00320431 -0.00091251 0.00921303 0.00993907 0.01029295 0.01042466 0.01034099 0.01005374 0.00957753 0.00893262 0.00814596 0.00725013 0.00628241 0.00528214 0.00429020 0.00216092 0.00013931 -0.00022144 -0.00006305 0.00000893 0.00000311 -0.00000428 0.00105725 -0.00381002 -0.00122441 -0.07797182 25.83317 
0.180 0.01290997 5 -2393829.89 -4049426.44 -3763027.13 -3276289.01 -611564.69 9306477.38 464002395.94 -0.00618244 -0.01274440 -0.00619035 -0.00332816 -0.00084058 0.00979831 0.01060210 0.01104887 0.01129272 0.01133494 0.01117868 0.01082819 0.01029260 0.00958976 0.00874574 0.00779354 0.00677028 0.00571691 0.00324955 0.00050873 -0.00024460 -0.00010458 0.00001316 0.00000771 -0.00000399 0.00125120 -0.00406189 -0.00123946 -0.06681711 30.99981 
0.210 0.01135127 5 -1382225.77 -2431777.42 -2398837.94 -3986174.60 -891809.03 8326373.22 366613716.20 -0.00499536 -0.01111692 -0.00567663 -0.00245314 -0.00071511 0.00780353 0.00849636 0.00891895 0.00920058 0.00934243 0.00934672 0.00921650 0.00895558 0.00856784 0.00805669 0.00742709 0.00669045 0.00587389 0.00372214 0.00090333 -0.00013736 -0.00011647 0.00001060 0.00000923 -0.00000300 0.00114198 -0.00344985 -0.00101056 -0.04958306 36.16644 
0.240 0.01069533 5 927745.27 -3351880.94 -2878389.15 -1475472.45 -14050.35 8647538.15 573372062.01 -0.00452159 -0.01057165 -0.00498801 -0.00282426 -0.00103689 0.00328197 0.00350974 0.00355978 0.00348873 0.00330496 0.00302224 0.00265870 0.00223745 0.00178631 0.00133523 0.00091455 0.00055223 0.00026778 -0.00006903 -0.00012039 -0.00002687 0.00000183 -0.00000096 -0.00000418 -0.00000433 0.00025006 -0.00347808 -0.00149760 -0.15428891 41.33308 
0.270 0.01199123 5 788148.79 -3994118.07 -3165350.85 -1512951.39 -220.78 9460789.88 632669121.93 -0.00501401 -0.01182704 -0.00559337 -0.00322875 -0.00121584 0.00400965 0.00429879 0.00437835 0.00431806 0.00412661 0.00381830 0.00341205 0.00293185 0.00240672 0.00186897 0.00135161 0.00088629 0.00049990 -0.00001715 -0.00015839 -0.00004242 0.00000241 0.00000123 -0.00000401 -0.00000492 0.00032433 -0.00391651 -0.00166368 -0.17075908 46.49971 
0.300 0.01321137 5 387839.64 -4602186.69 -3440073.44 -1588864.56 56599.79 9962364.54 666537658.75 -0.00534702 -0.01290196 -0.00645283 -0.00357637 -0.00133519 0.00482958 0.00518732 0.00529963 0.00525246 0.00505506 0.00472226 0.00427385 0.00373490 0.00313553 0.00250951 0.00189244 0.00131906 0.00082043 0.00007518 -0.00021252 -0.00006790 0.00000252 0.00000354 -0.00000361 -0.00000530 0.00041125 -0.00433701 -0.00181462 -0.18748937 51.66635 
0.330 0.01470961 5 -450340.30 -4960032.05 -4154925.59 -1698582.93 -107494.43 10470694.70 670268432.60 -0.00530396 -0.01421224 -0.00758845 -0.00387872 -0.00131824 0.00584962 0.00627977 0.00642510 0.00638922 0.00618195 0.00581886 0.00532094 0.00471467 0.00403178 0.00330784 0.00258120 0.00189008 0.00126941 0.00025248 -0.00025812 -0.00010365 -0.00000022 0.00000577 -0.00000275 -0.00000535 0.00052177 -0.00472993 -0.00194011 -0.20160828 56.83298 
0.360 0.01622292 5 -1184958.00 -5387428.36 -4586609.71 -1650224.67 -320348.34 10759653.08 668519243.80 -0.00513196 -0.01561120 -0.00879071 -0.00412627 -0.00134195 0.00671931 0.00722304 0.00740819 0.00739378 0.00718985 0.00681243 0.00628314 0.00562935 0.00488382 0.00408326 0.00326726 0.00247592 0.00174694 0.00046354 -0.00029571 -0.00014661 -0.00000550 0.00000795 -0.00000152 -0.00000515 0.00062557 -0.00513088 -0.00207292 -0.21786094 61.99962 
0.390 0.01755560 5 -2509236.46 -5590179.26 -5385979.15 -1775631.77 -461456.56 10704010.28 622033424.50 -0.00447233 -0.01685528 -0.01028990 -0.00426731 -0.00120268 0.00788918 0.00847874 0.00870874 0.00871715 0.00851428 0.00811664 0.00754672 0.00683303 0.00600972 0.00511510 0.00419050 0.00327822 0.00241926 0.00080014 -0.00032093 -0.00021097 -0.00001759 0.00001026 0.00000040 -0.00000465 0.00076620 -0.00543503 -0.00214079 -0.22817241 67.16625 
0.420 0.01907553 5 -3828623.05 -5679402.56 -6100861.75 -2050058.69 -559217.28 10560917.23 566025640.53 -0.00364215 -0.01829201 -0.01188529 -0.00433078 -0.00106418 0.00898299 0.00965849 0.00993627 0.00997274 0.00977834 0.00936994 0.00877057 0.00800950 0.00712194 0.00614743 0.00512876 0.00410990 0.00313413 0.00119916 -0.00030662 -0.00027299 -0.00003301 0.00001233 0.00000264 -0.00000396 0.00090766 -0.00573759 -0.00220748 -0.23866841 72.33288 
0.450 0.01968780 5 -4257998.89 -6116564.94 -5448282.37 -2402701.51 -685066.16 10394616.09 543399742.95 -0.00264951 -0.01886537 -0.01261342 -0.00402945 -0.00143731 0.00877527 0.00950615 0.00982652 0.00990352 0.00974738 0.00937457 0.00880758 0.00807499 0.00721117 0.00625479 0.00524777 0.00423310 0.00325328 0.00126806 -0.00032864 -0.00029332 -0.00003308 0.00001292 0.00000319 -0.00000352 0.00091166 -0.00586481 -0.00226499 -0.25637756 77.49952 
0.480 0.02048486 5 -4931842.85 -6299391.80 -5213857.51 -2823997.04 -782723.95 10188127.45 503249899.17 -0.00159922 -0.01961489 -0.01354215 -0.00379156 -0.00162380 0.00888774 0.00967313 0.01003280 0.01014434 0.01001779 0.00966933 0.00912102 0.00840091 0.00754279 0.00658486 0.00556866 0.00453686 0.00353164 0.00144647 -0.00030957 -0.00030936 -0.00003530 0.00001303 0.00000390 -0.00000291 0.00095151 -0.00599134 -0.00230314 -0.26960551 82.66615 
0.510 0.02058833 5 -5498267.58 -6570176.80 -4750405.91 -3309246.27 -710693.57 9842254.96 466734090.85 -0.00045480 -0.01968985 -0.01413342 -0.00358958 -0.00197464 0.00886088 0.00970589 0.01011178 0.01026648 0.01017963 0.00986693 0.00934965 0.00865493 0.00781562 0.00686905 0.00585623 0.00481932 0.00379991 0.00163526 -0.00028058 -0.00032919 -0.00004002 0.00001338 0.00000474 -0.00000239 0.00098307 -0.00604104 -0.00230967 -0.28315020 87.83279 
0.540 0.02015782 5 1795635.33 2215224.81 4008987.68 4017930.17 80461.04 -8526968.37 -391083753.95 -0.00127402 0.02015782 0.01558258 0.00294320 0.00064218 -0.00695163 -0.00762715 -0.00805232 -0.00834887 -0.00851746 -0.00855994 -0.00847920 -0.00827934 -0.00796569 -0.00754449 -0.00702239 -0.00640702 -0.00571256 -0.00379570 -0.00108912 0.00006378 0.00011221 -0.00001500 -0.00001385 -0.00000220 -0.00108198 0.00561812 0.00205887 0.25211880 92.99942 
0.570 0.02245863 3 -1366598.73 -589540.32 -6713553.50 4038883.32 2701085.39 -803473.61 129358577.00 0.02387325 0.01663094 -0.00028033 -0.02245863 -0.01605538 -0.00707878 -0.00660465 -0.00623334 -0.00588596 -0.00556148 -0.00525826 -0.00497430 -0.00470813 -0.00446260 -0.00424754 -0.00406896 -0.00391665 -0.00376589 -0.00322770 -0.00185677 -0.00041916 0.00005546 0.00000683 -0.00000360 -0.00000102 -0.00079139 -0.00632298 -0.00338447 -1.05736286 98.16606 
0.600 0.02775568 3 -2147272.11 -835356.93 -7318148.42 4734931.15 2810716.21 -1539414.11 91372773.02 0.02790239 0.01991790 0.00104852 -0.02775568 -0.01902858 -0.00698072 -0.00637012 -0.00589803 -0.00546102 -0.00505802 -0.00468745 -0.00434745 -0.00403729 -0.00376333 -0.00354098 -0.00337627 -0.00325287 -0.00314065 -0.00273574 -0.00165528 -0.00041423 0.00004055 0.00000750 -0.00000169 -0.00000032 -0.00069916 -0.00748882 -0.00388200 -1.22589206 103.33269 
0.630 0.03218753 3 -2643512.22 -978585.09 -7697342.22 5067618.13 2825472.56 -1860675.59 70333941.42 0.03193627 0.02184328 0.00157862 -0.03218753 -0.02229966 -0.00750551 -0.00679571 -0.00624933 -0.00574345 -0.00527674 -0.00484768 -0.00445452 -0.00409710 -0.00378470 -0.00353685 -0.00335887 -0.00323103 -0.00312066 -0.00273018 -0.00167646 -0.00043159 0.00004086 0.00000811 -0.00000138 0.00000001 -0.00071558 -0.00883633 -0.00452239 -1.41112579 108.49933 
0.660 0.03570603 3 -3017371.07 -994581.78 -7990184.38 5171715.04 2760306.10 -1964626.05 53146068.56 0.03595690 0.02286587 0.00153548 -0.03570603 -0.02574705 -0.00874348 -0.00796891 -0.00737225 -0.00681677 -0.00630078 -0.00582276 -0.00538089 -0.00497451 -0.00461310 -0.00431336 -0.00407566 -0.00388006 -0.00370246 -0.00319649 -0.00197903 -0.00052985 0.00004890 0.00001031 -0.00000174 0.00000012 -0.00085300 -0.01023193 -0.00524962 -1.60533145 113.66596 
