0.001 0.00010862 4 27729.90 -1810.68 -12233.24 1471.45 4944.08 35358.30 3104414.93 0.00000530 -0.00003124 -0.00010862 -0.00002654 0.00000845 0.00005575 0.00005953 0.00005527 0.00004945 0.00004270 0.00003533 0.00002790 0.00002092 0.00001469 0.00000928 0.00000464 0.00000077 -0.00000239 -0.00000474 0.00000053 0.00001019 -0.00000005 -0.00001041 -0.00000149 0.00000185 0.00000365 -0.00002717 -0.00001080 -0.00198137 0.11776 
0.030 0.00147185 5 -1037302.22 -68027.13 236535.07 176524.87 -52076.38 -1330258.66 -102090857.63 0.00056668 0.00147185 0.00059983 0.00037127 0.00019898 0.00017701 0.00017949 0.00017039 0.00015603 0.00013705 0.00011494 0.00009172 0.00006925 0.00004896 0.00003163 0.00001752 0.00000660 -0.00000145 -0.00000831 -0.00000230 0.00000850 -0.00000110 -0.00001101 -0.00000277 0.00000047 0.00001009 0.00048091 0.00023080 0.02648411 3.53287 
0.060 0.00277612 5 -2249129.16 -101398.03 209650.11 272913.18 -93058.30 -2537236.12 -205029064.07 0.00103550 0.00277612 0.00120431 0.00072142 0.00042473 0.00048441 0.00049145 0.00047686 0.00044991 0.00041125 0.00036233 0.00030537 0.00024415 0.00018434 0.00012990 0.00008340 0.00004623 0.00001835 -0.00001194 -0.00001008 0.00000664 -0.00000090 -0.00001086 -0.00000324 -0.00000034 0.00003072 0.00094170 0.00045777 0.05475378 7.06574 
0.090 0.00398641 5 -3373307.47 -30490.27 138480.63 309664.40 -145563.80 -3645398.43 -304595466.61 0.00147948 0.00398641 0.00176394 0.00106559 0.00065868 0.00080198 0.00081443 0.00079651 0.00076029 0.00070652 0.00063631 0.00055157 0.00045654 0.00035793 0.00026372 0.00017968 0.00010997 0.00005600 -0.00000914 -0.00001886 0.00000445 -0.00000056 -0.00001086 -0.00000345 -0.00000071 0.00005452 0.00138325 0.00067740 0.08263439 10.59861 
0.120 0.00517697 5 -4405913.80 211756.79 41309.64 280627.87 -211687.79 -4727920.31 -406905520.43 0.00191009 0.00517697 0.00231038 0.00142212 0.00090582 0.00116064 0.00118634 0.00117527 0.00114278 0.00108868 0.00101294 0.00091582 0.00079877 0.00066578 0.00052447 0.00038554 0.00026128 0.00015884 0.00001716 -0.00003223 -0.00000137 -0.00000055 -0.00001069 -0.00000346 -0.00000089 0.00008999 0.00182664 0.00090409 0.11221612 14.13148 
0.150 0.00608621 5 -5643759.11 475172.88 -190710.31 40879.05 -353813.16 -5615287.57 -513046135.76 0.00211233 0.00608621 0.00276386 0.00179199 0.00119336 0.00178883 0.00184253 0.00184395 0.00181582 0.00175767 0.00166893 0.00154906 0.00139857 0.00122055 0.00102146 0.00081207 0.00060650 0.00042024 0.00011677 -0.00004665 -0.00001482 -0.00000202 -0.00001065 -0.00000332 -0.00000088 0.00015719 0.00221880 0.00112362 0.14529500 17.66436 
0.180 0.00668546 5 -6913484.56 452361.87 -89703.75 -385361.75 -645612.61 -6245168.32 -607740316.57 0.00209614 0.00668546 0.00315572 0.00219284 0.00142496 0.00259403 0.00269943 0.00272869 0.00271376 0.00265395 0.00254846 0.00239630 0.00219758 0.00195542 0.00167836 0.00138087 0.00108079 0.00079609 0.00028074 -0.00005568 -0.00003428 -0.00000521 -0.00001030 -0.00000292 -0.00000081 0.00024846 0.00253660 0.00132109 0.17908881 21.19723 
0.210 0.00713734 5 -8290849.95 -61671.24 203338.59 -757536.16 -1006191.33 -6668789.81 -681612903.79 0.00190304 0.00713734 0.00366010 0.00249714 0.00156190 0.00367312 0.00385227 0.00391720 0.00391458 0.00384406 0.00370535 0.00349812 0.00322347 0.00288641 0.00249905 0.00208144 0.00165776 0.00125255 0.00048386 -0.00006987 -0.00006030 -0.00000936 -0.00001009 -0.00000251 -0.00000068 0.00036631 0.00279401 0.00150436 0.21335534 24.73010 
0.240 0.00788352 5 10776860.03 657316.47 1032880.60 604164.97 1235699.80 7246798.20 778927900.29 -0.00161610 -0.00761572 -0.00453081 -0.00268061 -0.00187894 -0.00519327 -0.00542749 -0.00550010 -0.00547042 -0.00533813 -0.00510398 -0.00477023 -0.00434379 -0.00383838 -0.00327474 -0.00268161 -0.00209260 -0.00154182 -0.00054613 0.00010244 0.00006959 0.00000699 0.00000766 -0.00000053 -0.00000386 -0.00049448 -0.00315426 -0.00174132 -0.25871897 28.26297 
0.270 0.00966574 5 10163187.13 254001.09 736690.63 345155.06 1281045.33 7546295.03 784547672.16 0.00011505 -0.00913553 -0.00829066 -0.00295186 -0.00180860 -0.00536674 -0.00561922 -0.00572141 -0.00573547 -0.00566027 -0.00549447 -0.00523673 -0.00488680 -0.00444770 -0.00392927 -0.00335202 -0.00274524 -0.00214476 -0.00093053 0.00004455 0.00009902 0.00001860 0.00000681 -0.00000069 -0.00000288 -0.00056442 -0.00389402 -0.00212526 -0.34079942 31.79584 
0.300 0.01238940 5 7081509.66 -62904.03 -951762.67 -465126.56 1091801.07 7469501.86 669054594.24 0.00221006 -0.01166069 -0.01218637 -0.00337201 -0.00130195 -0.00341254 -0.00357625 -0.00366239 -0.00370846 -0.00371299 -0.00367390 -0.00358859 -0.00345421 -0.00326796 -0.00302775 -0.00273305 -0.00238635 -0.00199999 -0.00104867 -0.00007188 0.00008942 0.00002683 0.00000556 -0.00000111 -0.00000220 -0.00041647 -0.00456147 -0.00235955 -0.38971325 35.32871 
0.330 0.01570670 5 6363276.07 -335858.10 -676166.28 -915685.03 571166.41 7719819.07 637652134.79 0.00343018 -0.01487427 -0.01468893 -0.00405501 -0.00115903 -0.00277140 -0.00291971 -0.00301121 -0.00307610 -0.00311283 -0.00311908 -0.00309199 -0.00302826 -0.00292447 -0.00277744 -0.00258417 -0.00234203 -0.00205256 -0.00121910 -0.00018112 0.00007697 0.00003271 0.00000556 -0.00000185 -0.00000246 -0.00038151 -0.00531594 -0.00269466 -0.44272031 38.86158 
0.360 0.01732110 5 5926773.01 -418485.53 -893156.90 -1014352.57 424885.45 7827882.56 624483253.95 0.00426890 -0.01641916 -0.01607142 -0.00501447 -0.00105541 -0.00232722 -0.00248129 -0.00258942 -0.00268028 -0.00275227 -0.00280300 -0.00282948 -0.00282819 -0.00279542 -0.00272753 -0.00262029 -0.00246866 -0.00226913 -0.00156412 -0.00041280 0.00005419 0.00004923 0.00000474 -0.00000347 -0.00000251 -0.00038293 -0.00582323 -0.00293321 -0.48595803 42.39445 
0.390 0.01824267 5 5591226.75 -408666.35 -1253931.59 -948996.74 335106.20 7867715.23 613854791.42 0.00499468 -0.01729397 -0.01695688 -0.00593172 -0.00105160 -0.00196844 -0.00212842 -0.00225159 -0.00236573 -0.00246919 -0.00255945 -0.00263337 -0.00268723 -0.00271698 -0.00271867 -0.00268730 -0.00261648 -0.00250083 -0.00196246 -0.00074510 -0.00000767 0.00006539 0.00000512 -0.00000494 -0.00000262 -0.00039849 -0.00620641 -0.00312111 -0.52321311 45.92732 
0.420 0.01696179 5 5931624.28 -398704.93 -1146347.12 -622810.62 497094.94 7602392.01 623089219.79 0.00626925 -0.01595518 -0.01656324 -0.00663418 -0.00191132 -0.00330606 -0.00350165 -0.00364337 -0.00376683 -0.00387043 -0.00395171 -0.00400759 -0.00403437 -0.00402794 -0.00398403 -0.00389785 -0.00376415 -0.00357834 -0.00282322 -0.00115491 -0.00005207 0.00009484 0.00000435 -0.00000759 -0.00000269 -0.00060094 -0.00631857 -0.00328123 -0.57912172 49.46019 
0.450 0.01699396 5 5892429.22 -354184.05 -1230922.63 -638462.24 533525.15 7582472.99 620620368.12 0.00708032 -0.01593800 -0.01680303 -0.00729088 -0.00225874 -0.00367445 -0.00388101 -0.00403050 -0.00416148 -0.00427236 -0.00436074 -0.00442357 -0.00445717 -0.00445744 -0.00441996 -0.00433971 -0.00421122 -0.00402968 -0.00326994 -0.00146443 -0.00012700 0.00010347 0.00000510 -0.00000834 -0.00000272 -0.00068159 -0.00654238 -0.00342899 -0.61662872 52.99307 
0.480 0.01754892 4 5966375.31 -612335.41 -1204017.85 -593936.48 861394.01 7515271.04 641017172.46 0.00811300 -0.01630179 -0.01754892 -0.00815611 -0.00262400 -0.00379277 -0.00399022 -0.00413298 -0.00425855 -0.00436541 -0.00445129 -0.00451321 -0.00454759 -0.00455042 -0.00451744 -0.00444372 -0.00432334 -0.00415093 -0.00341488 -0.00161240 -0.00019230 0.00009695 0.00000685 -0.00000767 -0.00000283 -0.00070734 -0.00692798 -0.00362343 -0.66272429 56.52594 
0.510 0.01774213 5 -7649877.48 854654.39 568222.91 -359512.53 -1462815.73 -7250426.52 -730691331.18 -0.00430605 0.01774213 0.01678010 0.00409101 0.00119358 0.00415541 0.00438019 0.00450381 0.00458115 0.00461104 0.00459165 0.00452060 0.00439494 0.00421098 0.00396498 0.00365492 0.00328127 0.00284857 0.00161658 -0.00004242 -0.00037373 -0.00009852 0.00000501 0.00000921 0.00000160 0.00052447 0.00593617 0.00306134 0.50264620 60.05881 
0.540 0.01935932 5 -7582350.98 518148.70 697920.54 -158833.30 -1157744.14 -7481842.78 -714826509.90 -0.00491570 0.01935932 0.01783896 0.00525541 0.00117812 0.00392442 0.00417198 0.00431678 0.00441763 0.00447334 0.00448215 0.00444176 0.00434928 0.00420091 0.00399206 0.00371948 0.00338402 0.00298993 0.00180658 0.00007084 -0.00039295 -0.00011852 0.00000727 0.00001133 0.00000163 0.00052898 0.00649345 0.00332499 0.54783112 63.59168 
0.570 0.02107953 5 -7555000.69 484567.11 772484.29 -118465.23 -1001266.20 -7692320.66 -717432752.52 -0.00616263 0.02107953 0.01948884 0.00672197 0.00141137 0.00375049 0.00399899 0.00414825 0.00425673 0.00432319 0.00434576 0.00432202 0.00424887 0.00412222 0.00393520 0.00367966 0.00336060 0.00298682 0.00184125 0.00008999 -0.00043488 -0.00014254 0.00000895 0.00001366 0.00000193 0.00051694 0.00725603 0.00367607 0.61653469 67.12455 
0.600 0.02261627 5 -7382019.69 536653.63 815458.94 -50258.33 -906435.24 -7777438.69 -712983582.92 -0.00799154 0.02261627 0.02117090 0.00823332 0.00199414 0.00381476 0.00403916 0.00417199 0.00426767 0.00432497 0.00434196 0.00431616 0.00424451 0.00412206 0.00393729 0.00368471 0.00337317 0.00300888 0.00188277 0.00011380 -0.00046487 -0.00016168 0.00001052 0.00001549 0.00000202 0.00051871 0.00806367 0.00405561 0.69875540 70.65742 
0.630 0.01876517 4 -6469885.15 715579.28 932709.75 312497.61 -1155214.90 -7275456.89 -664373866.02 -0.00946537 0.01778895 0.01858995 0.00930656 0.00356428 0.00441058 0.00455285 0.00462362 0.00466375 0.00467208 0.00464672 0.00458524 0.00448416 0.00433068 0.00410386 0.00380708 0.00346290 0.00308844 0.00195550 0.00014291 -0.00049433 -0.00018147 0.00001251 0.00001706 0.00000176 0.00055180 0.00769594 0.00390080 0.72427209 74.19029 
0.660 0.01960148 4 -6063094.34 428393.01 727224.30 669228.60 -874320.17 -7013620.09 -609651558.58 -0.01326379 0.01653283 0.01940868 0.01344924 0.00524242 0.00493830 0.00507201 0.00513867 0.00517367 0.00517585 0.00514312 0.00507301 0.00496062 0.00478568 0.00452637 0.00418845 0.00380722 0.00340561 0.00221849 0.00025350 -0.00051632 -0.00020796 0.00001566 0.00001985 0.00000158 0.00061730 0.00883007 0.00446725 0.88736399 77.72316 
0.690 0.02206774 3 -3375878.13 1770813.02 2318583.73 -4699387.33 -2252676.75 -513210.81 -379184589.68 -0.01693129 -0.00496362 0.01053006 0.02199549 0.00514650 0.00205218 0.00229594 0.00246671 0.00261653 0.00274442 0.00284829 0.00292264 0.00296257 0.00294494 0.00283726 0.00265409 0.00244159 0.00222904 0.00156329 0.00018772 -0.00049032 -0.00020862 0.00001739 0.00002064 0.00000198 0.00035247 0.00663218 0.00329625 0.87380892 81.25603 
0.720 0.02287510 3 -2482647.57 1970154.74 2736044.51 -5056761.11 -1941957.84 -190127.86 -334730929.67 -0.01748947 -0.00495371 0.00824086 0.02277775 0.00703038 0.00201965 0.00208142 0.00211812 0.00215323 0.00218601 0.00221500 0.00223721 0.00223737 0.00217667 0.00202552 0.00181619 0.00160073 0.00141515 0.00097520 0.00001866 -0.00048955 -0.00020236 0.00001674 0.00002003 0.00000194 0.00024853 0.00688304 0.00335863 0.89218929 84.78891 
0.750 0.02080047 3 -5567636.15 730221.78 1251751.72 -4043241.90 -2274755.88 -1231611.88 -442773682.94 -0.02059908 -0.00948210 0.00418402 0.02080047 0.01374305 0.01142368 0.01139730 0.01128181 0.01109041 0.01082460 0.01048571 0.01007204 0.00956935 0.00892787 0.00813461 0.00723822 0.00630083 0.00537823 0.00322351 0.00032748 -0.00070463 -0.00029621 0.00002540 0.00002942 0.00000249 0.00117583 0.00710582 0.00395567 1.08069657 88.32178 
0.780 0.02091647 2 -11528264.32 1534461.66 -3273368.66 -2645625.91 -1589801.03 -5553930.37 -831165835.26 -0.01994358 -0.00598619 0.00354653 0.01747519 0.02073257 0.02060544 0.02030776 0.01988161 0.01931660 0.01861409 0.01777414 0.01678773 0.01561467 0.01422633 0.01264715 0.01094139 0.00920059 0.00752372 0.00400246 0.00009528 -0.00090064 -0.00032754 0.00002759 0.00003191 0.00000269 0.00188907 0.00896846 0.00520772 1.28921767 91.85465 
0.810 0.02278333 2 -9894045.62 3232893.53 -3889370.43 -2684447.20 -1065525.03 -5487596.49 -806062836.54 -0.02066907 -0.00736036 0.00179958 0.01712955 0.02255769 0.02090597 0.02043823 0.01991228 0.01928053 0.01854341 0.01769792 0.01672521 0.01556570 0.01416666 0.01257877 0.01088928 0.00915962 0.00748937 0.00400548 0.00017384 -0.00085734 -0.00032243 0.00002356 0.00003139 0.00000367 0.00189031 0.00890286 0.00517762 1.30234113 95.38752 
0.840 0.02428733 2 -11605305.59 1793963.71 -5544786.23 -950804.31 -122289.27 -6781389.50 -812179907.45 -0.01993397 -0.00673744 -0.00030466 0.01502594 0.02414639 0.02530865 0.02495550 0.02447725 0.02386222 0.02311088 0.02222018 0.02116299 0.01986407 0.01826741 0.01630282 0.01404190 0.01168341 0.00944283 0.00510556 0.00043130 -0.00097707 -0.00041144 0.00003243 0.00004066 0.00000426 0.00239129 0.00869716 0.00534734 1.32265796 98.92039 
0.870 0.03278007 3 -4031745.92 1118291.26 596429.09 -3829991.78 -803556.86 -1112917.64 -335529015.48 -0.01857271 -0.01666953 -0.00374039 0.03278007 0.01121226 0.00347324 0.00353821 0.00353748 0.00350130 0.00343123 0.00332943 0.00319736 0.00301554 0.00272667 0.00231778 0.00184614 0.00137299 0.00095205 0.00026870 -0.00045555 -0.00057965 -0.00019607 0.00001528 0.00001644 -0.00000113 0.00028204 0.00703184 0.00344619 1.01582153 102.45326 
0.900 0.02741633 2 -9407527.23 3457234.95 -7374518.52 324698.99 -180540.10 -5634402.55 -703499045.69 -0.02012179 -0.00954824 -0.00456486 0.01164548 0.02736868 0.02866638 0.02814033 0.02755531 0.02685990 0.02605518 0.02512823 0.02402580 0.02268840 0.02104495 0.01901751 0.01664484 0.01408448 0.01154002 0.00642360 0.00091600 -0.00100426 -0.00050191 0.00003750 0.00005008 0.00000557 0.00278146 0.00782367 0.00514513 1.30825028 105.98613 
0.930 0.02803998 2 -9065112.06 3413525.90 -7684624.17 129161.13 -150658.59 -4772516.32 -646895128.19 -0.02041319 -0.01035083 -0.00535470 0.01115238 0.02799522 0.02883487 0.02821276 0.02754910 0.02677047 0.02587782 0.02486298 0.02367117 0.02221272 0.02043372 0.01830793 0.01592453 0.01341994 0.01098154 0.00611406 0.00077439 -0.00103028 -0.00048939 0.00003711 0.00004889 0.00000543 0.00271907 0.00763810 0.00502499 1.29484501 109.51900 
0.960 0.02801742 2 -9231708.24 2656223.72 -7907042.93 1411.27 83498.09 -4065798.39 -584006163.96 -0.02039067 -0.01081266 -0.00566394 0.01121297 0.02795141 0.02811908 0.02742440 0.02669230 0.02582762 0.02483193 0.02369737 0.02236415 0.02074933 0.01881100 0.01657315 0.01416945 0.01175152 0.00950100 0.00514341 0.00039069 -0.00103380 -0.00043114 0.00003451 0.00004328 0.00000499 0.00251455 0.00752371 0.00486273 1.26684394 113.05187 
0.990 0.02751659 2 -11187620.68 -315678.54 -3297982.86 -4213510.38 -990070.75 -2370378.15 -600073086.70 -0.02134222 -0.01311920 -0.00613013 0.01476977 0.02728051 0.02788440 0.02734236 0.02668480 0.02586295 0.02487708 0.02371513 0.02231149 0.02059633 0.01853087 0.01616979 0.01367768 0.01122047 0.00896697 0.00470757 0.00018555 -0.00105699 -0.00040808 0.00003821 0.00004173 0.00000418 0.00246587 0.00774744 0.00494175 1.31155074 116.58475 
1.020 0.02837968 2 -9044580.03 6973966.99 -6833626.46 -1313321.62 -608121.52 -7263477.41 -938594245.37 -0.01845162 -0.00211281 0.00013097 0.01150010 0.02818722 0.02498538 0.02397134 0.02305907 0.02210541 0.02111085 0.02006031 0.01887767 0.01746844 0.01574656 0.01375171 0.01163081 0.00953675 0.00762905 0.00415954 0.00038407 -0.00081199 -0.00033492 0.00002637 0.00003055 0.00000075 0.00212419 0.00981340 0.00572871 1.34176448 120.11762 
1.050 0.04771650 3 -1938709.35 3841384.24 -1507570.78 -3201082.02 -528952.24 -542488.55 -293597909.86 -0.03785997 -0.02930003 -0.00573807 0.04771650 0.03013519 0.01474985 0.01398339 0.01333999 0.01269542 0.01204924 0.01139692 0.01072709 0.00997542 0.00908241 0.00806823 0.00698594 0.00593389 0.00496403 0.00294907 0.00028735 -0.00073005 -0.00031438 0.00002525 0.00002787 -0.00000027 0.00124455 0.01298526 0.00674832 1.97670275 123.65049 
1.080 0.03131488 2 -8680776.29 8013783.86 -7020111.34 -1731527.33 -253707.38 -7689214.10 -976051515.70 -0.02201020 -0.00055240 0.00231150 0.01598923 0.03100285 0.02542095 0.02425191 0.02323645 0.02220069 0.02114214 0.02005212 0.01885777 0.01746139 0.01574872 0.01374898 0.01160055 0.00947362 0.00753926 0.00410724 0.00043047 -0.00081421 -0.00035307 0.00002920 0.00003260 0.00000076 0.00212690 0.01195265 0.00673298 1.56437472 127.18336 
1.110 0.03256245 2 -8514181.35 8360332.70 -7126276.25 -1783662.16 -1439.47 -7963136.17 -987086106.75 -0.02356298 -0.00000979 0.00310366 0.01753559 0.03221374 0.02590808 0.02466955 0.02360434 0.02252608 0.02143271 0.02031063 0.01908556 0.01765569 0.01590381 0.01387310 0.01168597 0.00952301 0.00756729 0.00412497 0.00045755 -0.00079492 -0.00034908 0.00002980 0.00003245 0.00000064 0.00215405 0.01274112 0.00711702 1.65198714 130.71623 
1.140 0.03350507 2 -8282552.32 8651555.85 -7241093.21 -1768500.04 318265.21 -8242780.13 -990597121.34 -0.02477751 0.00047772 0.00368828 0.01855146 0.03313834 0.02636075 0.02506063 0.02395104 0.02283507 0.02171142 0.02055566 0.01930299 0.01784574 0.01606388 0.01400601 0.01178106 0.00958231 0.00760640 0.00415307 0.00049096 -0.00079336 -0.00035643 0.00003170 0.00003347 0.00000056 0.00218020 0.01330344 0.00739451 1.71565693 134.24910 
1.170 0.03419095 2 -8110025.49 8957184.19 -7376593.62 -1712384.27 365187.69 -8343419.48 -996620091.61 -0.02540733 0.00133438 0.00420900 0.01826123 0.03388593 0.02734017 0.02597322 0.02481222 0.02365033 0.02248725 0.02128979 0.01998907 0.01847948 0.01663653 0.01450938 0.01217915 0.00987121 0.00782121 0.00428538 0.00055051 -0.00085187 -0.00040369 0.00003644 0.00003839 0.00000081 0.00225568 0.01359509 0.00757133 1.75060465 137.78197 
1.200 0.03490475 2 -7667597.85 9219567.44 -7603064.44 -1513554.71 822141.12 -8592687.26 -981479092.52 -0.02687972 0.00245410 0.00523116 0.01936785 0.03453787 0.02712265 0.02571684 0.02452974 0.02334704 0.02216875 0.02096140 0.01964952 0.01813642 0.01630959 0.01420861 0.01192002 0.00965509 0.00764141 0.00420688 0.00057109 -0.00084885 -0.00041025 0.00003758 0.00003910 0.00000074 0.00221981 0.01419329 0.00783270 1.80900725 141.31484 
