0.001 0.00012319 5 -22345.86 -7905.97 -26521.95 -33053.71 -8537.60 53673.38 1447846.53 -0.00001214 -0.00005569 -0.00011426 -0.00001696 0.00001767 0.00007522 0.00007872 0.00007315 0.00006546 0.00005645 0.00004662 0.00003673 0.00002745 0.00001921 0.00001215 0.00000624 0.00000145 -0.00000232 -0.00000517 0.00000034 0.00001036 0.00000010 -0.00001035 -0.00000142 0.00000191 0.00000465 -0.00002703 -0.00001020 -0.00147410 0.08103 
0.030 0.00183843 5 -596234.52 -310479.12 -740690.35 -831408.42 -214647.24 1500990.60 47000809.25 -0.00084875 -0.00176873 -0.00082127 -0.00018638 0.00008227 0.00070861 0.00072845 0.00070615 0.00065606 0.00058317 0.00049400 0.00039714 0.00030188 0.00021519 0.00014129 0.00008206 0.00003760 0.00000651 -0.00002228 -0.00001326 0.00000728 0.00000004 -0.00001018 -0.00000201 0.00000128 0.00004141 -0.00043657 -0.00018266 -0.01168753 2.43099 
0.060 0.00340121 5 -1021001.54 -747684.41 -1224545.97 -1458084.78 -397272.66 2806586.29 97926661.09 -0.00164520 -0.00332755 -0.00146044 -0.00037512 0.00009009 0.00133347 0.00138044 0.00135194 0.00127027 0.00114326 0.00098202 0.00080130 0.00061698 0.00044413 0.00029505 0.00017505 0.00008475 0.00002156 -0.00003927 -0.00002865 0.00000336 -0.00000001 -0.00000968 -0.00000270 0.00000040 0.00008086 -0.00083653 -0.00034919 -0.02243684 4.86199 
0.090 0.00487294 5 -1377160.18 -1063895.58 -1811355.11 -1937919.72 -540927.91 3976938.13 144751568.56 -0.00246101 -0.00479771 -0.00206113 -0.00059522 0.00010353 0.00205005 0.00213648 0.00211347 0.00201234 0.00184178 0.00161498 0.00134954 0.00106644 0.00078805 0.00053432 0.00032124 0.00015925 0.00004581 -0.00006524 -0.00005196 -0.00000150 0.00000060 -0.00000890 -0.00000344 -0.00000063 0.00013129 -0.00122726 -0.00050556 -0.03169895 7.29298 
0.120 0.00622926 5 -1768313.67 -1456096.81 -2458969.15 -2212401.27 -635450.01 4994603.56 190749325.32 -0.00328841 -0.00615235 -0.00262886 -0.00087464 0.00009421 0.00291654 0.00305452 0.00304606 0.00293460 0.00272928 0.00244436 0.00209887 0.00171636 0.00132343 0.00094730 0.00061237 0.00033884 0.00013748 -0.00007912 -0.00008721 -0.00001060 0.00000156 -0.00000760 -0.00000404 -0.00000172 0.00020083 -0.00162129 -0.00065334 -0.04006160 9.72397 
0.150 0.00746743 5 -2105822.35 -1958385.96 -3004064.88 -2349483.09 -686300.73 5892412.32 239748058.95 -0.00404883 -0.00738678 -0.00317386 -0.00120089 0.00003170 0.00386523 0.00406344 0.00407810 0.00396588 0.00373626 0.00340400 0.00298886 0.00251570 0.00201383 0.00151420 0.00104793 0.00064390 0.00032318 -0.00006543 -0.00013166 -0.00002461 0.00000244 -0.00000587 -0.00000445 -0.00000277 0.00028556 -0.00201852 -0.00079453 -0.04884093 12.15497 
0.180 0.00882498 5 2848425.85 3255113.25 4384228.12 2244976.01 85928.19 -7121819.73 -349656552.58 0.00368597 0.00882498 0.00415725 0.00229122 0.00040180 -0.00588725 -0.00626666 -0.00640509 -0.00638134 -0.00620222 -0.00587994 -0.00543087 -0.00487707 -0.00424671 -0.00357275 -0.00289087 -0.00223639 -0.00164104 -0.00059469 0.00010590 0.00009703 0.00000782 -0.00001265 -0.00000448 -0.00000106 -0.00055881 0.00266759 0.00095365 0.07189699 14.58596 
0.210 0.01004222 5 2931137.72 4068195.33 4527575.96 2297859.40 42661.44 -8005154.41 -420430176.44 0.00414469 0.01004222 0.00478230 0.00278023 0.00066821 -0.00694138 -0.00742702 -0.00763315 -0.00765590 -0.00750195 -0.00718329 -0.00671582 -0.00612120 -0.00542737 -0.00466759 -0.00387941 -0.00310168 -0.00237158 -0.00099295 0.00006640 0.00013401 0.00001962 -0.00001358 -0.00000562 -0.00000130 -0.00070662 0.00314488 0.00109887 0.08490330 17.01695 
0.240 0.01102190 5 2888066.87 4768972.21 4500523.33 2294725.42 -6522.42 -8669631.66 -481127672.37 0.00454917 0.01102190 0.00524318 0.00320766 0.00093973 -0.00786989 -0.00845744 -0.00873398 -0.00881082 -0.00869428 -0.00839585 -0.00793036 -0.00731840 -0.00658714 -0.00576935 -0.00490241 -0.00402566 -0.00317934 -0.00147563 -0.00001084 0.00017387 0.00003601 -0.00001477 -0.00000715 -0.00000152 -0.00085371 0.00354969 0.00121050 0.09390131 19.44795 
0.270 0.01373079 4 -9329475.12 -536112.54 -545033.52 -183307.20 -1014731.18 -7050290.68 -708699854.03 -0.00427279 0.01289763 0.01363247 0.00558145 0.00133243 0.00565228 0.00605900 0.00628428 0.00641640 0.00645422 0.00639644 0.00624151 0.00598816 0.00563627 0.00518810 0.00465036 0.00403600 0.00336982 0.00171417 -0.00017530 -0.00039310 -0.00008132 0.00000282 0.00000642 0.00000129 0.00068961 0.00529769 0.00284977 0.50014297 21.87894 
0.300 0.01806175 4 -7130769.87 -504784.79 -266519.73 1054480.20 -655998.36 -6757947.18 -583808094.50 -0.00933511 0.01599765 0.01781438 0.01098107 0.00159073 0.00355552 0.00394987 0.00419940 0.00438610 0.00450924 0.00456797 0.00456136 0.00448824 0.00434736 0.00413781 0.00385933 0.00351221 0.00309941 0.00186528 0.00009901 -0.00036349 -0.00011036 0.00000578 0.00001031 0.00000204 0.00054024 0.00715197 0.00363966 0.68570764 24.30993 
