0.001 0.00011296 4 29905.59 -2362.69 -10090.87 -6248.57 2793.86 45813.85 3510744.79 0.00000100 -0.00004275 -0.00011296 -0.00002655 0.00000797 0.00005664 0.00006056 0.00005633 0.00005047 0.00004360 0.00003608 0.00002849 0.00002134 0.00001496 0.00000944 0.00000471 0.00000077 -0.00000243 -0.00000482 0.00000044 0.00001008 -0.00000013 -0.00001044 -0.00000154 0.00000180 0.00000370 -0.00002976 -0.00001199 -0.00206977 0.06945 
0.030 0.00145277 5 317791.03 -178570.12 -436695.34 -268649.09 -8391.28 1210096.87 75941885.11 -0.00061245 -0.00138346 -0.00071992 -0.00032688 -0.00007774 0.00027484 0.00028907 0.00028127 0.00026055 0.00023014 0.00019343 0.00015431 0.00011628 0.00008192 0.00005277 0.00002947 0.00001193 -0.00000048 -0.00001140 -0.00000566 0.00000473 -0.00000177 -0.00000898 -0.00000300 -0.00000049 0.00001613 -0.00044560 -0.00020032 -0.02084937 2.08360 
0.060 0.00279920 5 697411.38 -369041.72 -772433.60 -520865.74 -31492.03 2391244.47 152288609.95 -0.00120546 -0.00272635 -0.00132336 -0.00062455 -0.00018375 0.00039727 0.00041712 0.00040471 0.00037045 0.00031898 0.00025673 0.00019194 0.00013279 0.00008353 0.00004516 0.00001727 -0.00000156 -0.00001320 -0.00001895 -0.00000752 0.00000183 -0.00000229 -0.00000681 -0.00000348 -0.00000201 0.00002057 -0.00086600 -0.00039504 -0.04110195 4.16719 
0.090 0.00419192 5 1070767.85 -629803.71 -1066811.80 -760404.03 -67208.66 3594996.05 231508092.06 -0.00181571 -0.00411643 -0.00193966 -0.00093849 -0.00030830 0.00055138 0.00058099 0.00056576 0.00051824 0.00044467 0.00035381 0.00025684 0.00016540 0.00008963 0.00003405 -0.00000278 -0.00002460 -0.00003540 -0.00003248 -0.00001001 -0.00000005 -0.00000223 -0.00000448 -0.00000357 -0.00000305 0.00002676 -0.00130465 -0.00059737 -0.06226686 6.25079 
0.120 0.00561009 5 1420967.33 -951449.60 -1396279.29 -945691.53 -77288.33 4791676.08 313631436.52 -0.00242831 -0.00553312 -0.00257647 -0.00129414 -0.00045167 0.00078195 0.00082994 0.00081754 0.00076072 0.00066562 0.00054294 0.00040626 0.00027089 0.00015142 0.00005914 -0.00000303 -0.00003973 -0.00005754 -0.00005237 -0.00001619 -0.00000174 -0.00000157 -0.00000200 -0.00000344 -0.00000381 0.00003974 -0.00176485 -0.00080621 -0.08445470 8.33438 
0.150 0.00704968 5 1895795.61 -1388177.96 -1578570.63 -1065224.44 -58049.12 5985817.75 405442313.78 -0.00301681 -0.00696906 -0.00324771 -0.00171542 -0.00066890 0.00114315 0.00123254 0.00124341 0.00119815 0.00110120 0.00096098 0.00078775 0.00059718 0.00040915 0.00024173 0.00010883 0.00001663 -0.00003995 -0.00007295 -0.00003422 -0.00000604 -0.00000020 0.00000073 -0.00000311 -0.00000435 0.00007153 -0.00226793 -0.00102515 -0.10870556 10.41798 
0.180 0.00851930 5 2875085.29 -1466242.73 -1617456.68 -1210435.94 -30461.70 7199682.34 503223936.36 -0.00352804 -0.00842897 -0.00393528 -0.00213903 -0.00092791 0.00123166 0.00134900 0.00138850 0.00137417 0.00130784 0.00119336 0.00103513 0.00084223 0.00063159 0.00042544 0.00024407 0.00010310 0.00000732 -0.00007472 -0.00004950 -0.00001173 0.00000070 0.00000364 -0.00000249 -0.00000466 0.00009043 -0.00278589 -0.00125792 -0.13631559 12.50158 
0.210 0.00999435 5 3889962.21 -1513062.28 -1615751.62 -1358512.93 12626.59 8364662.45 599045904.97 -0.00395086 -0.00987093 -0.00464191 -0.00254949 -0.00118950 0.00112138 0.00124834 0.00130184 0.00130733 0.00126631 0.00118127 0.00105538 0.00089290 0.00070151 0.00049763 0.00030414 0.00014259 0.00002638 -0.00007909 -0.00005766 -0.00001472 0.00000153 0.00000609 -0.00000174 -0.00000463 0.00008999 -0.00329653 -0.00149753 -0.16641454 14.58517 
0.240 0.01141214 5 3918945.57 -1620170.58 -1778083.92 -1777180.36 48770.85 9045609.57 633138259.09 -0.00379769 -0.01104348 -0.00596087 -0.00279983 -0.00124143 0.00149612 0.00166285 0.00174143 0.00176583 0.00173749 0.00165876 0.00153269 0.00136318 0.00115587 0.00092206 0.00068219 0.00045876 0.00027148 0.00001903 -0.00007040 -0.00002933 0.00000028 0.00000801 -0.00000100 -0.00000450 0.00014143 -0.00372294 -0.00167009 -0.19213512 16.66877 
0.270 0.01099820 5 1417617.21 -2057640.12 -2444246.49 -2378086.81 -72911.86 8370502.49 513155846.08 -0.00341331 -0.01063066 -0.00628420 -0.00235910 -0.00083459 0.00345463 0.00374607 0.00388328 0.00392921 0.00388526 0.00375386 0.00353822 0.00324286 0.00287623 0.00245634 0.00200960 0.00156482 0.00115042 0.00041278 -0.00008393 -0.00007595 -0.00000882 0.00000816 -0.00000067 -0.00000464 0.00035878 -0.00343177 -0.00141814 -0.15066686 18.75237 
0.300 0.01120861 5 13155767.67 1308529.42 1486586.29 476140.94 595837.84 9288673.16 917763780.81 -0.00389688 -0.01084748 -0.00581082 -0.00329079 -0.00240712 -0.00515358 -0.00528870 -0.00525115 -0.00508958 -0.00481135 -0.00442864 -0.00395778 -0.00341997 -0.00284146 -0.00225240 -0.00168562 -0.00117311 -0.00074018 -0.00011212 0.00014101 0.00003470 -0.00000311 0.00001020 0.00000093 -0.00000383 -0.00039585 -0.00430349 -0.00222766 -0.30108604 20.83596 
0.330 0.01256893 4 -1750220.43 1861623.93 3527029.72 1001806.44 -1952279.83 -6188400.69 -509301003.87 -0.00316401 0.01024486 0.01251654 0.00549609 0.00096821 -0.00184085 -0.00202203 -0.00212088 -0.00215412 -0.00212285 -0.00202929 -0.00187652 -0.00166861 -0.00141189 -0.00111876 -0.00080910 -0.00050433 -0.00022826 0.00016555 0.00016948 0.00000841 -0.00001717 -0.00000693 -0.00000190 -0.00000159 -0.00016296 0.00469491 0.00211429 0.36382517 22.91956 
0.360 0.01655796 4 6837.84 2852524.47 3339481.55 2046725.84 -1918208.63 -6313685.38 -466602391.60 -0.00512014 0.01454388 0.01643805 0.00638317 0.00101225 -0.00332901 -0.00364968 -0.00381975 -0.00388687 -0.00385204 -0.00371788 -0.00348764 -0.00316743 -0.00277043 -0.00231792 -0.00183647 -0.00135354 -0.00090316 -0.00011980 0.00022174 0.00004846 -0.00001475 -0.00000617 -0.00000201 -0.00000192 -0.00033256 0.00583922 0.00256062 0.43791128 25.00315 
0.390 0.01964903 4 2109714.83 4204610.85 4439956.70 1103483.31 -2161236.44 -5477099.58 -425369655.39 -0.00884941 0.01546623 0.01954650 0.01061910 0.00132754 -0.00589736 -0.00629717 -0.00648168 -0.00651800 -0.00640832 -0.00615945 -0.00577941 -0.00528398 -0.00469806 -0.00405113 -0.00337131 -0.00268250 -0.00201124 -0.00068339 0.00023002 0.00012633 0.00000026 -0.00000743 -0.00000319 -0.00000194 -0.00059321 0.00717445 0.00304809 0.56688979 27.08675 
0.420 0.02320358 4 2496173.26 4434892.91 4096434.92 1407069.18 -2133406.02 -5308817.73 -403008860.58 -0.01159922 0.01893087 0.02306787 0.01241735 0.00175087 -0.00651708 -0.00699280 -0.00723953 -0.00733452 -0.00727874 -0.00707588 -0.00673162 -0.00625905 -0.00568202 -0.00502990 -0.00432921 -0.00359959 -0.00286267 -0.00125726 0.00010739 0.00016420 0.00001880 -0.00000895 -0.00000522 -0.00000235 -0.00072188 0.00842193 0.00356452 0.67028950 29.17035 
0.450 0.02452641 4 3188707.35 4750119.72 4385386.92 1176305.45 -2174226.46 -4948878.27 -377601024.08 -0.01341257 0.01938407 0.02438856 0.01407343 0.00208152 -0.00718511 -0.00770014 -0.00796633 -0.00806898 -0.00800927 -0.00779170 -0.00742282 -0.00691817 -0.00630541 -0.00561753 -0.00488190 -0.00411484 -0.00333231 -0.00155778 0.00006531 0.00019567 0.00002950 -0.00000985 -0.00000628 -0.00000251 -0.00080855 0.00900219 0.00379050 0.73087007 31.25394 
0.480 0.02624966 4 -8871153.15 -412430.52 317369.18 -1100038.07 -1583083.85 -6092969.89 -688339679.59 -0.01887739 0.02254631 0.02604875 0.01673237 0.00559929 0.00863614 0.00908345 0.00934396 0.00951504 0.00959528 0.00958251 0.00947235 0.00925441 0.00890954 0.00842199 0.00779425 0.00704905 0.00622418 0.00407888 0.00111724 -0.00014157 -0.00014722 0.00000149 0.00001239 0.00000181 0.00120333 0.01100678 0.00579896 1.15881043 33.33754 
