0.001 0.00010838 4 54739.71 287.20 5007.16 7421.98 6406.34 35617.04 4080105.36 0.00000724 -0.00003010 -0.00010838 -0.00002852 0.00000323 0.00004487 0.00004896 0.00004550 0.00004079 0.00003533 0.00002936 0.00002332 0.00001761 0.00001248 0.00000797 0.00000401 0.00000061 -0.00000225 -0.00000438 0.00000074 0.00001028 0.00000000 -0.00001037 -0.00000145 0.00000188 0.00000315 -0.00002914 -0.00001198 -0.00224325 0.06622 
0.030 0.00164448 5 -1587873.03 68444.71 63484.83 -39540.95 -153892.31 -1526369.32 -142813469.42 0.00055276 0.00164448 0.00071826 0.00053292 0.00033782 0.00035414 0.00035234 0.00033281 0.00030256 0.00026366 0.00021922 0.00017323 0.00012936 0.00009026 0.00005744 0.00003138 0.00001188 -0.00000183 -0.00001321 -0.00000482 0.00000926 -0.00000071 -0.00001157 -0.00000271 0.00000078 0.00001900 0.00060569 0.00029403 0.03751348 1.98667 
0.060 0.00305798 5 -3267318.36 104896.91 30901.62 -207671.75 -337450.74 -2857994.40 -280737769.78 0.00100231 0.00305798 0.00142935 0.00105911 0.00067390 0.00078797 0.00078832 0.00075637 0.00070223 0.00062872 0.00054028 0.00044303 0.00034464 0.00025227 0.00017127 0.00010457 0.00005313 0.00001603 -0.00002102 -0.00001438 0.00000795 -0.00000037 -0.00001201 -0.00000335 -0.00000000 0.00004582 0.00117598 0.00057561 0.07571395 3.97333 
0.090 0.00434186 5 -4960637.26 127588.44 -92993.41 -414421.15 -519944.44 -4060866.69 -412344069.52 0.00139129 0.00434186 0.00207823 0.00156019 0.00102009 0.00128797 0.00129025 0.00124248 0.00115848 0.00104285 0.00090256 0.00074710 0.00058728 0.00043456 0.00029901 0.00018642 0.00009898 0.00003559 -0.00003015 -0.00002518 0.00000666 0.00000020 -0.00001233 -0.00000370 -0.00000045 0.00007630 0.00171287 0.00084349 0.11297885 5.96000 
0.120 0.00552749 5 -6680456.10 134904.12 -310326.76 -646424.16 -699288.89 -5159320.41 -538946833.05 0.00173972 0.00552749 0.00267960 0.00203880 0.00137816 0.00186754 0.00187405 0.00181006 0.00169370 0.00153078 0.00133119 0.00110838 0.00087797 0.00065557 0.00045511 0.00028720 0.00015614 0.00006075 -0.00004042 -0.00003827 0.00000502 0.00000095 -0.00001261 -0.00000393 -0.00000068 0.00011237 0.00222610 0.00110324 0.14991791 7.94667 
0.150 0.00664660 5 -8441248.15 53896.90 -587440.59 -842400.80 -869982.67 -6195320.98 -659627623.48 0.00201965 0.00664660 0.00325426 0.00248340 0.00172967 0.00262397 0.00264739 0.00257357 0.00242767 0.00221630 0.00195070 0.00164624 0.00132295 0.00100318 0.00070742 0.00045271 0.00025135 0.00010400 -0.00005559 -0.00005951 0.00000201 0.00000215 -0.00001283 -0.00000412 -0.00000080 0.00016388 0.00271240 0.00135856 0.18731818 9.93333 
0.180 0.00789935 5 7090122.46 -491640.47 -462267.68 142691.66 748744.06 7152594.87 663586872.50 -0.00247091 -0.00781453 -0.00393686 -0.00258440 -0.00150948 -0.00210931 -0.00217050 -0.00218482 -0.00216742 -0.00211718 -0.00203268 -0.00191232 -0.00175513 -0.00156192 -0.00133736 -0.00109264 -0.00084442 -0.00061134 -0.00020304 0.00005018 0.00002553 -0.00000123 0.00000139 -0.00000344 -0.00000498 -0.00019747 -0.00295667 -0.00149092 -0.19863699 11.92000 
0.210 0.00922587 5 8110507.87 -622457.13 -425296.51 283589.50 810301.77 8064370.24 755069365.23 -0.00286124 -0.00903018 -0.00477557 -0.00297949 -0.00174515 -0.00263473 -0.00272266 -0.00275259 -0.00274696 -0.00270448 -0.00262330 -0.00250123 -0.00233615 -0.00212693 -0.00187547 -0.00159044 -0.00128764 -0.00098738 -0.00039692 0.00004059 0.00004290 0.00000423 0.00000326 -0.00000348 -0.00000547 -0.00026741 -0.00346632 -0.00176699 -0.23810474 13.90666 
0.240 0.01076422 5 8353031.47 -597938.82 -496018.54 -110300.41 828312.40 8728976.84 790806897.80 -0.00261019 -0.01033089 -0.00645568 -0.00316408 -0.00177458 -0.00289356 -0.00300138 -0.00305022 -0.00306586 -0.00304689 -0.00299125 -0.00289630 -0.00275916 -0.00257705 -0.00234829 -0.00207441 -0.00176335 -0.00143268 -0.00068580 -0.00000678 0.00006386 0.00001377 0.00000390 -0.00000368 -0.00000544 -0.00032553 -0.00395503 -0.00202695 -0.28106417 15.89333 
0.270 0.01235749 5 8373643.13 -563201.95 -504293.53 -302178.19 620714.72 9122602.09 799612708.30 -0.00198386 -0.01178163 -0.00853480 -0.00325388 -0.00176419 -0.00323831 -0.00336879 -0.00343597 -0.00347124 -0.00347317 -0.00343956 -0.00336766 -0.00325425 -0.00309589 -0.00288944 -0.00263267 -0.00232621 -0.00197970 -0.00108763 -0.00009918 0.00009156 0.00002872 0.00000366 -0.00000414 -0.00000501 -0.00039878 -0.00445834 -0.00230181 -0.33000228 17.88000 
0.300 0.01436478 5 7537953.10 -541840.71 -685457.91 -823999.68 581628.82 9007622.59 753794200.16 -0.00054083 -0.01364349 -0.01110901 -0.00322117 -0.00162322 -0.00314778 -0.00327075 -0.00334033 -0.00338687 -0.00340890 -0.00340418 -0.00336986 -0.00330257 -0.00319852 -0.00305378 -0.00286455 -0.00262750 -0.00234164 -0.00146958 -0.00025495 0.00010994 0.00004801 0.00000241 -0.00000481 -0.00000403 -0.00042639 -0.00491846 -0.00253217 -0.37622518 19.86666 
0.330 0.01698905 5 6185411.23 -575609.00 -1040339.70 -1348301.30 451279.75 8698381.48 679098505.10 0.00140428 -0.01613838 -0.01384649 -0.00315243 -0.00143926 -0.00274046 -0.00282950 -0.00288364 -0.00292676 -0.00295736 -0.00297318 -0.00297140 -0.00294862 -0.00290096 -0.00282426 -0.00271423 -0.00256671 -0.00237797 -0.00169078 -0.00044273 0.00010734 0.00006780 0.00000034 -0.00000560 -0.00000263 -0.00040577 -0.00537694 -0.00273613 -0.41783361 21.85333 
0.360 0.01633752 5 5596183.25 -1009919.67 -768413.86 -1392714.65 899415.88 7867815.55 644742448.37 0.00367697 -0.01545642 -0.01479180 -0.00324662 -0.00230549 -0.00374233 -0.00379692 -0.00382096 -0.00383193 -0.00382845 -0.00380840 -0.00376911 -0.00370742 -0.00361969 -0.00350200 -0.00335032 -0.00316077 -0.00292991 -0.00212422 -0.00061455 0.00013096 0.00009376 -0.00000244 -0.00000745 -0.00000172 -0.00051729 -0.00554715 -0.00287517 -0.47614449 23.84000 
0.390 0.01634929 4 2220797.99 -669998.39 -2351700.21 -2390392.83 1322364.64 6310524.79 439685473.64 0.00705875 -0.01488101 -0.01634929 -0.00343135 -0.00249690 -0.00234266 -0.00222948 -0.00214411 -0.00207186 -0.00201151 -0.00196118 -0.00191846 -0.00188047 -0.00184387 -0.00180493 -0.00175963 -0.00170410 -0.00163462 -0.00134580 -0.00053662 0.00007687 0.00008105 -0.00000499 -0.00000582 0.00000028 -0.00029062 -0.00547560 -0.00272122 -0.48896425 25.82666 
0.420 0.01726056 4 1995189.24 -1172739.40 -2071642.57 -2213617.48 1661809.63 5791379.05 436253362.77 0.00898392 -0.01467263 -0.01726056 -0.00424933 -0.00350979 -0.00295653 -0.00278943 -0.00266069 -0.00254657 -0.00244599 -0.00235716 -0.00227780 -0.00220514 -0.00213588 -0.00206634 -0.00199252 -0.00191056 -0.00181696 -0.00148063 -0.00060609 0.00007980 0.00009291 -0.00000603 -0.00000675 0.00000066 -0.00033922 -0.00593874 -0.00296415 -0.55958200 27.81333 
0.450 0.01798916 4 1581122.84 -1579043.93 -2385008.62 -1627027.15 2021833.28 5150369.26 427296505.15 0.01100260 -0.01397041 -0.01798916 -0.00597574 -0.00445221 -0.00295935 -0.00272548 -0.00254761 -0.00239136 -0.00225564 -0.00213870 -0.00203822 -0.00195142 -0.00187504 -0.00180537 -0.00173831 -0.00166990 -0.00159661 -0.00134565 -0.00061496 0.00006381 0.00009503 -0.00000618 -0.00000680 0.00000096 -0.00031086 -0.00649494 -0.00320981 -0.63564264 29.80000 
0.480 0.01918647 4 1194498.59 -1770857.43 -2835929.99 -1093870.16 2073323.68 4821832.50 416550532.16 0.01301581 -0.01422742 -0.01918647 -0.00801290 -0.00513486 -0.00271244 -0.00243438 -0.00222565 -0.00204481 -0.00189077 -0.00176173 -0.00165535 -0.00156878 -0.00149865 -0.00144112 -0.00139192 -0.00134692 -0.00130246 -0.00115009 -0.00058897 0.00004791 0.00009375 -0.00000608 -0.00000661 0.00000116 -0.00026241 -0.00722034 -0.00352412 -0.71728132 31.78666 
0.510 0.02126301 4 576732.85 -1991065.69 -3110095.40 -1010217.48 1980828.16 4707283.28 395640928.31 0.01485346 -0.01599626 -0.02126301 -0.00977792 -0.00541837 -0.00196347 -0.00162971 -0.00138510 -0.00117849 -0.00100890 -0.00087458 -0.00077322 -0.00070200 -0.00065755 -0.00063597 -0.00063299 -0.00064450 -0.00066674 -0.00072474 -0.00050275 0.00001579 0.00008075 -0.00000508 -0.00000535 0.00000133 -0.00014930 -0.00807907 -0.00386659 -0.79020065 33.77333 
0.540 0.02265046 4 -240789.78 -2296882.08 -3450054.08 -1205590.27 1960000.34 4751736.32 376683289.89 0.01521256 -0.01774468 -0.02265046 -0.00999471 -0.00533248 -0.00079382 -0.00036187 -0.00005627 0.00019183 0.00038333 0.00051994 0.00060397 0.00063830 0.00062645 0.00057249 0.00048106 0.00035673 0.00020541 -0.00019314 -0.00040505 -0.00003840 0.00005532 -0.00000282 -0.00000292 0.00000148 0.00001740 -0.00847750 -0.00396481 -0.79902082 35.75999 
0.570 0.02456923 4 -1485468.58 -2887093.05 -3894953.45 -1370721.90 1880552.56 4786747.25 350597521.47 0.01595986 -0.01993914 -0.02456923 -0.01078121 -0.00518153 0.00094504 0.00149053 0.00185616 0.00213402 0.00232487 0.00243041 0.00245296 0.00239552 0.00226194 0.00205790 0.00179282 0.00147714 0.00112973 0.00030408 -0.00034983 -0.00010404 0.00002929 -0.00000037 -0.00000045 0.00000163 0.00022621 -0.00908278 -0.00413763 -0.82306346 37.74666 
0.600 0.02658963 4 -2946615.30 -3739575.10 -4317759.04 -1374767.16 1777885.21 4707600.80 321733864.44 0.01751073 -0.02165053 -0.02658963 -0.01273283 -0.00522942 0.00282029 0.00346207 0.00386540 0.00414435 0.00429982 0.00433394 0.00424959 0.00405088 0.00374517 0.00334783 0.00288140 0.00236948 0.00183900 0.00064847 -0.00034446 -0.00016491 0.00001097 0.00000174 0.00000127 0.00000163 0.00041924 -0.00990933 -0.00442255 -0.88184677 39.73333 
0.630 0.02904611 4 -4547535.71 -4764403.75 -4793875.53 -1448057.65 1680031.62 4778769.60 300601947.34 0.01856680 -0.02446890 -0.02904611 -0.01393002 -0.00509170 0.00484520 0.00559466 0.00603657 0.00631133 0.00642044 0.00636881 0.00616141 0.00580824 0.00532702 0.00474254 0.00408490 0.00338480 0.00267408 0.00109872 -0.00030410 -0.00023106 -0.00000995 0.00000440 0.00000331 0.00000164 0.00063242 -0.01074022 -0.00469881 -0.92445955 41.71999 
