0.001 0.00011215 4 37207.60 -3311.27 -6317.92 -414.84 3799.36 43452.26 3801387.98 -0.00000007 -0.00004058 -0.00011215 -0.00002800 0.00000613 0.00005373 0.00005774 0.00005377 0.00004825 0.00004177 0.00003467 0.00002747 0.00002067 0.00001459 0.00000928 0.00000471 0.00000087 -0.00000227 -0.00000464 0.00000058 0.00001025 -0.00000000 -0.00001038 -0.00000146 0.00000187 0.00000360 -0.00003052 -0.00001240 -0.00215647 0.13054 
0.030 0.00151225 5 -1013601.14 49438.18 232246.93 99818.30 -53117.98 -1341986.56 -107160360.69 0.00065587 0.00151225 0.00061060 0.00040182 0.00021617 0.00012571 0.00012581 0.00011843 0.00010884 0.00009672 0.00008238 0.00006656 0.00005089 0.00003651 0.00002398 0.00001352 0.00000518 -0.00000121 -0.00000677 -0.00000117 0.00000956 -0.00000088 -0.00001153 -0.00000250 0.00000103 0.00000742 0.00050975 0.00024290 0.02748649 3.91631 
0.060 0.00299038 5 -2011858.48 112707.21 473032.96 213178.28 -124466.23 -2686310.71 -214825400.04 0.00121315 0.00299038 0.00130719 0.00081197 0.00041569 0.00025776 0.00025983 0.00025288 0.00024314 0.00022979 0.00021151 0.00018689 0.00015639 0.00012293 0.00009095 0.00006204 0.00003756 0.00001810 -0.00000512 -0.00000553 0.00000840 -0.00000103 -0.00001206 -0.00000315 0.00000029 0.00001836 0.00101874 0.00048731 0.05673755 7.83262 
0.090 0.00458075 5 -2862844.48 315955.60 767152.80 353152.91 -192239.40 -4106866.40 -325530722.19 0.00178050 0.00458075 0.00205763 0.00125798 0.00062433 0.00026068 0.00025667 0.00024845 0.00024111 0.00023419 0.00022667 0.00021719 0.00020284 0.00017995 0.00014881 0.00011391 0.00008097 0.00005200 0.00000896 -0.00000650 0.00000694 -0.00000139 -0.00001246 -0.00000351 -0.00000022 0.00002199 0.00155916 0.00074258 0.08708196 11.74893 
0.120 0.00615301 5 -4082879.25 370909.06 883709.81 508694.10 -288651.86 -5557540.37 -445784453.44 0.00221416 0.00615301 0.00280343 0.00168546 0.00086940 0.00063889 0.00065102 0.00064955 0.00064369 0.00063281 0.00061577 0.00059103 0.00055697 0.00051160 0.00045181 0.00037856 0.00029821 0.00022029 0.00007779 -0.00001308 -0.00000172 -0.00000272 -0.00001260 -0.00000361 -0.00000053 0.00006283 0.00209455 0.00101525 0.12250508 15.66524 
0.150 0.00755205 5 -5632261.69 327203.66 796280.59 592287.36 -436841.31 -6911191.99 -571614787.79 0.00246027 0.00755205 0.00347145 0.00207116 0.00113370 0.00149573 0.00155735 0.00157958 0.00158311 0.00156715 0.00153033 0.00147082 0.00138668 0.00127632 0.00113952 0.00097888 0.00080194 0.00062176 0.00026107 -0.00001586 -0.00002227 -0.00000684 -0.00001199 -0.00000329 -0.00000073 0.00015911 0.00258022 0.00129407 0.16270242 19.58155 
0.180 0.00870266 5 -7315600.55 309887.43 437852.34 344506.17 -438252.52 -7969593.97 -687249262.96 0.00253199 0.00870266 0.00409831 0.00238040 0.00140939 0.00277408 0.00291406 0.00297707 0.00300141 0.00298603 0.00292938 0.00282949 0.00268428 0.00249214 0.00225323 0.00197179 0.00165799 0.00133117 0.00062712 0.00001686 -0.00005184 -0.00001589 -0.00001097 -0.00000241 -0.00000077 0.00031425 0.00300680 0.00157645 0.20760507 23.49786 
0.210 0.00937942 5 -8734387.65 252910.30 -208656.19 325972.61 -976506.95 -8128107.43 -760433380.38 0.00207749 0.00937942 0.00540620 0.00247770 0.00159372 0.00421832 0.00443919 0.00454551 0.00459273 0.00457977 0.00450507 0.00436673 0.00416277 0.00389177 0.00355428 0.00315548 0.00270747 0.00223384 0.00115306 0.00009600 -0.00008989 -0.00003090 -0.00000925 -0.00000091 -0.00000076 0.00049796 0.00338904 0.00185323 0.26122418 27.41417 
0.240 0.00999985 5 3771569.55 -1416344.90 -2069282.37 -1241907.03 174226.08 8324877.75 599525696.77 -0.00396263 -0.00989056 -0.00474606 -0.00270175 -0.00123061 0.00072412 0.00081075 0.00082968 0.00080120 0.00072755 0.00061384 0.00046536 0.00029224 0.00011074 -0.00006030 -0.00020096 -0.00029402 -0.00033254 -0.00025416 -0.00005923 0.00000972 0.00000441 -0.00000277 -0.00000398 -0.00000320 0.00002474 -0.00337865 -0.00157069 -0.18048070 31.33048 
0.270 0.01124830 5 4160137.22 -1650823.47 -1934812.43 -1498909.45 160841.92 9083840.65 654270630.38 -0.00410576 -0.01100865 -0.00557246 -0.00297027 -0.00141226 0.00080988 0.00092251 0.00096223 0.00095235 0.00089458 0.00079250 0.00064997 0.00047407 0.00027867 0.00008246 -0.00009447 -0.00023343 -0.00031877 -0.00029799 -0.00009004 0.00000668 0.00000687 -0.00000162 -0.00000414 -0.00000368 0.00003729 -0.00378697 -0.00175543 -0.20570600 35.24679 
0.300 0.01259753 5 4425062.16 -1775190.29 -1910763.79 -1756374.81 310360.36 9557030.69 692759108.53 -0.00369913 -0.01212443 -0.00713561 -0.00324296 -0.00152942 0.00080373 0.00093757 0.00099608 0.00100415 0.00096322 0.00087589 0.00074535 0.00057681 0.00038110 0.00017545 -0.00002065 -0.00018932 -0.00031317 -0.00035380 -0.00012516 0.00000675 0.00001042 -0.00000080 -0.00000433 -0.00000402 0.00004132 -0.00426054 -0.00197529 -0.24401214 39.16310 
0.330 0.01384463 5 4154945.92 -2042397.51 -1601747.49 -2139598.14 346764.30 9591924.76 687206127.54 -0.00299470 -0.01324636 -0.00899992 -0.00331171 -0.00157699 0.00097513 0.00114678 0.00123211 0.00126093 0.00123459 0.00115555 0.00102687 0.00085311 0.00064287 0.00041189 0.00018015 -0.00003394 -0.00021266 -0.00037496 -0.00017214 0.00000447 0.00001480 -0.00000039 -0.00000446 -0.00000410 0.00006558 -0.00468465 -0.00216121 -0.27905437 43.07941 
0.360 0.01552850 5 3043816.18 -2632654.06 -1344328.99 -2695160.39 257754.18 9458205.45 646884510.94 -0.00181744 -0.01482224 -0.01107308 -0.00328797 -0.00155308 0.00161430 0.00185827 0.00198625 0.00203973 0.00201996 0.00192949 0.00177145 0.00155101 0.00127893 0.00097308 0.00065665 0.00035176 0.00007859 -0.00030310 -0.00023908 -0.00001147 0.00001872 0.00000002 -0.00000436 -0.00000394 0.00013908 -0.00507879 -0.00230693 -0.30795107 46.99572 
0.390 0.01760052 5 1747816.81 -3270313.66 -1256832.93 -3097690.28 90405.85 9282247.82 600076966.14 -0.00040455 -0.01680022 -0.01312277 -0.00325938 -0.00159705 0.00226826 0.00259618 0.00277322 0.00285594 0.00284578 0.00274591 0.00255995 0.00229439 0.00196255 0.00158474 0.00118637 0.00079250 0.00042652 -0.00018325 -0.00031083 -0.00003804 0.00002196 0.00000100 -0.00000408 -0.00000376 0.00021899 -0.00549437 -0.00245930 -0.33752698 50.91203 
0.420 0.01855920 5 972741.13 -3284138.66 -977427.86 -3671179.83 13438.33 8892049.15 539182948.97 0.00146006 -0.01769296 -0.01457776 -0.00331014 -0.00187776 0.00201010 0.00237871 0.00259147 0.00271189 0.00274129 0.00268221 0.00253795 0.00231346 0.00201833 0.00166956 0.00129023 0.00090358 0.00053327 -0.00013919 -0.00035726 -0.00005100 0.00002751 0.00000161 -0.00000402 -0.00000353 0.00021617 -0.00574741 -0.00257941 -0.37474487 54.82834 
0.450 0.01988313 5 585927.47 -3208206.43 -636406.58 -4114015.71 -73306.48 8617862.66 496554454.00 0.00307519 -0.01897337 -0.01608598 -0.00333294 -0.00214220 0.00160983 0.00200028 0.00223637 0.00238545 0.00244884 0.00242897 0.00232903 0.00215328 0.00190829 0.00160655 0.00126719 0.00091019 0.00055855 -0.00012118 -0.00038607 -0.00005442 0.00003445 0.00000159 -0.00000418 -0.00000324 0.00019511 -0.00606738 -0.00274060 -0.41405326 58.74465 
0.480 0.02078232 5 525327.35 -2948075.54 -397691.84 -4429308.87 66055.01 8234348.58 464560209.37 0.00466949 -0.01983541 -0.01744006 -0.00348898 -0.00250440 0.00097452 0.00136830 0.00161860 0.00179240 0.00189095 0.00191652 0.00187215 0.00176180 0.00159052 0.00136583 0.00110033 0.00080752 0.00050638 -0.00012278 -0.00040881 -0.00005857 0.00004141 0.00000167 -0.00000440 -0.00000303 0.00014918 -0.00638926 -0.00291588 -0.45920726 62.66096 
0.510 0.02113534 5 670116.57 -2532238.66 -379751.00 -4581322.26 411590.77 7751837.73 440855843.33 0.00626700 -0.02015162 -0.01856055 -0.00379084 -0.00300332 0.00010528 0.00048816 0.00074271 0.00093307 0.00106049 0.00112722 0.00113628 0.00109153 0.00099776 0.00086068 0.00068697 0.00048406 0.00026391 -0.00023027 -0.00043237 -0.00004286 0.00005369 0.00000101 -0.00000525 -0.00000290 0.00007017 -0.00669794 -0.00310256 -0.51108897 66.57727 
0.540 0.02105083 5 846861.92 -2135347.81 -657962.72 -4446817.17 839551.50 7247438.12 427133233.00 0.00783603 -0.02003746 -0.01945905 -0.00433434 -0.00361202 -0.00079155 -0.00042164 -0.00016639 0.00003479 0.00018309 0.00028062 0.00033022 0.00033558 0.00030126 0.00023260 0.00013543 0.00001558 -0.00012014 -0.00044058 -0.00049209 -0.00003162 0.00006974 0.00000029 -0.00000650 -0.00000283 -0.00002414 -0.00702063 -0.00330393 -0.56891524 70.49358 
0.570 0.02103171 5 851951.82 -1820299.05 -1074992.86 -4228046.48 1228513.09 6746777.11 410977626.63 0.00939044 -0.01999017 -0.02044103 -0.00511063 -0.00407072 -0.00135612 -0.00099805 -0.00074663 -0.00054356 -0.00038757 -0.00027653 -0.00020759 -0.00017702 -0.00018023 -0.00021187 -0.00026615 -0.00033753 -0.00042048 -0.00062010 -0.00056035 -0.00003304 0.00008224 -0.00000019 -0.00000738 -0.00000266 -0.00009063 -0.00737037 -0.00350320 -0.62555705 74.40989 
0.600 0.02131584 4 441794.14 -1819916.19 -1316521.05 -4149011.32 1603469.01 6123773.68 380749527.90 0.01110357 -0.01968604 -0.02131584 -0.00600403 -0.00455522 -0.00159971 -0.00122958 -0.00097201 -0.00076197 -0.00059817 -0.00047846 -0.00039996 -0.00035893 -0.00035069 -0.00036979 -0.00041035 -0.00046684 -0.00053410 -0.00069827 -0.00061075 -0.00004185 0.00009136 -0.00000067 -0.00000801 -0.00000237 -0.00011678 -0.00768619 -0.00366514 -0.67877788 78.32620 
0.630 0.02187365 4 521663.82 -1567501.52 -1773218.03 -3730139.19 1972833.99 5619688.57 372133055.89 0.01270292 -0.01902129 -0.02187365 -0.00714816 -0.00517182 -0.00225710 -0.00190823 -0.00166178 -0.00145669 -0.00129168 -0.00116466 -0.00107278 -0.00101238 -0.00097883 -0.00096672 -0.00097017 -0.00098377 -0.00100287 -0.00102870 -0.00073619 -0.00004458 0.00010781 -0.00000112 -0.00000930 -0.00000229 -0.00020724 -0.00802977 -0.00387426 -0.74276494 82.24251 
0.660 0.02215311 4 615680.52 -1318580.83 -2270194.85 -3199167.81 2277048.90 5126575.10 364474672.64 0.01436090 -0.01800659 -0.02215311 -0.00846702 -0.00590176 -0.00296953 -0.00264038 -0.00240426 -0.00220370 -0.00203742 -0.00190337 -0.00179875 -0.00171995 -0.00166240 -0.00162068 -0.00158886 -0.00156158 -0.00153460 -0.00142298 -0.00089130 -0.00004651 0.00012734 -0.00000161 -0.00001089 -0.00000225 -0.00030766 -0.00835743 -0.00408120 -0.80979687 86.15882 
0.690 0.02223309 4 713350.41 -1055306.02 -2794991.40 -2615095.27 2503828.76 4674914.35 356826244.21 0.01602905 -0.01681641 -0.02223309 -0.00986639 -0.00670939 -0.00374505 -0.00343814 -0.00321407 -0.00301936 -0.00285271 -0.00271211 -0.00259482 -0.00249726 -0.00241491 -0.00234238 -0.00227368 -0.00220337 -0.00212757 -0.00186730 -0.00105974 -0.00004419 0.00014842 -0.00000230 -0.00001266 -0.00000222 -0.00041818 -0.00867275 -0.00428773 -0.87828959 90.07513 
0.720 0.02226593 4 787079.73 -782354.62 -3303300.51 -2058699.70 2665775.72 4265658.85 347263382.75 0.01768581 -0.01565632 -0.02226593 -0.01128597 -0.00752536 -0.00451031 -0.00422570 -0.00401419 -0.00382606 -0.00366001 -0.00351407 -0.00338553 -0.00327085 -0.00316557 -0.00306440 -0.00296121 -0.00285030 -0.00272805 -0.00232485 -0.00124203 -0.00004721 0.00016838 -0.00000288 -0.00001431 -0.00000215 -0.00052961 -0.00898978 -0.00449554 -0.94662803 93.99144 
0.750 0.02228836 4 847046.35 -466157.64 -3832963.73 -1529962.25 2768114.67 3908015.30 335847396.50 0.01931590 -0.01456338 -0.02228836 -0.01272638 -0.00833015 -0.00525487 -0.00499357 -0.00479539 -0.00461477 -0.00445041 -0.00430033 -0.00416186 -0.00403149 -0.00390485 -0.00377682 -0.00364107 -0.00349138 -0.00332426 -0.00278166 -0.00142704 -0.00005265 0.00018716 -0.00000341 -0.00001584 -0.00000203 -0.00063975 -0.00931499 -0.00470650 -1.01471912 97.90775 
0.780 0.02228834 4 880833.82 -157465.18 -4299716.89 -1079309.19 2819192.95 3598132.13 322689537.61 0.02091653 -0.01351756 -0.02228834 -0.01417189 -0.00913451 -0.00598852 -0.00575000 -0.00556497 -0.00539164 -0.00522870 -0.00507420 -0.00492548 -0.00477906 -0.00463077 -0.00447582 -0.00430757 -0.00411905 -0.00390675 -0.00322360 -0.00159901 -0.00005303 0.00020604 -0.00000414 -0.00001740 -0.00000188 -0.00074712 -0.00964428 -0.00491790 -1.08221691 101.82407 
0.810 0.02229711 4 891589.98 178023.59 -4674754.05 -779004.48 2840293.77 3327031.15 305667472.61 0.02250228 -0.01251763 -0.02229711 -0.01561144 -0.00992158 -0.00669809 -0.00648235 -0.00631047 -0.00614447 -0.00598304 -0.00582426 -0.00566548 -0.00550327 -0.00533376 -0.00515265 -0.00495276 -0.00472608 -0.00446904 -0.00364574 -0.00175692 -0.00005097 0.00022356 -0.00000496 -0.00001886 -0.00000170 -0.00085047 -0.00997385 -0.00512730 -1.14880412 105.74038 
0.840 0.02321270 3 4482024.01 -276363.62 -3359059.13 2813330.11 2038884.98 3265231.68 472411673.41 0.02576045 -0.00407067 -0.01704595 -0.02321270 -0.01374998 -0.01086121 -0.01087237 -0.01083277 -0.01075915 -0.01065022 -0.01050409 -0.01031831 -0.01008975 -0.00981532 -0.00949173 -0.00911191 -0.00866705 -0.00815230 -0.00649130 -0.00304286 -0.00032616 0.00022929 0.00000057 -0.00002310 -0.00000637 -0.00153341 -0.01088370 -0.00591661 -1.40453522 109.65669 
0.870 0.02513492 3 4592385.20 -327507.22 -3302194.91 3212618.55 2030762.43 2978706.35 469838119.18 0.02757879 -0.00275566 -0.01671602 -0.02513492 -0.01501697 -0.01171684 -0.01172323 -0.01167536 -0.01158916 -0.01146337 -0.01129619 -0.01108523 -0.01082750 -0.01052057 -0.01016183 -0.00974322 -0.00925390 -0.00868973 -0.00688519 -0.00320994 -0.00035270 0.00023841 0.00000116 -0.00002391 -0.00000646 -0.00164098 -0.01135984 -0.00619695 -1.48987176 113.57300 
0.900 0.02691404 3 4837905.74 -269636.46 -3228389.76 3672696.23 2010236.86 2652998.87 466910797.94 0.02941613 -0.00225124 -0.01667971 -0.02691404 -0.01615601 -0.01270893 -0.01273346 -0.01269336 -0.01260717 -0.01247369 -0.01229122 -0.01205750 -0.01176972 -0.01142637 -0.01102549 -0.01055715 -0.01001004 -0.00937992 -0.00737848 -0.00340274 -0.00038543 0.00024528 0.00000207 -0.00002448 -0.00000652 -0.00177537 -0.01189251 -0.00651805 -1.57679678 117.48931 
0.930 0.02853912 3 5042444.19 -191440.48 -3207435.78 4118040.79 2011660.04 2311619.63 461829662.58 0.03121145 -0.00245213 -0.01689497 -0.02853912 -0.01718986 -0.01358506 -0.01362612 -0.01359487 -0.01351112 -0.01337368 -0.01318090 -0.01293048 -0.01261972 -0.01224793 -0.01181322 -0.01130331 -0.01070635 -0.01001684 -0.00782838 -0.00357289 -0.00041146 0.00025255 0.00000286 -0.00002510 -0.00000660 -0.00189629 -0.01247127 -0.00685359 -1.66044522 121.40562 
0.960 0.03012032 3 5186376.49 -165130.56 -3185272.18 4490451.20 2003127.33 2043200.71 458433861.42 0.03289303 -0.00333185 -0.01764875 -0.03012032 -0.01803040 -0.01409875 -0.01413960 -0.01410676 -0.01401717 -0.01386978 -0.01366321 -0.01339545 -0.01306431 -0.01267054 -0.01221185 -0.01167564 -0.01104893 -0.01032703 -0.00805113 -0.00367754 -0.00044009 0.00025196 0.00000425 -0.00002497 -0.00000670 -0.00196123 -0.01315580 -0.00720898 -1.74120265 125.32193 
0.990 0.03173544 3 5128953.32 -137198.74 -3282762.82 4675271.35 2017702.81 1855940.71 450111739.77 0.03473122 -0.00436218 -0.01881966 -0.03173544 -0.01887102 -0.01436700 -0.01438422 -0.01433430 -0.01422749 -0.01406290 -0.01383940 -0.01355534 -0.01320918 -0.01280303 -0.01233441 -0.01179001 -0.01115543 -0.01042923 -0.00816384 -0.00380334 -0.00050205 0.00024465 0.00000682 -0.00002405 -0.00000675 -0.00199185 -0.01392373 -0.00758523 -1.82638165 129.23824 
1.020 0.03324181 3 5118145.95 4053.58 -3393095.32 4832655.59 2029120.65 1645411.45 437903155.43 0.03658974 -0.00526201 -0.01995293 -0.03324181 -0.01974904 -0.01473306 -0.01472323 -0.01464978 -0.01451693 -0.01432428 -0.01407138 -0.01375751 -0.01338257 -0.01295041 -0.01245930 -0.01189399 -0.01124058 -0.01050264 -0.00825275 -0.00394606 -0.00059499 0.00022928 0.00001063 -0.00002223 -0.00000673 -0.00202764 -0.01465736 -0.00794815 -1.91006879 133.15455 
1.050 0.03445713 3 4699698.47 61246.69 -3829687.08 5113172.53 1985269.35 1369696.98 412421979.60 0.03752318 -0.00508677 -0.02021352 -0.03445713 -0.02007361 -0.01431800 -0.01428183 -0.01419375 -0.01405077 -0.01385292 -0.01360045 -0.01329352 -0.01293326 -0.01252470 -0.01206578 -0.01153683 -0.01092411 -0.01023384 -0.00814580 -0.00408959 -0.00071971 0.00021162 0.00001523 -0.00002015 -0.00000674 -0.00198597 -0.01496951 -0.00807235 -1.94540812 137.07086 
