0.001 0.00012303 5 94261.44 906.98 11030.40 12757.88 10010.12 59556.07 6873133.84 -0.00000140 -0.00005548 -0.00012124 -0.00003892 -0.00000463 0.00003662 0.00004117 0.00003852 0.00003474 0.00003026 0.00002527 0.00002016 0.00001529 0.00001087 0.00000693 0.00000341 0.00000033 -0.00000232 -0.00000431 0.00000067 0.00000996 -0.00000022 -0.00001043 -0.00000158 0.00000176 0.00000275 -0.00004029 -0.00001743 -0.00299466 0.17759 
0.030 0.00239694 5 -731317.12 339533.01 495785.54 512372.96 45029.35 -2124037.98 -137268466.28 0.00099629 0.00239694 0.00098528 0.00050097 0.00021497 -0.00010867 -0.00010679 -0.00009578 -0.00007231 -0.00004035 -0.00000565 0.00002471 0.00004501 0.00005408 0.00005421 0.00004812 0.00003866 0.00002804 0.00000867 -0.00000008 0.00000845 -0.00000126 -0.00001176 -0.00000253 0.00000104 0.00000068 0.00072664 0.00034099 0.03557097 5.32781 
0.060 0.00458372 5 -1460437.77 847611.57 813277.02 823308.42 96253.75 -4040888.54 -272045482.29 0.00191561 0.00458372 0.00195576 0.00101505 0.00045671 -0.00022757 -0.00022962 -0.00020652 -0.00015655 -0.00008470 0.00000030 0.00008713 0.00016238 0.00021363 0.00023335 0.00022361 0.00019368 0.00015431 0.00006639 -0.00000130 0.00000199 -0.00000284 -0.00001219 -0.00000308 0.00000024 0.00000857 0.00143368 0.00067663 0.07276263 10.65562 
0.090 0.00657680 5 -2354510.52 1468316.80 1052810.70 806711.19 14531.13 -5696880.34 -413314778.75 0.00278626 0.00657680 0.00289876 0.00166427 0.00079990 -0.00060618 -0.00065747 -0.00066336 -0.00062929 -0.00055723 -0.00045216 -0.00031937 -0.00016943 -0.00001941 0.00011148 0.00020626 0.00025379 0.00025789 0.00017006 0.00003184 -0.00000090 -0.00000652 -0.00001256 -0.00000317 -0.00000027 -0.00001772 0.00217225 0.00100888 0.11137616 15.98344 
0.120 0.00840712 5 -3683936.51 1601644.90 1203166.69 807242.46 -123631.06 -7172359.51 -545707367.85 0.00356046 0.00840712 0.00378190 0.00226781 0.00114738 -0.00061293 -0.00069656 -0.00073421 -0.00073335 -0.00069511 -0.00062171 -0.00051614 -0.00038241 -0.00022673 -0.00006162 0.00009323 0.00021785 0.00029513 0.00027349 0.00008006 -0.00000120 -0.00001091 -0.00001306 -0.00000302 -0.00000046 -0.00002584 0.00286938 0.00133137 0.15047588 21.31125 
0.150 0.01004382 5 -5088472.94 1320387.85 1569832.98 792947.31 -345241.15 -8426399.93 -659776807.10 0.00415545 0.01004382 0.00458298 0.00279644 0.00141416 -0.00019609 -0.00026908 -0.00031092 -0.00032414 -0.00030984 -0.00027015 -0.00020797 -0.00012708 -0.00003214 0.00007148 0.00017776 0.00027975 0.00036544 0.00038854 0.00011906 -0.00002212 -0.00001933 -0.00001241 -0.00000230 -0.00000055 0.00000917 0.00347412 0.00163346 0.18932305 26.63906 
0.180 0.01098856 5 -6031296.95 1072095.39 1641585.47 848934.55 -576169.93 -9017742.42 -722611849.09 0.00390440 0.01098856 0.00541603 0.00290643 0.00178980 0.00084604 0.00079653 0.00075909 0.00073816 0.00073270 0.00074077 0.00075966 0.00078577 0.00081456 0.00084093 0.00086003 0.00086758 0.00085947 0.00069919 0.00017650 -0.00007743 -0.00003952 -0.00000890 -0.00000021 -0.00000079 0.00012270 0.00386419 0.00187662 0.23207211 31.96687 
0.210 0.01166763 5 -6479977.92 719067.64 1384931.71 1174519.32 -331383.59 -9427112.99 -731757370.99 0.00300022 0.01166763 0.00626930 0.00261991 0.00216205 0.00223569 0.00222979 0.00221059 0.00219362 0.00217780 0.00216117 0.00214101 0.00211356 0.00207376 0.00201591 0.00193532 0.00182916 0.00169574 0.00121025 0.00026743 -0.00014730 -0.00006937 -0.00000526 0.00000263 -0.00000095 0.00029014 0.00406298 0.00205875 0.27260925 37.29469 
0.240 0.01159827 5 -6828874.90 535380.95 663786.56 1577004.15 -155580.17 -9449466.39 -722381220.99 0.00237400 0.01159827 0.00640350 0.00226047 0.00236812 0.00338286 0.00342278 0.00342439 0.00341365 0.00338946 0.00334988 0.00329225 0.00321275 0.00310618 0.00296688 0.00279084 0.00257663 0.00232437 0.00152578 0.00025907 -0.00019109 -0.00007783 -0.00000298 0.00000346 -0.00000129 0.00042133 0.00400684 0.00210213 0.28893957 42.62250 
0.270 0.01057826 5 -7459839.05 620107.57 -283401.36 1606011.21 -288878.55 -9113677.91 -730423297.49 0.00135321 0.01057826 0.00604280 0.00200509 0.00321925 0.00521936 0.00528573 0.00528746 0.00525830 0.00519720 0.00510237 0.00497129 0.00480022 0.00458385 0.00431657 0.00399525 0.00362010 0.00319302 0.00196705 0.00026570 -0.00025072 -0.00009350 -0.00000109 0.00000492 -0.00000131 0.00061394 0.00396027 0.00218262 0.32464035 47.95031 
0.300 0.00998525 5 676026.46 -1509248.53 -3148014.37 -2229710.75 -238290.33 7801290.44 439268432.63 -0.00460509 -0.00986915 -0.00475286 -0.00244398 -0.00064982 0.00461004 0.00495843 0.00512917 0.00520317 0.00518084 0.00506329 0.00485218 0.00455011 0.00416184 0.00369831 0.00317939 0.00262919 0.00207798 0.00094279 0.00001090 -0.00009118 -0.00002087 0.00000591 -0.00000101 -0.00000509 0.00052453 -0.00313734 -0.00119207 -0.09935244 53.27812 
0.330 0.01030197 4 -9946049.50 -605434.24 -1140725.34 -415117.89 -997695.51 -6787076.52 -715458805.40 -0.00541511 0.00788655 0.01025580 0.00632116 0.00352533 0.00864212 0.00904832 0.00925036 0.00934167 0.00932131 0.00918818 0.00894041 0.00857440 0.00808456 0.00746683 0.00672761 0.00589136 0.00499863 0.00282772 0.00027854 -0.00032725 -0.00010848 0.00000339 0.00000957 0.00000193 0.00104440 0.00495443 0.00287733 0.55811642 58.60594 
0.360 0.01459376 4 -9088338.67 -1014084.36 -1087417.27 296642.85 -360685.28 -6922794.62 -643073030.28 -0.01000060 0.01126029 0.01439406 0.01215724 0.00369597 0.00719094 0.00767186 0.00794969 0.00812831 0.00820675 0.00818393 0.00805798 0.00782566 0.00748298 0.00701891 0.00643250 0.00574191 0.00497640 0.00299515 0.00046713 -0.00027743 -0.00011170 0.00000352 0.00001009 0.00000198 0.00097111 0.00697295 0.00378463 0.75872812 63.93375 
0.390 0.01721367 3 -6889012.98 1183544.55 830779.48 -3117287.53 -2030691.15 -3755358.34 -606517797.51 -0.01345462 0.00298166 0.01331682 0.01713226 0.00404911 0.00456034 0.00496224 0.00522083 0.00541912 0.00555643 0.00563137 0.00564113 0.00558020 0.00544230 0.00521550 0.00489756 0.00449643 0.00402421 0.00262880 0.00057537 -0.00017030 -0.00009152 0.00000091 0.00000886 0.00000258 0.00071744 0.00685888 0.00359640 0.82700548 69.26156 
0.420 0.01985707 4 -7208560.52 49538.32 272868.11 260532.42 -802319.39 -6989179.99 -638606023.69 -0.01657170 0.01557940 0.01966202 0.01803560 0.00781778 0.00690445 0.00703918 0.00708326 0.00707888 0.00702498 0.00691951 0.00675814 0.00653223 0.00622855 0.00583670 0.00536008 0.00481318 0.00421566 0.00262874 0.00048312 -0.00020212 -0.00008904 0.00000086 0.00000744 0.00000143 0.00083701 0.01035696 0.00529974 1.09200830 74.58937 
0.450 0.01990589 3 -8886617.36 636865.22 -805188.06 -2983601.66 -1835142.00 -3899550.86 -649233164.81 -0.01849319 -0.00358047 0.00892028 0.01990589 0.01206395 0.01152501 0.01159824 0.01152494 0.01134434 0.01105796 0.01066745 0.01017270 0.00956901 0.00884745 0.00800815 0.00707677 0.00609136 0.00509292 0.00280463 0.00022348 -0.00033506 -0.00009790 0.00000391 0.00000891 0.00000196 0.00117955 0.00811300 0.00442979 1.09924625 79.91718 
0.480 0.01822156 2 -11554239.27 -98533.15 -4170535.09 -1595531.76 -1217075.80 -4472563.47 -686097159.87 -0.01670218 -0.00821215 -0.00003536 0.01432230 0.01808602 0.01876559 0.01848199 0.01803789 0.01742678 0.01665650 0.01573827 0.01468143 0.01349093 0.01217369 0.01075325 0.00927723 0.00779821 0.00636761 0.00333008 0.00017033 -0.00048236 -0.00014548 0.00000871 0.00001369 0.00000241 0.00167457 0.00679326 0.00407409 1.04790773 85.24500 
0.510 0.02099344 2 -11555388.04 -18925.14 -4616111.49 -1798630.11 -1092276.02 -4029445.28 -663220417.47 -0.01691081 -0.01045266 -0.00386363 0.01284385 0.02083816 0.02135428 0.02091245 0.02032824 0.01957070 0.01864903 0.01757506 0.01635713 0.01499680 0.01350196 0.01190028 0.01024695 0.00860387 0.00703264 0.00372917 0.00027115 -0.00051632 -0.00017140 0.00001094 0.00001616 0.00000241 0.00187429 0.00635193 0.00397330 1.04885797 90.57281 
0.540 0.02493830 2 -9825046.03 822618.18 -5865896.43 -1911986.33 -488149.17 -2381632.28 -520771009.20 -0.01671862 -0.01477537 -0.01116610 0.00977008 0.02477604 0.02449522 0.02379001 0.02300117 0.02205121 0.02094785 0.01969981 0.01830940 0.01677301 0.01510589 0.01333620 0.01150017 0.00966999 0.00792647 0.00426704 0.00037824 -0.00060353 -0.00022197 0.00001698 0.00002122 0.00000228 0.00211210 0.00506445 0.00349609 0.98927163 95.90062 
0.570 0.02693848 2 -9061169.64 1237453.39 -5924265.20 -1509764.36 -286270.84 -2578322.63 -503165253.68 -0.01798036 -0.01576606 -0.01185197 0.00991869 0.02678501 0.02632266 0.02556658 0.02475086 0.02378652 0.02267775 0.02142574 0.02001590 0.01843393 0.01668980 0.01479134 0.01279417 0.01079061 0.00888356 0.00491671 0.00058248 -0.00065526 -0.00026869 0.00002103 0.00002593 0.00000261 0.00232131 0.00539161 0.00376059 1.06309353 101.22843 
0.600 0.02828228 2 -8682369.79 1014642.58 -5990200.81 -1096720.62 -78080.99 -2532009.95 -464872542.08 -0.01891923 -0.01685995 -0.01244109 0.01040707 0.02815554 0.02755289 0.02676186 0.02591913 0.02492995 0.02379680 0.02251855 0.02107686 0.01944082 0.01762167 0.01563910 0.01357342 0.01151156 0.00956028 0.00544043 0.00078481 -0.00068671 -0.00031257 0.00002418 0.00003027 0.00000291 0.00246086 0.00563661 0.00394958 1.11933277 106.55625 
0.630 0.02876633 2 -9269625.09 419538.12 -5789125.98 -932092.51 -72697.61 -2895247.11 -481975800.01 -0.01961375 -0.01688372 -0.01179426 0.01170351 0.02862014 0.02807009 0.02730238 0.02647035 0.02548499 0.02434763 0.02305251 0.02158477 0.01992072 0.01808110 0.01606347 0.01390620 0.01172675 0.00967780 0.00544179 0.00076347 -0.00066605 -0.00029842 0.00002275 0.00002884 0.00000289 0.00251250 0.00615349 0.00421931 1.17956823 111.88406 
0.660 0.02732073 2 -9748899.88 -163344.35 -4943681.84 -582735.19 -179200.91 -3879937.59 -531120513.64 -0.02024392 -0.01570760 -0.00896459 0.01387506 0.02721016 0.02812779 0.02762712 0.02701530 0.02625056 0.02533384 0.02426348 0.02302310 0.02156505 0.01985457 0.01789044 0.01569099 0.01339720 0.01118948 0.00653911 0.00124963 -0.00058771 -0.00033035 0.00002111 0.00003166 0.00000356 0.00272624 0.00683738 0.00465345 1.26098810 117.21187 
0.690 0.02577040 2 -8744222.30 1708489.84 -5877619.46 -329934.08 -916647.07 -3328511.54 -548508224.10 -0.02263794 -0.01606072 -0.00625923 0.01392942 0.02559335 0.02694764 0.02651092 0.02596597 0.02528083 0.02445728 0.02349710 0.02239456 0.02110141 0.01954825 0.01772461 0.01568485 0.01354566 0.01144915 0.00688460 0.00148174 -0.00049974 -0.00031609 0.00002089 0.00003061 0.00000316 0.00269488 0.00653909 0.00449695 1.26005565 122.53968 
0.720 0.02746460 2 -8517534.47 2240614.78 -5708461.67 -447427.69 -833115.08 -3769144.81 -580665094.67 -0.02501049 -0.01737170 -0.00521355 0.01699759 0.02719848 0.02698701 0.02645687 0.02585341 0.02512712 0.02427983 0.02331299 0.02221925 0.02094501 0.01941984 0.01764124 0.01564725 0.01355485 0.01151089 0.00702484 0.00154261 -0.00053631 -0.00034294 0.00002319 0.00003335 0.00000340 0.00268888 0.00760055 0.00499135 1.39353852 127.86749 
0.750 0.02824052 2 -8661036.61 2132338.74 -5472838.52 -616504.15 -844849.06 -3859183.61 -591132635.03 -0.02611837 -0.01854302 -0.00527566 0.01905410 0.02789550 0.02683155 0.02626744 0.02564148 0.02489738 0.02403707 0.02306216 0.02196446 0.02068614 0.01916688 0.01741217 0.01544833 0.01339428 0.01138737 0.00698004 0.00150558 -0.00062406 -0.00038410 0.00002789 0.00003760 0.00000358 0.00265580 0.00806436 0.00519121 1.45477052 133.19531 
0.780 0.02773708 2 -9643857.03 754285.34 -4443006.09 -1141511.39 -1341179.69 -3472445.20 -591597047.89 -0.02647741 -0.01990325 -0.00562489 0.02065890 0.02731668 0.02660628 0.02613509 0.02556482 0.02485457 0.02400725 0.02302636 0.02190541 0.02058774 0.01902329 0.01719502 0.01521857 0.01317033 0.01116863 0.00677911 0.00137105 -0.00070156 -0.00040334 0.00003107 0.00003962 0.00000355 0.00262461 0.00802667 0.00515697 1.46356651 138.52312 
0.810 0.02882732 2 4536321.62 -10153826.48 6685230.08 767552.42 16811.16 7220554.44 853790307.52 0.02292484 0.00269097 -0.00386526 -0.01598630 -0.02882732 -0.01901818 -0.01779814 -0.01679718 -0.01582437 -0.01487996 -0.01396357 -0.01308558 -0.01230263 -0.01162918 -0.01104933 -0.01048254 -0.00985318 -0.00914154 -0.00707202 -0.00332738 -0.00033424 0.00030034 -0.00000122 -0.00002452 -0.00000145 -0.00192919 -0.01115380 -0.00625347 -1.49184496 143.85093 
0.840 0.03176704 2 4744126.90 -10064495.73 6675405.48 869142.20 -188793.78 7452868.73 864350771.99 0.02506559 0.00334128 -0.00323504 -0.01728354 -0.03176704 -0.02163854 -0.02036599 -0.01931558 -0.01828723 -0.01728120 -0.01629736 -0.01535063 -0.01449391 -0.01371987 -0.01300740 -0.01225378 -0.01140503 -0.01047815 -0.00795908 -0.00360398 -0.00033457 0.00032154 -0.00000266 -0.00002638 -0.00000116 -0.00222074 -0.01200355 -0.00680669 -1.62855359 149.17874 
0.870 0.03453626 2 4606942.61 -10185476.97 6832009.12 797658.44 -440319.65 7603071.67 860166551.13 0.02741825 0.00337025 -0.00303376 -0.01825723 -0.03453626 -0.02426267 -0.02292835 -0.02182599 -0.02074368 -0.01968172 -0.01864007 -0.01763388 -0.01670659 -0.01583548 -0.01499057 -0.01405653 -0.01299364 -0.01184747 -0.00886690 -0.00395171 -0.00040991 0.00033116 -0.00000220 -0.00002717 -0.00000087 -0.00252080 -0.01283721 -0.00735689 -1.76167729 154.50656 
0.900 0.03751361 2 4402231.43 -10297961.08 7013347.96 640764.40 -658974.07 7705054.22 850437600.11 0.03017143 0.00320879 -0.00305749 -0.01936225 -0.03751361 -0.02713013 -0.02573125 -0.02457493 -0.02343612 -0.02231522 -0.02121233 -0.02014224 -0.01913617 -0.01815870 -0.01716597 -0.01602915 -0.01472444 -0.01332315 -0.00980785 -0.00427142 -0.00046721 0.00034641 -0.00000293 -0.00002853 -0.00000039 -0.00284383 -0.01378705 -0.00797375 -1.91086301 159.83437 
0.930 0.04051537 2 4175965.98 -10429494.73 7257727.39 391240.96 -846490.74 7802983.11 839605018.30 0.03303973 0.00253455 -0.00348864 -0.02032255 -0.04051537 -0.03001896 -0.02854948 -0.02733335 -0.02613187 -0.02494564 -0.02377503 -0.02263390 -0.02153977 -0.02044773 -0.01929488 -0.01794570 -0.01639437 -0.01473513 -0.01066385 -0.00451237 -0.00051037 0.00035084 -0.00000451 -0.00002912 0.00000021 -0.00315754 -0.01482490 -0.00862692 -2.06436728 165.16218 
0.960 0.04341011 2 3865460.37 -10550285.23 7531641.52 75266.78 -1048792.42 7857629.72 821397021.36 0.03620016 0.00108970 -0.00461756 -0.02116700 -0.04341011 -0.03289984 -0.03136563 -0.03009364 -0.02883281 -0.02758403 -0.02634803 -0.02513753 -0.02395520 -0.02274979 -0.02143217 -0.01987142 -0.01808062 -0.01616832 -0.01150485 -0.00473060 -0.00056191 0.00034583 -0.00000571 -0.00002882 0.00000090 -0.00347154 -0.01597563 -0.00933316 -2.22525392 170.48999 
0.990 0.04674053 2 13428934.66 152707.29 3349357.19 2721531.36 1428360.14 5776978.67 848088860.54 0.04712728 0.01145304 -0.00675957 -0.03280644 -0.04674053 -0.04484962 -0.04435365 -0.04370782 -0.04285879 -0.04180559 -0.04054877 -0.03909847 -0.03744812 -0.03557730 -0.03337691 -0.03072520 -0.02767789 -0.02440230 -0.01672960 -0.00668970 -0.00133489 0.00013809 0.00003653 -0.00000960 -0.00000651 -0.00524350 -0.01824844 -0.01133991 -2.81611913 175.81781 
