0.001 0.00011874 4 76710.48 486.13 4701.79 8181.35 8416.14 54925.08 5921985.08 0.00000011 -0.00005101 -0.00011874 -0.00003563 -0.00000113 0.00004144 0.00004570 0.00004254 0.00003819 0.00003313 0.00002757 0.00002193 0.00001660 0.00001178 0.00000753 0.00000376 0.00000051 -0.00000226 -0.00000433 0.00000074 0.00001020 -0.00000005 -0.00001037 -0.00000147 0.00000186 0.00000299 -0.00003718 -0.00001584 -0.00274280 0.06836 
0.030 0.00176883 5 -2243978.43 27746.67 -123850.55 -217798.18 -242242.41 -1687833.97 -178326172.14 0.00051900 0.00176883 0.00080667 0.00065646 0.00045770 0.00059747 0.00059427 0.00056238 0.00051171 0.00044607 0.00037082 0.00029289 0.00021855 0.00015239 0.00009703 0.00005340 0.00002113 -0.00000114 -0.00001984 -0.00000908 0.00000846 -0.00000061 -0.00001141 -0.00000304 0.00000026 0.00003170 0.00070349 0.00034662 0.04710704 2.05075 
0.060 0.00330655 5 -4327654.95 49395.55 -232213.78 -491636.78 -486710.12 -3166489.83 -341243333.21 0.00095928 0.00330655 0.00159381 0.00126816 0.00086548 0.00122949 0.00123459 0.00118887 0.00110701 0.00099403 0.00085704 0.00070559 0.00055095 0.00040491 0.00027642 0.00017043 0.00008868 0.00002983 -0.00003007 -0.00002376 0.00000615 0.00000011 -0.00001151 -0.00000357 -0.00000055 0.00007226 0.00134661 0.00066965 0.09246155 4.10150 
0.090 0.00475977 5 6160942.70 18519.98 343799.24 657348.43 685264.28 4456010.78 479088128.80 -0.00131326 -0.00468274 -0.00249826 -0.00183796 -0.00121774 -0.00163702 -0.00163845 -0.00158224 -0.00147732 -0.00133053 -0.00115163 -0.00095374 -0.00075117 -0.00055788 -0.00038640 -0.00024416 -0.00013416 -0.00005522 0.00002895 0.00003122 -0.00000107 -0.00000618 -0.00000161 -0.00000338 -0.00000404 -0.00009776 -0.00195683 -0.00096925 -0.13553091 6.15225 
0.120 0.00619485 5 7904066.85 37920.27 402009.19 833601.72 878269.10 5752266.57 615947576.09 -0.00175115 -0.00611570 -0.00322541 -0.00238553 -0.00158276 -0.00221611 -0.00222444 -0.00215663 -0.00202581 -0.00183964 -0.00160969 -0.00135173 -0.00108341 -0.00082210 -0.00058331 -0.00038012 -0.00021938 -0.00010114 0.00003218 0.00004587 -0.00000100 -0.00000651 0.00000213 -0.00000304 -0.00000515 -0.00013737 -0.00254785 -0.00126735 -0.17688928 8.20301 
0.150 0.00759780 5 9458320.52 46244.98 456189.50 963536.91 1043937.90 6948411.24 739619145.63 -0.00220648 -0.00750929 -0.00394270 -0.00290317 -0.00192320 -0.00281698 -0.00283176 -0.00275420 -0.00260129 -0.00238077 -0.00210505 -0.00179108 -0.00145916 -0.00113013 -0.00082277 -0.00055331 -0.00033457 -0.00016961 0.00002686 0.00006210 0.00000165 -0.00000594 0.00000566 -0.00000226 -0.00000571 -0.00018100 -0.00312085 -0.00155913 -0.21715849 10.25376 
0.180 0.00891778 5 10645284.76 264807.10 682270.83 808321.97 1183060.47 7706824.40 814193917.61 -0.00232115 -0.00863479 -0.00513343 -0.00321868 -0.00213184 -0.00344551 -0.00347832 -0.00340083 -0.00323512 -0.00298877 -0.00267443 -0.00230961 -0.00191623 -0.00151857 -0.00113949 -0.00079865 -0.00051221 -0.00028825 -0.00000087 0.00007933 0.00000824 -0.00000468 0.00000817 -0.00000113 -0.00000549 -0.00023291 -0.00363479 -0.00182763 -0.25894893 12.30451 
0.210 0.01044113 5 11220563.36 267009.36 738752.04 874945.82 958521.80 8381334.35 861626801.28 -0.00193722 -0.00997934 -0.00696903 -0.00349349 -0.00225971 -0.00390101 -0.00395047 -0.00388076 -0.00371758 -0.00346688 -0.00313948 -0.00275079 -0.00232158 -0.00187684 -0.00144208 -0.00104064 -0.00069309 -0.00041368 -0.00003605 0.00009407 0.00001569 -0.00000345 0.00000960 0.00000007 -0.00000469 -0.00027647 -0.00419988 -0.00211567 -0.30843691 14.35526 
0.240 0.01137989 5 10940597.67 235114.85 666642.61 665683.63 972908.98 8400247.61 850965341.62 -0.00107160 -0.01082063 -0.00883571 -0.00353573 -0.00219621 -0.00406308 -0.00412654 -0.00407284 -0.00392924 -0.00369922 -0.00339020 -0.00301339 -0.00258578 -0.00213046 -0.00167362 -0.00124120 -0.00085737 -0.00053960 -0.00008562 0.00010051 0.00002328 -0.00000194 0.00000985 0.00000081 -0.00000382 -0.00030272 -0.00454392 -0.00229090 -0.34554213 16.40601 
0.270 0.01211037 5 10145503.24 66478.10 422695.98 348253.22 1072599.01 8235476.93 819311907.28 -0.00019604 -0.01147690 -0.01028483 -0.00350864 -0.00205345 -0.00377586 -0.00382908 -0.00378075 -0.00365390 -0.00345034 -0.00317485 -0.00283498 -0.00244402 -0.00202197 -0.00159322 -0.00118341 -0.00081712 -0.00051253 -0.00007857 0.00009726 0.00002222 -0.00000178 0.00000977 0.00000106 -0.00000346 -0.00028356 -0.00473373 -0.00236969 -0.36549222 18.45676 
0.300 0.01264296 5 8404173.94 -200091.70 -177404.87 -135954.28 1345335.13 7572289.66 737065057.80 0.00152970 -0.01195958 -0.01215649 -0.00336328 -0.00170627 -0.00310716 -0.00314156 -0.00310188 -0.00300324 -0.00284602 -0.00263200 -0.00236433 -0.00205073 -0.00170577 -0.00134969 -0.00100521 -0.00069508 -0.00043645 -0.00006728 0.00008278 0.00001835 -0.00000161 0.00000885 0.00000065 -0.00000357 -0.00023561 -0.00478814 -0.00236973 -0.38118459 20.50751 
0.330 0.01225156 5 -9738161.55 -533475.34 -101323.28 525704.63 -284682.06 -9344385.49 -803433688.69 0.00269931 0.01225156 0.00743611 0.00295755 0.00187355 0.00310269 0.00314778 0.00309216 0.00296350 0.00276606 0.00250763 0.00219877 0.00185473 0.00149536 0.00114191 0.00081458 0.00053168 0.00030574 0.00000927 -0.00007825 -0.00000898 0.00000154 -0.00001284 -0.00000410 -0.00000088 0.00021869 0.00432310 0.00214274 0.28687965 22.55826 
0.360 0.01311004 5 -9653941.46 -485282.16 -38488.99 545676.21 -256988.38 -9418858.14 -804810624.34 0.00235020 0.01311004 0.00847549 0.00301056 0.00185731 0.00311831 0.00316260 0.00311005 0.00298723 0.00279732 0.00254671 0.00224403 0.00190283 0.00154204 0.00118338 0.00084854 0.00055765 0.00032424 0.00001499 -0.00008020 -0.00001023 0.00000150 -0.00001259 -0.00000400 -0.00000086 0.00022252 0.00457744 0.00226401 0.30749141 24.60902 
0.390 0.01400688 5 -9216652.61 -362096.36 110439.38 673390.14 -211902.84 -9426482.93 -790703878.58 0.00186511 0.01400688 0.00947291 0.00298812 0.00176749 0.00297827 0.00302226 0.00297991 0.00287564 0.00271127 0.00249039 0.00221808 0.00190389 0.00156345 0.00121709 0.00088695 0.00059467 0.00035562 0.00003028 -0.00008010 -0.00001200 0.00000123 -0.00001227 -0.00000380 -0.00000077 0.00021927 0.00476482 0.00235012 0.32252356 26.65977 
0.420 0.01491762 5 -8284069.11 -153334.91 442087.00 907347.07 -170104.48 -9310063.79 -754739900.40 0.00105555 0.01491762 0.01062423 0.00289240 0.00157014 0.00259961 0.00263850 0.00261040 0.00253581 0.00241557 0.00225096 0.00204379 0.00179752 0.00151965 0.00122363 0.00092785 0.00065320 0.00041759 0.00007286 -0.00007239 -0.00001496 0.00000014 -0.00001171 -0.00000338 -0.00000056 0.00020375 0.00488805 0.00239964 0.33403446 28.71052 
0.450 0.01567178 5 -7418650.00 29591.16 799161.68 1076038.24 -154490.48 -9168950.60 -721223980.44 0.00037926 0.01567178 0.01149447 0.00280870 0.00138733 0.00219037 0.00221965 0.00219957 0.00214649 0.00206101 0.00194379 0.00179575 0.00161812 0.00141292 0.00118444 0.00094291 0.00070459 0.00048732 0.00013361 -0.00005599 -0.00001781 -0.00000165 -0.00001108 -0.00000281 -0.00000028 0.00018408 0.00496313 0.00242438 0.34048092 30.76127 
0.480 0.01628944 5 -6553262.88 236113.29 1174707.73 1238071.18 -104980.01 -9097175.08 -691011995.85 -0.00005330 0.01628944 0.01209087 0.00274803 0.00122509 0.00166598 0.00167437 0.00165431 0.00161610 0.00156022 0.00148706 0.00139712 0.00129082 0.00116820 0.00102822 0.00086962 0.00069721 0.00052394 0.00019452 -0.00003000 -0.00001839 -0.00000380 -0.00001046 -0.00000216 0.00000007 0.00015096 0.00501012 0.00242882 0.34130364 32.81202 
0.510 0.01684627 5 -5900098.37 399448.17 1426867.30 1382210.95 -62872.52 -9045752.27 -667905241.50 -0.00039064 0.01684627 0.01259881 0.00271429 0.00111715 0.00124615 0.00123235 0.00120675 0.00117403 0.00113462 0.00108879 0.00103685 0.00097886 0.00091418 0.00084007 0.00075018 0.00063989 0.00051440 0.00023031 -0.00000578 -0.00001671 -0.00000538 -0.00000998 -0.00000163 0.00000036 0.00011974 0.00507126 0.00244089 0.34300196 34.86277 
0.540 0.01741065 5 -5267882.87 550145.51 1694197.13 1511425.88 -32385.20 -8991266.19 -645707659.98 -0.00069844 0.01741065 0.01311743 0.00270302 0.00102482 0.00079970 0.00075837 0.00072232 0.00068982 0.00066128 0.00063696 0.00061708 0.00060156 0.00058938 0.00057677 0.00055485 0.00051377 0.00044849 0.00024117 0.00001930 -0.00001221 -0.00000645 -0.00000955 -0.00000117 0.00000064 0.00008106 0.00514888 0.00245674 0.34501898 36.91352 
0.570 0.01793274 5 -4509848.46 704258.01 2120857.65 1635656.73 -119427.99 -8851192.86 -619879619.72 -0.00095854 0.01793274 0.01372603 0.00274082 0.00092448 0.00014278 0.00005763 0.00000147 -0.00003745 -0.00005860 -0.00006170 -0.00004641 -0.00001284 0.00003751 0.00009948 0.00016255 0.00021390 0.00024067 0.00018853 0.00004511 -0.00000086 -0.00000604 -0.00000932 -0.00000073 0.00000098 0.00001469 0.00525268 0.00247013 0.34631885 38.96427 
0.600 0.01882144 5 4515658.48 -1214017.31 -1613111.58 -925810.46 961170.78 7307427.06 599065985.12 0.00482411 -0.01777699 -0.01738937 -0.00321335 -0.00106478 -0.00101700 -0.00096654 -0.00092977 -0.00089680 -0.00086633 -0.00083637 -0.00080439 -0.00076741 -0.00072222 -0.00066571 -0.00059539 -0.00051014 -0.00041226 -0.00018431 0.00000089 0.00001158 0.00000261 0.00000526 -0.00000100 -0.00000344 -0.00009431 -0.00568792 -0.00271646 -0.43917242 41.01503 
0.630 0.02042783 5 4375941.57 -1187658.53 -1670746.47 -1119710.91 1076559.03 7277498.45 592769807.45 0.00541275 -0.01930182 -0.01871621 -0.00323606 -0.00102373 -0.00094201 -0.00088249 -0.00084093 -0.00080575 -0.00077562 -0.00074853 -0.00072187 -0.00069261 -0.00065740 -0.00061290 -0.00055623 -0.00048533 -0.00040037 -0.00018550 -0.00000307 0.00000999 0.00000280 0.00000541 -0.00000080 -0.00000326 -0.00008686 -0.00601336 -0.00286507 -0.46245086 43.06578 
0.660 0.02176776 5 4127223.54 -1212735.78 -1813751.61 -1294701.67 1261843.75 7186568.85 584489399.39 0.00592900 -0.02055712 -0.01993952 -0.00329170 -0.00098144 -0.00073050 -0.00065300 -0.00060219 -0.00056278 -0.00053344 -0.00051209 -0.00049606 -0.00048220 -0.00046696 -0.00044666 -0.00041783 -0.00037754 -0.00032416 -0.00016327 -0.00000841 0.00000585 0.00000246 0.00000556 -0.00000060 -0.00000312 -0.00006399 -0.00630778 -0.00299094 -0.48264150 45.11653 
0.690 0.02284152 5 3757793.93 -1306496.09 -2074346.54 -1438868.03 1537144.79 7040359.78 575765721.50 0.00633671 -0.02154510 -0.02105812 -0.00339038 -0.00094102 -0.00033374 -0.00022464 -0.00015743 -0.00011009 -0.00008129 -0.00006888 -0.00007013 -0.00008172 -0.00009988 -0.00012053 -0.00013948 -0.00015285 -0.00015648 -0.00010208 -0.00001169 -0.00000013 0.00000156 0.00000573 -0.00000038 -0.00000299 -0.00001917 -0.00657816 -0.00309387 -0.49928303 47.16728 
0.720 0.02388679 5 3170672.94 -1452236.55 -2557777.17 -1454799.10 1700203.57 6935282.19 562381805.23 0.00656682 -0.02250703 -0.02206311 -0.00353978 -0.00089007 0.00037346 0.00053622 0.00063227 0.00069491 0.00072551 0.00072625 0.00070000 0.00065022 0.00058097 0.00049683 0.00040275 0.00030370 0.00020614 0.00005578 -0.00000963 -0.00001513 -0.00000190 0.00000623 0.00000008 -0.00000287 0.00006517 -0.00684807 -0.00317559 -0.50995324 49.21803 
0.750 0.02500462 5 2631661.50 -1642689.86 -2868405.52 -1311041.46 1456739.42 6997058.93 547995715.06 0.00676893 -0.02355011 -0.02286650 -0.00364670 -0.00086106 0.00100709 0.00122039 0.00134495 0.00142448 0.00146035 0.00145478 0.00141068 0.00133162 0.00122188 0.00108636 0.00093061 0.00076039 0.00058354 0.00023322 -0.00000506 -0.00002750 -0.00000463 0.00000666 0.00000048 -0.00000275 0.00014521 -0.00708515 -0.00324421 -0.51713100 51.26878 
0.780 0.02616014 5 2069989.40 -1852348.52 -3128154.67 -1262409.06 1254424.15 7058477.50 533034739.09 0.00697209 -0.02462912 -0.02367896 -0.00374909 -0.00083141 0.00167752 0.00194474 0.00210023 0.00219870 0.00224145 0.00223072 0.00216943 0.00206122 0.00191046 0.00172232 0.00150281 0.00125859 0.00099974 0.00044032 0.00000720 -0.00003894 -0.00000785 0.00000706 0.00000093 -0.00000261 0.00023194 -0.00732515 -0.00331065 -0.52361701 53.31953 
0.810 0.02724579 5 1450309.94 -2088593.98 -3372938.27 -1284016.64 1090993.61 7104865.22 516265292.38 0.00713697 -0.02564834 -0.02444966 -0.00385160 -0.00077082 0.00242400 0.00274838 0.00293647 0.00305451 0.00310377 0.00308648 0.00300557 0.00286475 0.00266849 0.00242215 0.00213222 0.00180644 0.00145828 0.00067474 0.00002055 -0.00005386 -0.00001151 0.00000748 0.00000139 -0.00000249 0.00032775 -0.00754474 -0.00336269 -0.52733743 55.37028 
0.840 0.02779259 5 746013.31 -2378504.71 -3648050.51 -1352931.54 1001474.92 7124025.15 498910173.02 0.00710744 -0.02614793 -0.02480661 -0.00395047 -0.00068979 0.00330179 0.00369325 0.00391996 0.00406179 0.00411996 0.00409669 0.00399492 0.00381840 0.00357171 0.00326060 0.00289255 0.00247701 0.00203152 0.00099392 0.00004694 -0.00007385 -0.00001626 0.00000797 0.00000192 -0.00000240 0.00044367 -0.00764761 -0.00334934 -0.52030144 57.42104 
0.870 0.02890814 5 141285.72 -2589374.21 -3868680.11 -1455615.93 899952.86 7155003.10 481745989.84 0.00735402 -0.02721378 -0.02565073 -0.00401476 -0.00064558 0.00390808 0.00434855 0.00460106 0.00475552 0.00481314 0.00477612 0.00464745 0.00443100 0.00413168 0.00375652 0.00331714 0.00282668 0.00230721 0.00110911 0.00001330 -0.00010360 -0.00001940 0.00000855 0.00000220 -0.00000247 0.00051139 -0.00787488 -0.00341990 -0.52807568 59.47179 
0.900 0.02894439 5 -206234.36 -2749333.08 -3893538.01 -1514351.36 759515.37 7191472.71 470708172.42 0.00734823 -0.02721399 -0.02556345 -0.00391009 -0.00084026 0.00408568 0.00457685 0.00486458 0.00504740 0.00512648 0.00510405 0.00498311 0.00476756 0.00446237 0.00407465 0.00361637 0.00310131 0.00255183 0.00125316 0.00001279 -0.00012362 -0.00002250 0.00000905 0.00000258 -0.00000242 0.00055072 -0.00789129 -0.00340670 -0.52533405 61.52254 
