0.001 0.00011330 4 58214.74 -1133.61 2301.34 5436.93 6458.90 45151.18 4716485.32 0.00000294 -0.00004080 -0.00011330 -0.00003103 0.00000229 0.00004595 0.00005007 0.00004657 0.00004176 0.00003617 0.00003005 0.00002386 0.00001801 0.00001276 0.00000814 0.00000409 0.00000064 -0.00000226 -0.00000442 0.00000071 0.00001025 -0.00000001 -0.00001037 -0.00000146 0.00000187 0.00000321 -0.00003251 -0.00001354 -0.00241001 0.03626 
0.030 0.00143311 5 1637368.54 -40528.72 49835.69 139772.05 181167.97 1307121.56 134664767.56 -0.00037493 -0.00136344 -0.00078862 -0.00052715 -0.00031754 -0.00028970 -0.00027684 -0.00025818 -0.00023107 -0.00019833 -0.00016254 -0.00012666 -0.00009325 -0.00006419 -0.00004054 -0.00002266 -0.00001024 -0.00000256 0.00000384 0.00000403 0.00000562 -0.00000244 -0.00000914 -0.00000267 0.00000000 -0.00001382 -0.00056417 -0.00027181 -0.03757413 1.08792 
0.060 0.00265521 5 3157438.31 -79108.55 93053.72 310288.21 358765.67 2474439.25 258426159.01 -0.00072906 -0.00258220 -0.00141438 -0.00099865 -0.00062345 -0.00068986 -0.00067868 -0.00064622 -0.00059181 -0.00051925 -0.00043417 -0.00034421 -0.00025772 -0.00018079 -0.00011672 -0.00006675 -0.00003055 -0.00000654 0.00001470 0.00001030 0.00000167 -0.00000421 -0.00000678 -0.00000336 -0.00000185 -0.00003669 -0.00106429 -0.00051841 -0.07158080 2.17584 
0.090 0.00381305 5 4548037.41 -115808.65 119521.91 456235.32 519631.94 3568456.90 372851840.08 -0.00106664 -0.00373723 -0.00200229 -0.00143741 -0.00090579 -0.00106065 -0.00105358 -0.00101189 -0.00093787 -0.00083617 -0.00071383 -0.00058040 -0.00044637 -0.00032213 -0.00021540 -0.00012963 -0.00006539 -0.00002096 0.00002237 0.00001796 -0.00000132 -0.00000545 -0.00000381 -0.00000360 -0.00000339 -0.00006029 -0.00153290 -0.00075061 -0.10350457 3.26376 
0.120 0.00492447 5 5834776.64 -140624.13 131210.42 578703.89 666967.31 4598519.14 479112880.72 -0.00139888 -0.00484714 -0.00255766 -0.00184539 -0.00116861 -0.00143713 -0.00143901 -0.00139336 -0.00130584 -0.00118106 -0.00102696 -0.00085462 -0.00067663 -0.00050567 -0.00035296 -0.00022535 -0.00012598 -0.00005414 0.00002389 0.00002775 -0.00000242 -0.00000605 -0.00000064 -0.00000353 -0.00000461 -0.00008732 -0.00197657 -0.00097295 -0.13394934 4.35168 
0.150 0.00597379 5 7025864.18 -132071.52 128644.75 667662.58 798217.05 5563411.32 576444683.33 -0.00171031 -0.00589385 -0.00307361 -0.00221563 -0.00140348 -0.00190714 -0.00192498 -0.00188193 -0.00178802 -0.00164676 -0.00146533 -0.00125389 -0.00102630 -0.00079783 -0.00058281 -0.00039421 -0.00024062 -0.00012434 0.00001565 0.00004267 -0.00000025 -0.00000593 0.00000253 -0.00000316 -0.00000546 -0.00012580 -0.00238761 -0.00118608 -0.16337153 5.43960 
0.180 0.00699818 5 -9564859.75 -181186.53 -717692.52 -1051725.13 -1035510.81 -6578744.75 -720038774.22 0.00195798 0.00699818 0.00348572 0.00270724 0.00190270 0.00317623 0.00321372 0.00313031 0.00295801 0.00270602 0.00238846 0.00202426 0.00163645 0.00125048 0.00089053 0.00057690 0.00032488 0.00013918 -0.00006469 -0.00007508 -0.00000040 0.00000300 -0.00001309 -0.00000426 -0.00000083 0.00020106 0.00290330 0.00146781 0.20640275 6.52752 
0.210 0.00793799 5 -10854007.24 -190233.41 -927975.36 -1487781.41 -926904.82 -7321112.23 -805879180.48 0.00220919 0.00793799 0.00404640 0.00306025 0.00217723 0.00380833 0.00386340 0.00377855 0.00359155 0.00331176 0.00295355 0.00253629 0.00208416 0.00162469 0.00118596 0.00079329 0.00046779 0.00022130 -0.00006251 -0.00009712 -0.00000558 0.00000388 -0.00001309 -0.00000430 -0.00000083 0.00025030 0.00331821 0.00168846 0.23885414 7.61544 
0.240 0.00842580 5 11758457.45 47245.79 1525224.62 1513143.69 1235739.47 7437103.88 857481019.93 -0.00146915 -0.00808338 -0.00530246 -0.00328929 -0.00237201 -0.00508130 -0.00522864 -0.00521880 -0.00509800 -0.00486885 -0.00453816 -0.00411718 -0.00362372 -0.00308222 -0.00252083 -0.00196863 -0.00145441 -0.00100246 -0.00027532 0.00011824 0.00004803 -0.00000027 0.00000534 -0.00000235 -0.00000557 -0.00041953 -0.00363937 -0.00192891 -0.29290798 8.70336 
0.270 0.00949609 5 12943420.19 200604.37 1955098.58 1772881.72 1212201.71 7802633.81 914570867.68 -0.00101446 -0.00903487 -0.00701142 -0.00354388 -0.00257015 -0.00597718 -0.00615986 -0.00615819 -0.00602860 -0.00577420 -0.00540270 -0.00492647 -0.00436472 -0.00374366 -0.00309418 -0.00244926 -0.00184178 -0.00129955 -0.00039397 0.00013168 0.00006372 0.00000281 0.00000675 -0.00000165 -0.00000531 -0.00050570 -0.00416073 -0.00221909 -0.34680623 9.79128 
0.300 0.01037315 5 12201253.38 -79416.93 1609012.64 1602993.02 1336995.99 7731668.65 897267605.95 0.00001707 -0.00982042 -0.00910121 -0.00367022 -0.00247725 -0.00589033 -0.00608182 -0.00610447 -0.00601329 -0.00580859 -0.00549281 -0.00507123 -0.00455580 -0.00396723 -0.00333373 -0.00268873 -0.00206763 -0.00150111 -0.00050975 0.00011966 0.00007426 0.00000680 0.00000710 -0.00000098 -0.00000452 -0.00052414 -0.00453148 -0.00240268 -0.38787841 10.87920 
0.330 0.01249322 4 6422278.83 -27384.19 -1366071.70 -724537.53 1747449.39 6792822.86 631143921.49 0.00275847 -0.01083035 -0.01249322 -0.00337054 -0.00139923 -0.00294819 -0.00304372 -0.00307732 -0.00307367 -0.00303168 -0.00294981 -0.00282618 -0.00265886 -0.00244650 -0.00218952 -0.00189276 -0.00156844 -0.00123625 -0.00053806 0.00002933 0.00006155 0.00001250 0.00000431 -0.00000045 -0.00000253 -0.00030856 -0.00450533 -0.00227591 -0.38623708 11.96712 
0.360 0.01406291 4 5363519.76 -429187.95 -1744343.55 -795377.27 1811951.27 6520477.27 596171017.94 0.00399340 -0.01186017 -0.01406291 -0.00393389 -0.00133439 -0.00212627 -0.00217640 -0.00219220 -0.00218830 -0.00216359 -0.00211645 -0.00204483 -0.00194645 -0.00181909 -0.00166105 -0.00147180 -0.00125408 -0.00101785 -0.00047573 0.00000506 0.00005002 0.00001238 0.00000435 0.00000010 -0.00000184 -0.00023041 -0.00486592 -0.00240343 -0.41665744 13.05504 
0.390 0.01630509 4 4472583.94 -913318.64 -1706656.37 -1101624.67 1748366.58 6445817.04 569343996.83 0.00532463 -0.01425754 -0.01630509 -0.00438984 -0.00125372 -0.00126089 -0.00125382 -0.00124207 -0.00122710 -0.00120784 -0.00118258 -0.00114922 -0.00110526 -0.00104808 -0.00097503 -0.00088328 -0.00077093 -0.00063935 -0.00031055 -0.00000356 0.00002992 0.00000895 0.00000513 0.00000052 -0.00000183 -0.00013430 -0.00544174 -0.00262230 -0.45488759 14.14296 
0.420 0.01800654 4 4215531.36 -1094030.14 -1466840.16 -1518238.61 1672688.92 6621951.34 564219270.59 0.00591436 -0.01663710 -0.01800654 -0.00444652 -0.00121588 -0.00087015 -0.00082437 -0.00078995 -0.00075920 -0.00073106 -0.00070389 -0.00067560 -0.00064379 -0.00060587 -0.00055910 -0.00050055 -0.00042847 -0.00034379 -0.00014484 0.00001408 0.00001590 0.00000459 0.00000608 0.00000121 -0.00000162 -0.00007820 -0.00592292 -0.00281807 -0.48040913 15.23088 
0.450 0.01971681 5 3868886.69 -1107516.29 -1360560.29 -1954006.46 1433148.04 6857821.67 547688270.40 0.00622552 -0.01872761 -0.01916789 -0.00410858 -0.00111126 -0.00056761 -0.00049042 -0.00043692 -0.00039160 -0.00035345 -0.00032088 -0.00029191 -0.00026434 -0.00023575 -0.00020351 -0.00016521 -0.00012002 -0.00007061 0.00001791 0.00003480 0.00000173 -0.00000012 0.00000681 0.00000187 -0.00000140 -0.00003081 -0.00618677 -0.00291658 -0.48622821 16.31880 
0.480 0.02137173 5 3948493.31 -1073047.13 -1348887.52 -1983968.61 1199024.86 7155371.71 555463896.71 0.00614414 -0.02029595 -0.01983225 -0.00376256 -0.00106070 -0.00051403 -0.00042020 -0.00035318 -0.00029480 -0.00024405 -0.00019940 -0.00015909 -0.00012138 -0.00008443 -0.00004592 -0.00000335 0.00004406 0.00009206 0.00014665 0.00007024 -0.00000806 -0.00000537 0.00000784 0.00000249 -0.00000140 -0.00000993 -0.00637111 -0.00299190 -0.48730300 17.40672 
0.510 0.02284921 5 3746495.45 -829732.82 -1506529.79 -2232227.35 858624.51 7456360.89 539547124.58 0.00600768 -0.02167627 -0.02025875 -0.00317518 -0.00089840 -0.00038391 -0.00027879 -0.00020480 -0.00014066 -0.00008534 -0.00003737 0.00000476 0.00004202 0.00007516 0.00010624 0.00013924 0.00017741 0.00021760 0.00024674 0.00010126 -0.00001716 -0.00001040 0.00000850 0.00000298 -0.00000145 0.00001214 -0.00640108 -0.00299422 -0.47510853 18.49464 
0.540 0.02370077 5 3488923.93 -593450.59 -1825381.29 -2354093.18 614253.02 7647595.98 522721140.80 0.00582599 -0.02244010 -0.02042561 -0.00273138 -0.00071326 -0.00014146 -0.00002829 0.00004867 0.00011333 0.00016676 0.00021042 0.00024553 0.00027204 0.00028912 0.00029821 0.00030569 0.00031945 0.00034019 0.00033796 0.00013169 -0.00002528 -0.00001527 0.00000909 0.00000343 -0.00000151 0.00004128 -0.00635420 -0.00295677 -0.45962816 19.58255 
0.570 0.02402230 5 2864129.27 -826742.45 -2133434.09 -2444053.63 708050.34 7560309.10 507261784.83 0.00573841 -0.02268829 -0.02077047 -0.00265720 -0.00046128 0.00062198 0.00076877 0.00085874 0.00092397 0.00096563 0.00098531 0.00098414 0.00096146 0.00091537 0.00084754 0.00076767 0.00068976 0.00062141 0.00045356 0.00013476 -0.00003747 -0.00001889 0.00000951 0.00000375 -0.00000155 0.00012013 -0.00634521 -0.00291067 -0.44763928 20.67047 
0.600 0.02364691 5 2294946.96 -1266309.95 -2342177.40 -2431429.90 1008517.57 7326346.64 502049517.24 0.00551413 -0.02225011 -0.02080067 -0.00256354 -0.00033663 0.00145549 0.00165894 0.00177908 0.00186062 0.00190475 0.00191310 0.00188652 0.00182325 0.00171975 0.00157717 0.00140813 0.00123251 0.00106401 0.00067481 0.00015420 -0.00005821 -0.00002564 0.00001045 0.00000447 -0.00000149 0.00022104 -0.00626268 -0.00281838 -0.43058677 21.75839 
0.630 0.02274097 4 -1369106.53 2355889.48 1977354.25 1490767.32 -1981383.77 -5211733.81 -448129843.31 -0.01136974 0.01984403 0.02259291 0.00799020 0.00205941 0.00018111 0.00002643 -0.00006827 -0.00011346 -0.00011102 -0.00006698 0.00001135 0.00010990 0.00020915 0.00029365 0.00036319 0.00043138 0.00050402 0.00056020 0.00020998 -0.00006031 -0.00003874 0.00000042 -0.00000090 -0.00000466 0.00004119 0.00758548 0.00357778 0.66425042 22.84631 
0.660 0.02389320 4 -1147166.78 2423419.78 2274811.89 1140083.47 -2042779.20 -4942702.72 -438533763.03 -0.01291613 0.02034514 0.02375386 0.00941563 0.00241477 0.00009442 -0.00006789 -0.00016570 -0.00020971 -0.00020184 -0.00014833 -0.00005749 0.00005334 0.00015977 0.00024321 0.00030591 0.00036882 0.00044469 0.00054097 0.00022665 -0.00006074 -0.00004176 0.00000120 -0.00000056 -0.00000480 0.00003254 0.00813328 0.00382998 0.72668198 23.93423 
0.690 0.02490811 4 -1371619.06 2067628.78 2422824.29 968952.36 -2078363.66 -4752660.83 -429753092.92 -0.01447826 0.02076191 0.02477468 0.01082379 0.00285119 0.00055558 0.00041184 0.00031394 0.00025737 0.00024133 0.00026214 0.00031270 0.00037613 0.00042648 0.00044474 0.00043872 0.00043996 0.00047120 0.00053761 0.00022549 -0.00006703 -0.00004416 0.00000202 -0.00000030 -0.00000493 0.00006766 0.00867479 0.00410248 0.79394000 25.02215 
0.720 0.02582824 4 -1624583.19 1697717.70 2451665.69 925840.77 -2117110.86 -4582696.50 -419867328.74 -0.01604869 0.02111048 0.02570179 0.01214385 0.00336201 0.00126001 0.00114689 0.00105936 0.00099928 0.00096598 0.00095682 0.00096403 0.00096894 0.00094349 0.00086994 0.00076429 0.00067042 0.00062366 0.00059166 0.00022085 -0.00008017 -0.00004735 0.00000304 0.00000004 -0.00000507 0.00013240 0.00919697 0.00438166 0.86317250 26.11007 
0.750 0.02669344 4 -1772877.10 1436440.76 2485199.81 863236.88 -2133656.29 -4424098.26 -410074409.83 -0.01760018 0.02145072 0.02657505 0.01342180 0.00392259 0.00192952 0.00184047 0.00176395 0.00170685 0.00166842 0.00164569 0.00162939 0.00159720 0.00151603 0.00136660 0.00117128 0.00098581 0.00085795 0.00070185 0.00022869 -0.00009568 -0.00005215 0.00000415 0.00000056 -0.00000517 0.00020239 0.00971477 0.00466157 0.93240994 27.19799 
0.780 0.02751631 4 -1898337.22 1205798.20 2514482.43 794708.87 -2138904.40 -4274422.31 -400635198.87 -0.01914522 0.02177718 0.02740525 0.01464165 0.00452100 0.00264069 0.00257330 0.00250717 0.00245383 0.00241241 0.00237952 0.00234414 0.00227974 0.00214740 0.00192528 0.00164080 0.00136220 0.00114969 0.00085017 0.00024498 -0.00011274 -0.00005806 0.00000531 0.00000120 -0.00000524 0.00028000 0.01022210 0.00494062 1.00152709 28.28591 
0.810 0.02831594 4 -2006381.53 996722.19 2537459.71 729747.95 -2136497.30 -4133814.08 -391400385.34 -0.02067398 0.02211732 0.02821080 0.01579329 0.00514563 0.00337906 0.00332968 0.00327150 0.00322011 0.00317458 0.00313109 0.00307674 0.00298061 0.00279773 0.00250321 0.00212879 0.00175646 0.00145964 0.00101316 0.00026712 -0.00012929 -0.00006479 0.00000648 0.00000193 -0.00000530 0.00036062 0.01071998 0.00521684 1.06979839 29.37383 
0.840 0.02916423 4 -1965285.98 914751.61 2564745.41 719025.73 -2111969.12 -4051839.61 -382432845.24 -0.02194961 0.02273928 0.02905882 0.01666995 0.00567021 0.00384147 0.00378951 0.00372734 0.00367041 0.00361772 0.00356494 0.00349742 0.00338018 0.00316319 0.00281869 0.00238231 0.00194781 0.00159968 0.00108194 0.00027899 -0.00013709 -0.00006878 0.00000724 0.00000238 -0.00000535 0.00040533 0.01117927 0.00545590 1.12568716 30.46175 
0.870 0.03013592 4 -1899035.02 864840.86 2585965.85 682980.26 -2064911.18 -3967910.81 -373153950.59 -0.02336625 0.02345146 0.03002435 0.01770844 0.00621892 0.00427309 0.00421687 0.00415014 0.00408780 0.00402873 0.00396806 0.00388918 0.00375301 0.00350404 0.00311060 0.00261228 0.00211502 0.00171592 0.00113535 0.00029013 -0.00014321 -0.00007243 0.00000798 0.00000280 -0.00000541 0.00044622 0.01169946 0.00572147 1.18758604 31.54967 
0.900 0.03102889 4 -1765477.70 902631.41 2606951.08 610385.54 -1988767.58 -3896678.15 -364678142.27 -0.02479657 0.02405400 0.03090586 0.01886202 0.00682046 0.00458680 0.00451457 0.00443570 0.00436223 0.00429298 0.00422253 0.00413255 0.00398020 0.00370513 0.00327216 0.00272535 0.00218055 0.00174539 0.00113872 0.00029452 -0.00014485 -0.00007438 0.00000847 0.00000304 -0.00000546 0.00046985 0.01223352 0.00598438 1.24997464 32.63759 
0.930 0.03186617 4 -1623688.60 969825.40 2627664.49 535567.08 -1910276.82 -3846468.73 -357925351.84 -0.02612992 0.02463879 0.03173376 0.01996142 0.00740567 0.00482511 0.00473194 0.00463777 0.00455080 0.00446978 0.00438883 0.00428810 0.00412170 0.00382539 0.00336146 0.00277818 0.00219837 0.00173734 0.00112189 0.00029643 -0.00014465 -0.00007568 0.00000880 0.00000321 -0.00000549 0.00048398 0.01274732 0.00623274 1.30857374 33.72551 
