0.001 0.00010817 4 55739.35 2272.75 6008.54 5996.17 5456.64 36005.24 4004610.63 0.00000586 -0.00003081 -0.00010817 -0.00002769 0.00000354 0.00004498 0.00004905 0.00004557 0.00004083 0.00003532 0.00002930 0.00002322 0.00001748 0.00001234 0.00000781 0.00000386 0.00000047 -0.00000237 -0.00000448 0.00000064 0.00001012 -0.00000012 -0.00001042 -0.00000152 0.00000182 0.00000312 -0.00002902 -0.00001194 -0.00221304 0.05297 
0.030 0.00124087 5 -552510.16 193090.12 264188.02 120640.01 -30207.01 -1100221.29 -82319846.11 0.00051245 0.00124087 0.00048956 0.00032440 0.00015947 -0.00001130 -0.00001342 -0.00001612 -0.00001601 -0.00001433 -0.00001179 -0.00000904 -0.00000642 -0.00000421 -0.00000265 -0.00000193 -0.00000198 -0.00000266 -0.00000292 0.00000180 0.00001059 -0.00000064 -0.00001156 -0.00000204 0.00000161 -0.00000028 0.00040354 0.00018902 0.02082826 1.58910 
0.060 0.00244631 5 -1107653.36 328955.18 551742.75 257974.06 -60075.74 -2186249.61 -161886246.78 0.00098089 0.00244631 0.00105107 0.00063855 0.00028713 0.00000843 0.00001208 0.00002006 0.00003586 0.00005599 0.00007538 0.00008812 0.00009103 0.00008501 0.00007296 0.00005768 0.00004176 0.00002697 0.00000453 -0.00000207 0.00000902 -0.00000105 -0.00001235 -0.00000264 0.00000113 0.00000719 0.00080123 0.00037942 0.04279747 3.17821 
0.090 0.00367980 5 -1682259.65 455695.01 805581.38 427199.40 -76768.72 -3293966.71 -241752686.09 0.00145423 0.00367980 0.00161854 0.00094425 0.00041918 0.00005358 0.00006275 0.00007975 0.00010863 0.00014470 0.00018126 0.00020974 0.00022198 0.00021440 0.00018963 0.00015459 0.00011660 0.00008072 0.00002181 -0.00000691 0.00000616 -0.00000149 -0.00001286 -0.00000313 0.00000061 0.00001824 0.00120306 0.00057366 0.06523893 4.76731 
0.120 0.00491395 5 -2229804.34 585436.90 1064270.98 584948.51 -87510.74 -4376950.00 -319509246.90 0.00193746 0.00491395 0.00217967 0.00125007 0.00055168 0.00007821 0.00009102 0.00011560 0.00015626 0.00020830 0.00026382 0.00031291 0.00034435 0.00034872 0.00032413 0.00027702 0.00021902 0.00016035 0.00005436 -0.00001002 0.00000199 -0.00000227 -0.00001313 -0.00000347 0.00000011 0.00002944 0.00160467 0.00076787 0.08756601 6.35642 
0.150 0.00613579 5 -2787239.51 801500.96 1296995.42 664398.84 -127198.63 -5422936.11 -400929505.73 0.00242221 0.00613579 0.00274979 0.00159978 0.00071631 0.00000938 0.00001275 0.00003483 0.00007831 0.00014008 0.00021298 0.00028798 0.00035295 0.00039386 0.00040012 0.00037135 0.00031646 0.00024942 0.00010497 -0.00000498 -0.00000223 -0.00000372 -0.00001326 -0.00000361 -0.00000026 0.00003166 0.00202640 0.00096675 0.11087783 7.94552 
0.180 0.00734068 5 -3465221.11 999186.29 1391189.87 733675.62 -155527.37 -6433745.52 -483334849.62 0.00291489 0.00734068 0.00330619 0.00194442 0.00091017 -0.00001646 -0.00002712 -0.00001460 0.00002204 0.00008073 0.00015637 0.00024337 0.00033120 0.00040550 0.00045060 0.00045529 0.00041975 0.00035567 0.00017649 0.00000770 -0.00000695 -0.00000592 -0.00001324 -0.00000358 -0.00000052 0.00003492 0.00245374 0.00116880 0.13485409 9.53462 
0.210 0.00857767 5 -4239307.65 1110486.21 1453239.58 807570.69 -185449.64 -7425154.51 -565072190.81 0.00341736 0.00857767 0.00387696 0.00229389 0.00111231 0.00001254 -0.00001161 -0.00001144 0.00001325 0.00006099 0.00012897 0.00021366 0.00030879 0.00040216 0.00047832 0.00052034 0.00051605 0.00046876 0.00026819 0.00003073 -0.00001144 -0.00000895 -0.00001311 -0.00000339 -0.00000068 0.00004110 0.00289293 0.00137797 0.15983936 11.12373 
0.240 0.01000387 5 -4775617.99 1044338.27 1526054.69 1160932.49 -103008.75 -8403934.69 -622894501.53 0.00362765 0.01000387 0.00478011 0.00249961 0.00122234 0.00008965 0.00005698 0.00004885 0.00006471 0.00010328 0.00016219 0.00023833 0.00032722 0.00042100 0.00050673 0.00056913 0.00059409 0.00057133 0.00036828 0.00006168 -0.00001603 -0.00001271 -0.00001246 -0.00000309 -0.00000089 0.00005144 0.00331750 0.00158249 0.18572258 12.71283 
0.270 0.01160393 5 -5178380.79 991094.78 1660854.53 1586640.19 -97023.50 -9319946.80 -675016904.41 0.00344749 0.01160393 0.00605787 0.00269177 0.00130719 0.00023031 0.00018923 0.00017102 0.00017596 0.00020283 0.00024940 0.00031268 0.00038873 0.00047183 0.00055237 0.00061807 0.00065846 0.00066154 0.00047916 0.00009879 -0.00002420 -0.00001780 -0.00001150 -0.00000264 -0.00000112 0.00006625 0.00377577 0.00180518 0.21818859 14.30193 
0.300 0.01300955 5 -5468729.48 882759.98 1577080.30 1796282.45 -95608.62 -9629243.59 -693315892.33 0.00295771 0.01300955 0.00776647 0.00278889 0.00134819 0.00052044 0.00047476 0.00044705 0.00043942 0.00045072 0.00047884 0.00052091 0.00057314 0.00063068 0.00068727 0.00073472 0.00076580 0.00077215 0.00060716 0.00014783 -0.00003874 -0.00002569 -0.00000999 -0.00000192 -0.00000141 0.00009479 0.00423292 0.00203465 0.25707086 15.89104 
0.330 0.01462281 5 -5406896.33 876866.24 1474505.03 1977741.00 -79463.02 -9656545.57 -688106482.69 0.00211017 0.01462281 0.00964165 0.00281035 0.00135754 0.00078024 0.00072424 0.00068513 0.00066529 0.00066365 0.00067816 0.00070600 0.00074327 0.00078485 0.00082501 0.00085823 0.00087998 0.00088487 0.00074264 0.00021807 -0.00005896 -0.00003837 -0.00000786 -0.00000077 -0.00000175 0.00012212 0.00466906 0.00225362 0.29634320 17.48014 
0.360 0.01839120 5 -5099091.90 222820.30 1921282.58 1194769.21 -451536.55 -7986427.45 -599220536.81 -0.00405257 0.01839120 0.01600031 0.00458011 0.00134087 0.00212572 0.00220502 0.00226114 0.00231523 0.00236596 0.00241117 0.00244777 0.00247102 0.00247350 0.00244594 0.00238188 0.00228177 0.00215008 0.00165025 0.00055769 -0.00006943 -0.00007343 -0.00000348 0.00000588 0.00000149 0.00035447 0.00599166 0.00299705 0.48025051 19.06925 
0.390 0.02100170 5 -5772729.36 -146432.15 1045236.89 1338205.94 -260910.03 -7748830.02 -585103164.74 -0.00742919 0.02100170 0.01936332 0.00783487 0.00167799 0.00232418 0.00245646 0.00253283 0.00258659 0.00261819 0.00262813 0.00261687 0.00258372 0.00252489 0.00243385 0.00230810 0.00215578 0.00198916 0.00150958 0.00054184 -0.00005095 -0.00006823 -0.00000303 0.00000594 0.00000164 0.00036113 0.00739329 0.00365764 0.62563713 20.65835 
0.420 0.01973980 4 -6219347.91 159302.99 543414.90 827709.21 -873338.48 -6876436.54 -595487895.20 -0.01013498 0.01762190 0.01946628 0.01189756 0.00209055 0.00236792 0.00259715 0.00274187 0.00285191 0.00292775 0.00297006 0.00297955 0.00295557 0.00289328 0.00278490 0.00263109 0.00244483 0.00224245 0.00168221 0.00062644 -0.00001335 -0.00006704 -0.00000384 0.00000623 0.00000203 0.00040744 0.00789555 0.00391769 0.73357101 22.24745 
0.450 0.01767262 4 -6279609.41 427445.43 721445.39 196878.48 -1145721.87 -6479656.85 -608086250.16 -0.01040418 0.01476853 0.01732791 0.01093379 0.00344344 0.00417528 0.00436188 0.00446433 0.00452717 0.00455087 0.00453599 0.00448294 0.00438956 0.00424605 0.00403883 0.00376858 0.00345505 0.00312280 0.00223148 0.00072757 -0.00006254 -0.00009094 -0.00000143 0.00000814 0.00000164 0.00059432 0.00740329 0.00378621 0.73424363 23.83656 
0.480 0.01861296 5 -6396891.20 1355002.97 -383038.94 1686555.91 309022.71 -9364433.85 -706862058.35 -0.00354939 0.01861296 0.01319356 0.00142244 0.00418912 0.00640620 0.00637846 0.00631870 0.00623728 0.00613331 0.00600507 0.00584980 0.00566244 0.00543429 0.00515503 0.00481884 0.00442900 0.00399564 0.00274759 0.00071631 -0.00023140 -0.00014431 0.00000091 0.00000982 -0.00000077 0.00076572 0.00572263 0.00308940 0.49161375 25.42566 
0.510 0.01914975 4 2648656.50 -2216153.49 -1795797.70 -46701.95 1476170.79 5231138.84 495731928.30 0.01396111 -0.01229425 -0.01914975 -0.01472560 -0.00488214 -0.00014564 0.00006835 0.00022098 0.00034570 0.00044369 0.00051691 0.00056723 0.00058949 0.00055739 0.00043726 0.00024152 0.00002522 -0.00014998 -0.00023508 -0.00004487 0.00004815 0.00000952 0.00000390 0.00000008 -0.00000253 0.00002833 -0.00842043 -0.00393225 -0.82260675 27.01477 
0.540 0.02064598 4 -79488.29 -2266422.55 -3616945.51 -195853.95 2100864.82 3898868.91 361349344.63 0.01750921 -0.01067179 -0.02064598 -0.01915440 -0.00584942 0.00307551 0.00353974 0.00384771 0.00408370 0.00424885 0.00434526 0.00437479 0.00433011 0.00417679 0.00387615 0.00344790 0.00295408 0.00246540 0.00148523 0.00033557 -0.00004123 -0.00004050 0.00000787 0.00000519 -0.00000175 0.00051100 -0.00946486 -0.00416544 -0.92058434 28.60387 
0.570 0.02257278 3 1322492.62 -2324426.40 -4090237.45 1483546.08 2097554.66 4156055.73 457312062.36 0.02037837 -0.00941478 -0.02109677 -0.02257278 -0.00759143 0.00123568 0.00163668 0.00191663 0.00214327 0.00231779 0.00244222 0.00251815 0.00253462 0.00244558 0.00220722 0.00184283 0.00141914 0.00102611 0.00044347 0.00002475 -0.00000763 -0.00000447 0.00000583 0.00000164 -0.00000231 0.00025467 -0.01050865 -0.00479092 -1.08460901 30.19297 
0.600 0.02341958 3 1457178.29 -2365844.09 -4241632.67 1655813.62 2016268.31 4392573.12 476279345.06 0.02028201 -0.00966913 -0.02172249 -0.02341958 -0.00710191 0.00213775 0.00253050 0.00279974 0.00301176 0.00316773 0.00326969 0.00331880 0.00329947 0.00315370 0.00283746 0.00236819 0.00182178 0.00132074 0.00055511 -0.00002681 -0.00004140 -0.00000425 0.00000761 0.00000131 -0.00000318 0.00033769 -0.01070351 -0.00483816 -1.09043643 31.78208 
0.630 0.02402920 3 1662819.83 -2272206.74 -4428801.46 1765334.09 2313083.22 4285410.72 488440438.95 0.01973801 -0.00782881 -0.02115393 -0.02402920 -0.00660325 0.00280427 0.00316614 0.00341136 0.00360001 0.00373325 0.00381308 0.00383976 0.00379081 0.00359509 0.00320673 0.00263178 0.00197139 0.00137301 0.00050069 -0.00011834 -0.00007124 0.00000056 0.00000857 0.00000072 -0.00000361 0.00038180 -0.01046752 -0.00470411 -1.07281776 33.37118 
