0.001 0.00013995 5 58037.97 -255.10 -9917.83 -6557.00 3226.67 71541.22 5755639.21 -0.00001474 -0.00007241 -0.00012614 -0.00003458 0.00000290 0.00005238 0.00005652 0.00005267 0.00004727 0.00004092 0.00003394 0.00002687 0.00002020 0.00001422 0.00000901 0.00000452 0.00000075 -0.00000235 -0.00000468 0.00000052 0.00001010 -0.00000010 -0.00001040 -0.00000152 0.00000182 0.00000351 -0.00004070 -0.00001721 -0.00266715 0.10529 
0.030 0.00232603 5 -1657497.73 129199.76 400514.31 132975.40 -180167.39 -2140019.80 -178083980.39 0.00077087 0.00232603 0.00104862 0.00069477 0.00036009 0.00022376 0.00022117 0.00020794 0.00018971 0.00016680 0.00014044 0.00011250 0.00008525 0.00006051 0.00003933 0.00002209 0.00000880 -0.00000093 -0.00000935 -0.00000287 0.00000879 -0.00000109 -0.00001141 -0.00000300 0.00000026 0.00001229 0.00080492 0.00038386 0.04700855 3.15865 
0.060 0.00436230 5 -3201296.43 230901.24 704157.48 235794.36 -346684.30 -4025465.21 -337833824.57 0.00139562 0.00436230 0.00204427 0.00131559 0.00068075 0.00053426 0.00053954 0.00052707 0.00050509 0.00047249 0.00042876 0.00037397 0.00031037 0.00024314 0.00017842 0.00012069 0.00007284 0.00003572 -0.00000833 -0.00001249 0.00000639 -0.00000087 -0.00001152 -0.00000350 -0.00000054 0.00003663 0.00152627 0.00073494 0.09172024 6.31730 
0.090 0.00626876 5 -4562789.57 337005.01 994859.88 338634.37 -493257.67 -5740031.15 -481792988.21 0.00199447 0.00626876 0.00296726 0.00188962 0.00098065 0.00081160 0.00082405 0.00081304 0.00078924 0.00075094 0.00069608 0.00062288 0.00053303 0.00043204 0.00032830 0.00023151 0.00014861 0.00008259 -0.00000197 -0.00002176 0.00000377 -0.00000059 -0.00001158 -0.00000367 -0.00000087 0.00006011 0.00219938 0.00106295 0.13329240 9.47594 
0.120 0.00805563 5 -5665414.05 569353.34 1256337.09 389957.91 -631510.76 -7249551.62 -610858736.24 0.00259240 0.00805563 0.00384174 0.00245134 0.00127549 0.00094468 0.00095386 0.00093996 0.00091390 0.00087500 0.00082116 0.00075078 0.00066174 0.00055572 0.00043935 0.00032292 0.00021836 0.00013200 0.00001310 -0.00002654 0.00000139 -0.00000061 -0.00001162 -0.00000367 -0.00000095 0.00007330 0.00284454 0.00137239 0.17223050 12.63459 
0.150 0.00960705 5 -6468598.07 772145.17 1146933.73 560500.31 -836559.79 -8111617.50 -693980765.23 0.00301335 0.00960705 0.00504822 0.00279441 0.00151192 0.00111122 0.00110850 0.00108427 0.00104795 0.00099907 0.00093678 0.00086001 0.00076756 0.00065817 0.00053435 0.00040448 0.00028115 0.00017637 0.00002645 -0.00003114 -0.00000109 -0.00000065 -0.00001143 -0.00000358 -0.00000098 0.00008585 0.00344437 0.00166025 0.21087556 15.79324 
0.180 0.01132203 5 -6424360.07 868531.89 1243157.27 922964.82 -646286.40 -8812727.65 -718636044.37 0.00268690 0.01132203 0.00689762 0.00294127 0.00153742 0.00099757 0.00097448 0.00094224 0.00090568 0.00086410 0.00081623 0.00076037 0.00069458 0.00061648 0.00052344 0.00041731 0.00030659 0.00020364 0.00004462 -0.00002810 -0.00000268 -0.00000116 -0.00001094 -0.00000333 -0.00000093 0.00007844 0.00397772 0.00190633 0.24858248 18.95189 
0.210 0.01250047 5 -5431202.50 996865.42 1574257.61 1462966.58 -361966.17 -9103325.94 -684456959.02 0.00240440 0.01250047 0.00821148 0.00287523 0.00137014 0.00027779 0.00020602 0.00015533 0.00012049 0.00010059 0.00009399 0.00009840 0.00011097 0.00012775 0.00014140 0.00014189 0.00012463 0.00009478 0.00003051 -0.00000581 0.00000360 -0.00000163 -0.00001030 -0.00000295 -0.00000080 0.00001574 0.00423424 0.00199327 0.25917827 22.11053 
0.240 0.01400883 5 -4363245.78 1105116.35 1896923.48 2098976.40 -183301.26 -9280960.75 -643308850.49 0.00190656 0.01400883 0.00966704 0.00277282 0.00117052 -0.00051581 -0.00064291 -0.00071735 -0.00075657 -0.00076157 -0.00073428 -0.00067739 -0.00059435 -0.00048980 -0.00037194 -0.00025567 -0.00015577 -0.00008394 -0.00000795 0.00001731 0.00001293 -0.00000144 -0.00001000 -0.00000252 -0.00000043 -0.00005985 0.00450164 0.00207847 0.26921868 25.26918 
0.270 0.01488238 5 -2552736.77 1546473.13 2587793.53 2521683.15 -26956.02 -9181730.56 -579208697.67 0.00136985 0.01488238 0.01067256 0.00271739 0.00091492 -0.00200946 -0.00223445 -0.00235263 -0.00240261 -0.00238550 -0.00230354 -0.00215989 -0.00195883 -0.00170729 -0.00141927 -0.00111668 -0.00082335 -0.00056297 -0.00016065 0.00005089 0.00003542 0.00000094 -0.00000978 -0.00000209 -0.00000000 -0.00021098 0.00459581 0.00204233 0.26117249 28.42783 
0.300 0.01580992 5 -1997888.00 1849602.40 2861848.07 2681653.64 85319.34 -9476311.46 -579207759.28 0.00143586 0.01580992 0.01096941 0.00282840 0.00092285 -0.00280314 -0.00308684 -0.00323779 -0.00330553 -0.00329117 -0.00319704 -0.00302644 -0.00278392 -0.00247656 -0.00211799 -0.00172947 -0.00133474 -0.00096224 -0.00031670 0.00005576 0.00004492 0.00000225 -0.00001026 -0.00000228 0.00000005 -0.00030504 0.00476151 0.00207004 0.25832041 31.58648 
0.330 0.01527278 5 793167.70 2865241.13 3763554.36 2968877.81 172609.16 -8977114.75 -485198859.55 0.00126455 0.01527278 0.01128102 0.00276969 0.00061845 -0.00512276 -0.00555260 -0.00576207 -0.00583278 -0.00576681 -0.00556985 -0.00524817 -0.00481351 -0.00428504 -0.00368856 -0.00305476 -0.00241562 -0.00180569 -0.00066543 0.00012099 0.00010470 0.00000942 -0.00001081 -0.00000279 -0.00000010 -0.00053921 0.00460208 0.00187090 0.22558948 34.74512 
0.360 0.01735266 5 6200168.05 -300564.04 -936051.63 -673266.42 587823.67 7522226.46 626638872.88 0.00291252 -0.01630753 -0.01534841 -0.00273354 -0.00104107 -0.00269502 -0.00279366 -0.00284755 -0.00287846 -0.00288497 -0.00286496 -0.00281575 -0.00273433 -0.00261767 -0.00246301 -0.00226742 -0.00202779 -0.00174528 -0.00095349 -0.00004794 0.00008848 0.00002184 0.00000462 -0.00000265 -0.00000350 -0.00033604 -0.00528372 -0.00265540 -0.41782934 37.90377 
0.390 0.01942068 5 6213018.86 -279225.88 -872508.91 -725081.95 555144.18 7534691.42 624634496.91 0.00347695 -0.01816543 -0.01692310 -0.00265677 -0.00091948 -0.00275795 -0.00285994 -0.00291552 -0.00294709 -0.00295324 -0.00293188 -0.00288036 -0.00279575 -0.00267538 -0.00251717 -0.00231842 -0.00207529 -0.00178777 -0.00097170 -0.00002298 0.00011005 0.00002508 0.00000381 -0.00000312 -0.00000354 -0.00034180 -0.00564536 -0.00282798 -0.44295579 41.06242 
0.420 0.01962737 5 5815776.66 -321721.65 -863382.79 -725727.53 553471.68 7173136.95 593472978.56 0.00378229 -0.01827806 -0.01760968 -0.00235493 -0.00071957 -0.00259649 -0.00269183 -0.00274531 -0.00277787 -0.00278808 -0.00277389 -0.00273263 -0.00266147 -0.00255823 -0.00242162 -0.00224909 -0.00203500 -0.00177517 -0.00098860 -0.00001155 0.00012841 0.00002745 0.00000292 -0.00000333 -0.00000341 -0.00032717 -0.00561873 -0.00280773 -0.44169603 44.22107 
0.450 0.02117607 5 371132.43 -1211955.65 -2920015.02 -3620646.38 1190591.60 6933157.88 400635535.48 0.00616950 -0.02016503 -0.02003389 -0.00382471 -0.00084311 0.00165889 0.00190902 0.00204819 0.00212375 0.00213684 0.00208940 0.00198393 0.00182365 0.00161284 0.00135903 0.00107724 0.00078495 0.00050574 0.00005181 -0.00010274 -0.00001954 0.00000720 0.00000239 0.00000186 0.00000109 0.00018621 -0.00630276 -0.00285566 -0.46215730 47.37971 
