0.001 0.00013272 5 68533.45 -1691.54 -1091.70 329.22 4880.77 66106.69 6037743.87 -0.00000959 -0.00006518 -0.00012361 -0.00003558 0.00000029 0.00004737 0.00005162 0.00004813 0.00004323 0.00003746 0.00003112 0.00002468 0.00001858 0.00001311 0.00000831 0.00000413 0.00000059 -0.00000236 -0.00000456 0.00000057 0.00001005 -0.00000014 -0.00001041 -0.00000154 0.00000180 0.00000326 -0.00004007 -0.00001705 -0.00275156 0.09191 
0.030 0.00202980 5 2128282.46 -24614.84 36819.59 98324.60 178190.65 1839562.46 177860505.20 -0.00065586 -0.00195877 -0.00104975 -0.00067107 -0.00040366 -0.00039275 -0.00038151 -0.00036139 -0.00032928 -0.00028733 -0.00023905 -0.00018914 -0.00014164 -0.00009952 -0.00006453 -0.00003735 -0.00001781 -0.00000506 0.00000640 0.00000543 0.00000275 -0.00000334 -0.00000736 -0.00000321 -0.00000146 -0.00002040 -0.00076984 -0.00037172 -0.04896773 2.75739 
0.060 0.00366958 5 4037133.32 -38606.74 73565.10 269976.81 360481.93 3371716.22 333360085.00 -0.00121150 -0.00359428 -0.00185652 -0.00125115 -0.00077687 -0.00092309 -0.00092032 -0.00089007 -0.00083365 -0.00075397 -0.00065560 -0.00054497 -0.00043017 -0.00032062 -0.00022325 -0.00014225 -0.00007949 -0.00003443 0.00001426 0.00001706 -0.00000076 -0.00000494 -0.00000320 -0.00000342 -0.00000347 -0.00005573 -0.00141939 -0.00069498 -0.09222003 5.51479 
0.090 0.00520108 5 -5425002.83 -164142.91 298297.15 -191894.46 -564956.82 -4802305.80 -456275943.50 0.00169449 0.00520108 0.00248961 0.00175658 0.00105562 0.00115998 0.00114774 0.00108405 0.00098081 0.00084425 0.00068477 0.00051556 0.00035178 0.00020765 0.00009393 0.00001404 -0.00003582 -0.00006258 -0.00006302 -0.00001667 0.00001157 0.00000096 -0.00001116 -0.00000360 -0.00000089 0.00005412 0.00196773 0.00095117 0.12352187 8.27218 
0.120 0.00675465 5 -6872634.85 -287952.51 376683.21 -104717.04 -670700.76 -6185947.75 -576498743.30 0.00219190 0.00675465 0.00322856 0.00220247 0.00132785 0.00165901 0.00166387 0.00160052 0.00148571 0.00132446 0.00112551 0.00089978 0.00066270 0.00043371 0.00023145 0.00007078 -0.00003897 -0.00010178 -0.00011827 -0.00003828 0.00001318 0.00000346 -0.00001129 -0.00000364 -0.00000082 0.00008552 0.00252342 0.00122835 0.15918827 11.02957 
0.150 0.00814483 5 -8051291.72 -348811.38 400295.79 14599.58 -756947.88 -7360427.83 -677150622.83 0.00257979 0.00814483 0.00390255 0.00256508 0.00155699 0.00221432 0.00224939 0.00219975 0.00208868 0.00191970 0.00169981 0.00143708 0.00114450 0.00084112 0.00054955 0.00029246 0.00008922 -0.00004987 -0.00015026 -0.00007233 0.00000913 0.00000576 -0.00001131 -0.00000353 -0.00000055 0.00013238 0.00300476 0.00147889 0.19227383 13.78697 
0.180 0.00969332 5 -5231568.55 1454837.70 1444807.34 780826.38 -785276.15 -8126763.81 -669651837.63 0.00336988 0.00969332 0.00491189 0.00279316 0.00142191 -0.00001312 -0.00007194 -0.00010835 -0.00012661 -0.00012749 -0.00011253 -0.00008378 -0.00004466 -0.00000305 0.00002988 0.00004780 0.00005133 0.00004691 0.00002615 0.00000572 0.00000816 -0.00000241 -0.00001273 -0.00000370 -0.00000076 -0.00000321 0.00341820 0.00160067 0.19452052 16.54436 
0.210 0.01182879 5 -5140257.65 1646752.44 1865284.38 1046702.04 -537497.70 -9161498.82 -713948621.65 0.00348783 0.01182879 0.00663356 0.00309064 0.00147765 -0.00059007 -0.00069712 -0.00075570 -0.00078107 -0.00077410 -0.00073658 -0.00067104 -0.00058071 -0.00047064 -0.00035156 -0.00024008 -0.00015042 -0.00008611 -0.00000518 0.00002533 0.00001658 -0.00000241 -0.00001319 -0.00000381 -0.00000080 -0.00005962 0.00405513 0.00186928 0.22812890 19.30176 
0.240 0.01401553 5 -4462264.10 1668625.00 2492429.29 1283275.93 -149700.51 -9756893.82 -705765719.04 0.00331334 0.01401553 0.00849340 0.00324622 0.00138635 -0.00141367 -0.00158346 -0.00167343 -0.00171261 -0.00170193 -0.00164339 -0.00153981 -0.00139492 -0.00121377 -0.00100521 -0.00078603 -0.00057459 -0.00038996 -0.00011162 0.00004187 0.00003199 -0.00000065 -0.00001347 -0.00000402 -0.00000089 -0.00014915 0.00460256 0.00207834 0.25305645 22.05915 
0.270 0.01655356 5 -3469741.76 1618649.89 3094220.20 1535671.60 212821.98 -9931105.43 -663093825.81 0.00239932 0.01655356 0.01068055 0.00331814 0.00122938 -0.00237985 -0.00263531 -0.00277771 -0.00285281 -0.00286146 -0.00280562 -0.00268815 -0.00251291 -0.00228488 -0.00201101 -0.00170248 -0.00137294 -0.00104520 -0.00041567 0.00001626 0.00004695 0.00000466 -0.00001396 -0.00000460 -0.00000100 -0.00028098 0.00511221 0.00224722 0.27577921 24.81654 
0.300 0.01921444 5 -2604078.44 1468767.77 3472680.83 1885424.64 397138.03 -9828089.72 -611144240.04 0.00103185 0.01921444 0.01304180 0.00331137 0.00106415 -0.00308856 -0.00342465 -0.00362472 -0.00374917 -0.00379844 -0.00377411 -0.00367865 -0.00351564 -0.00328988 -0.00300729 -0.00267461 -0.00229932 -0.00189413 -0.00093749 -0.00006290 0.00005805 0.00001064 -0.00001433 -0.00000515 -0.00000106 -0.00041228 0.00559513 0.00240385 0.30031127 27.57394 
0.330 0.02000368 5 -3504704.23 800222.53 3343260.59 2016271.42 362742.24 -10027201.01 -629010308.06 0.00085928 0.02000368 0.01342823 0.00328361 0.00082320 -0.00230832 -0.00255604 -0.00270653 -0.00280281 -0.00284501 -0.00283412 -0.00277182 -0.00266082 -0.00250507 -0.00230962 -0.00207994 -0.00182133 -0.00153946 -0.00081835 -0.00010862 0.00000580 -0.00000057 -0.00001233 -0.00000380 -0.00000092 -0.00032151 0.00565352 0.00247944 0.31091849 30.33133 
0.360 0.01929172 5 -4916530.44 -119245.81 2953917.88 1799948.51 206992.78 -9758143.80 -641899108.99 0.00018167 0.01929172 0.01338965 0.00295914 0.00073554 -0.00040361 -0.00050308 -0.00057341 -0.00062807 -0.00066662 -0.00068884 -0.00069452 -0.00068387 -0.00065782 -0.00061811 -0.00056683 -0.00050597 -0.00043806 -0.00026358 -0.00013373 -0.00008024 -0.00001308 -0.00000869 -0.00000206 -0.00000080 -0.00008901 0.00542735 0.00249693 0.32818410 33.08872 
0.390 0.01719783 5 -6531072.59 -542197.82 2002098.85 1519584.49 -167793.95 -9342764.17 -677687059.36 -0.00016063 0.01719783 0.01260619 0.00295629 0.00059602 0.00141205 0.00148326 0.00151371 0.00152376 0.00151392 0.00148493 0.00143786 0.00137395 0.00129439 0.00120022 0.00109253 0.00097269 0.00084186 0.00046669 -0.00006990 -0.00012800 -0.00002211 -0.00000849 -0.00000094 -0.00000010 0.00016265 0.00502727 0.00244307 0.33863993 35.84612 
0.420 0.01488928 5 -7928451.85 -704849.92 996262.37 1165851.55 -338423.76 -9047292.10 -714315858.66 -0.00009522 0.01488928 0.01125184 0.00285378 0.00063676 0.00298450 0.00319165 0.00330469 0.00336769 0.00338113 0.00334585 0.00326320 0.00313497 0.00296328 0.00275044 0.00249906 0.00221195 0.00189247 0.00101064 -0.00006660 -0.00018249 -0.00002788 -0.00000753 -0.00000001 0.00000043 0.00037171 0.00457044 0.00233998 0.33668471 38.60351 
0.450 0.01310145 5 -8664255.36 -801678.79 67865.71 884710.63 -2852.02 -8812300.90 -713619306.67 0.00051186 0.01310145 0.00987226 0.00241181 0.00041391 0.00375932 0.00404935 0.00421256 0.00430849 0.00433754 0.00430052 0.00419882 0.00403441 0.00380978 0.00352788 0.00319216 0.00280656 0.00237712 0.00123299 -0.00007911 -0.00020403 -0.00002612 -0.00000685 0.00000006 0.00000064 0.00047473 0.00404038 0.00214622 0.30665401 41.36090 
0.480 0.01155618 4 -10010279.91 -358364.11 71243.35 -1314658.94 -1696925.80 -6711574.41 -768715273.80 -0.00505922 0.00860229 0.01153411 0.00756133 0.00244014 0.00591357 0.00628419 0.00647879 0.00658161 0.00659160 0.00650754 0.00632804 0.00605222 0.00568106 0.00521932 0.00467541 0.00406256 0.00340216 0.00175436 -0.00014835 -0.00035634 -0.00005981 0.00000074 0.00000390 0.00000038 0.00070559 0.00522726 0.00282524 0.53841992 44.11830 
0.510 0.01142275 2 14262929.85 -2996884.38 5094348.48 2157319.53 700526.50 9307619.71 1119450555.88 0.00336899 -0.00765717 -0.00514469 -0.00273384 -0.01142275 -0.01676733 -0.01695138 -0.01695321 -0.01682707 -0.01657246 -0.01618827 -0.01567274 -0.01502366 -0.01423871 -0.01331667 -0.01226002 -0.01107936 -0.00980421 -0.00645777 -0.00173796 0.00034425 0.00028516 -0.00001071 -0.00002691 -0.00000594 -0.00199440 -0.00594727 -0.00384741 -0.72471090 46.87569 
0.540 0.01241134 2 14281234.00 -3046386.64 5313248.90 1892434.53 679068.11 9442869.11 1122264963.87 0.00432059 -0.00840501 -0.00587935 -0.00275031 -0.01241134 -0.01768415 -0.01782490 -0.01778936 -0.01762418 -0.01732910 -0.01690328 -0.01634535 -0.01565351 -0.01482579 -0.01386126 -0.01276246 -0.01153979 -0.01022259 -0.00676847 -0.00186787 0.00034063 0.00030097 -0.00001169 -0.00002829 -0.00000578 -0.00208680 -0.00638354 -0.00410101 -0.77866334 49.63309 
0.570 0.01670140 4 6186355.69 -1491853.64 -740495.91 624488.03 1372845.70 6421371.50 660274943.07 0.01500085 -0.01156501 -0.01670140 -0.01266796 -0.00929936 -0.00874951 -0.00874375 -0.00870345 -0.00863841 -0.00854720 -0.00842760 -0.00827674 -0.00809108 -0.00786644 -0.00759813 -0.00728084 -0.00690918 -0.00647890 -0.00506237 -0.00217838 -0.00014036 0.00018699 -0.00000006 -0.00001837 -0.00000517 -0.00120869 -0.00879848 -0.00476660 -1.00070689 52.39048 
0.600 0.02104341 4 4055369.57 -1395449.67 -1663110.07 -367561.39 1405932.86 6075557.83 552154461.57 0.01938527 -0.01459321 -0.02104341 -0.01662858 -0.01020882 -0.00688729 -0.00671476 -0.00657154 -0.00643137 -0.00629284 -0.00615369 -0.00601099 -0.00586111 -0.00569983 -0.00552244 -0.00532342 -0.00509689 -0.00483797 -0.00397259 -0.00195701 -0.00020336 0.00015641 0.00000114 -0.00001476 -0.00000378 -0.00091791 -0.01062862 -0.00547006 -1.16227071 55.14787 
0.630 0.02529087 4 2714566.97 -1318758.17 -2093109.88 -958945.56 1312159.57 5773221.00 475004145.64 0.02325664 -0.01789149 -0.02529087 -0.01996019 -0.01071786 -0.00563566 -0.00536869 -0.00516440 -0.00497816 -0.00480857 -0.00465340 -0.00450970 -0.00437388 -0.00424184 -0.00410918 -0.00397037 -0.00381914 -0.00365007 -0.00308971 -0.00168346 -0.00024155 0.00012107 0.00000217 -0.00001090 -0.00000258 -0.00071177 -0.01225803 -0.00612438 -1.30646940 57.90527 
