0.001 0.00012157 5 42923.22 -3377.89 -15985.32 -1723.24 7178.52 56831.15 4831351.86 -0.00000023 -0.00005403 -0.00012022 -0.00003337 0.00000501 0.00005467 0.00005863 0.00005456 0.00004891 0.00004231 0.00003508 0.00002777 0.00002087 0.00001470 0.00000934 0.00000472 0.00000086 -0.00000230 -0.00000467 0.00000056 0.00001023 -0.00000002 -0.00001038 -0.00000147 0.00000186 0.00000363 -0.00003503 -0.00001449 -0.00245322 0.09813 
0.030 0.00185206 5 1135545.19 -151325.06 -485645.47 -76105.43 188451.01 1660170.14 137589517.46 -0.00050793 -0.00178158 -0.00100149 -0.00060318 -0.00024129 0.00004189 0.00005747 0.00006308 0.00006588 0.00006609 0.00006317 0.00005652 0.00004739 0.00003724 0.00002717 0.00001790 0.00000993 0.00000341 -0.00000403 -0.00000246 0.00000458 -0.00000215 -0.00000900 -0.00000287 -0.00000028 0.00000501 -0.00064928 -0.00030171 -0.03850664 2.94376 
0.060 0.00344816 5 2031639.88 -264475.33 -965401.28 -208226.47 336944.51 3132798.45 253416554.25 -0.00098123 -0.00337312 -0.00180533 -0.00109686 -0.00044155 -0.00000349 0.00001253 0.00001633 0.00001545 0.00001231 0.00000899 0.00000738 0.00000744 0.00000711 0.00000597 0.00000431 0.00000239 0.00000037 -0.00000228 -0.00000182 0.00000034 -0.00000335 -0.00000644 -0.00000352 -0.00000215 0.00000071 -0.00119874 -0.00056156 -0.07074772 5.88752 
0.090 0.00495003 5 4511465.08 -377182.05 -93197.30 231776.70 381135.10 4368932.63 413208945.03 -0.00193733 -0.00487335 -0.00244266 -0.00162924 -0.00098581 -0.00082035 -0.00080260 -0.00076964 -0.00071933 -0.00065220 -0.00057035 -0.00047753 -0.00037937 -0.00028323 -0.00019726 -0.00012573 -0.00007032 -0.00003055 0.00001233 0.00001498 0.00000046 -0.00000479 -0.00000483 -0.00000341 -0.00000258 -0.00004845 -0.00189997 -0.00091640 -0.11669791 8.83128 
0.120 0.00650129 5 5700280.12 -551755.08 -186320.78 250397.20 486434.43 5701524.36 533617146.07 -0.00255025 -0.00642214 -0.00318089 -0.00212437 -0.00128453 -0.00106581 -0.00104887 -0.00101329 -0.00095833 -0.00088402 -0.00079094 -0.00068141 -0.00056040 -0.00043549 -0.00031585 -0.00021137 -0.00012715 -0.00006410 0.00001017 0.00002261 -0.00000070 -0.00000533 -0.00000195 -0.00000352 -0.00000389 -0.00006797 -0.00248516 -0.00120110 -0.15253774 11.77504 
0.150 0.00801261 5 6797570.74 -718504.20 -284480.07 273775.67 585469.00 6941310.35 645673684.52 -0.00316275 -0.00792773 -0.00390326 -0.00261744 -0.00157393 -0.00132975 -0.00131075 -0.00127093 -0.00121041 -0.00112886 -0.00102635 -0.00090390 -0.00076483 -0.00061578 -0.00046616 -0.00032706 -0.00020952 -0.00011781 -0.00000047 0.00003128 0.00000014 -0.00000504 0.00000111 -0.00000334 -0.00000492 -0.00009008 -0.00306009 -0.00148235 -0.18807492 14.71880 
0.180 0.00957589 5 7690393.96 -894741.43 -431889.62 236909.31 641277.82 8138837.88 746275111.65 -0.00370478 -0.00945502 -0.00467844 -0.00308255 -0.00183718 -0.00153166 -0.00151282 -0.00147264 -0.00141236 -0.00133130 -0.00122879 -0.00110453 -0.00095972 -0.00079852 -0.00062912 -0.00046300 -0.00031334 -0.00019100 -0.00002223 0.00003887 0.00000272 -0.00000386 0.00000419 -0.00000277 -0.00000553 -0.00011065 -0.00362273 -0.00175703 -0.22297443 17.66256 
0.210 0.01158445 5 7852817.60 -1036729.01 -809621.57 -9914.61 489615.75 9219467.04 803818574.58 -0.00337609 -0.01115684 -0.00647422 -0.00345606 -0.00192082 -0.00150770 -0.00148234 -0.00144244 -0.00138851 -0.00131951 -0.00123403 -0.00113058 -0.00100825 -0.00086748 -0.00071154 -0.00054948 -0.00039467 -0.00026014 -0.00005661 0.00003766 0.00000537 -0.00000212 0.00000637 -0.00000205 -0.00000561 -0.00011555 -0.00421872 -0.00203902 -0.26777202 20.60632 
0.240 0.01317812 5 7301633.46 -1154511.44 -1136830.56 -277780.64 418839.48 9451916.63 794403618.73 -0.00268995 -0.01259344 -0.00865577 -0.00360125 -0.00185205 -0.00114617 -0.00109508 -0.00104845 -0.00100057 -0.00095018 -0.00089540 -0.00083396 -0.00076353 -0.00068176 -0.00058628 -0.00047749 -0.00036238 -0.00025293 -0.00007199 0.00002638 0.00000439 -0.00000049 0.00000779 -0.00000124 -0.00000523 -0.00008901 -0.00471596 -0.00225801 -0.30651291 23.55008 
0.270 0.01502589 5 5845637.66 -1356286.83 -1642559.14 -893742.49 418167.79 9320058.32 734530285.64 -0.00150082 -0.01431042 -0.01100288 -0.00358765 -0.00162762 -0.00023722 -0.00013273 -0.00007013 -0.00002982 -0.00001049 -0.00001012 -0.00002615 -0.00005551 -0.00009373 -0.00013142 -0.00015560 -0.00015729 -0.00013979 -0.00007280 -0.00000536 -0.00000132 0.00000171 0.00000785 -0.00000057 -0.00000442 -0.00001336 -0.00511076 -0.00240290 -0.33431776 26.49384 
0.300 0.01704247 5 4118113.90 -1729802.51 -2250129.78 -1423828.58 388845.24 9133029.52 668949183.97 -0.00033510 -0.01622710 -0.01304322 -0.00355983 -0.00138665 0.00100232 0.00118399 0.00127800 0.00132251 0.00131887 0.00126930 0.00117665 0.00104460 0.00087957 0.00069557 0.00051179 0.00034702 0.00021484 0.00003500 -0.00004299 -0.00002121 0.00000111 0.00000823 0.00000012 -0.00000379 0.00010758 -0.00544787 -0.00249668 -0.35026485 29.43760 
0.330 0.01891559 5 2076260.75 -2294531.11 -3014463.11 -1865375.53 352406.59 8898223.91 598255476.39 0.00083995 -0.01804852 -0.01496960 -0.00354265 -0.00109467 0.00253373 0.00280865 0.00294081 0.00298901 0.00295472 0.00284056 0.00264988 0.00238842 0.00206908 0.00171306 0.00134736 0.00099911 0.00069174 0.00019962 -0.00007915 -0.00004729 -0.00000128 0.00000842 0.00000026 -0.00000379 0.00025858 -0.00573270 -0.00254999 -0.35919529 32.38136 
0.360 0.02037830 5 389086.93 -2943745.84 -3667582.67 -2118773.53 317070.37 8802118.59 552831644.42 0.00147716 -0.01945900 -0.01624172 -0.00349879 -0.00089345 0.00388998 0.00425098 0.00441585 0.00446299 0.00439455 0.00421570 0.00393193 0.00355429 0.00310179 0.00260051 0.00208187 0.00157871 0.00112175 0.00035166 -0.00010795 -0.00007064 -0.00000380 0.00000898 0.00000029 -0.00000405 0.00039168 -0.00593938 -0.00257617 -0.36006945 35.32512 
0.390 0.02114402 5 -1129923.07 -3640713.35 -4236862.20 -2302791.98 396038.85 8654405.60 517294393.35 0.00185682 -0.02019303 -0.01703322 -0.00346230 -0.00073997 0.00502204 0.00544838 0.00563021 0.00566260 0.00555016 0.00530203 0.00492954 0.00444984 0.00388701 0.00327093 0.00263595 0.00201801 0.00145253 0.00047653 -0.00012706 -0.00008808 -0.00000611 0.00000917 0.00000011 -0.00000439 0.00049724 -0.00604077 -0.00256763 -0.35673856 38.26888 
0.420 0.02160286 5 -2698291.75 -4166691.79 -4886589.69 -2625961.32 551506.80 8429444.25 471026870.23 0.00218786 -0.02062704 -0.01766484 -0.00342054 -0.00056054 0.00609826 0.00658135 0.00677597 0.00679296 0.00663956 0.00632831 0.00587574 0.00530405 0.00464149 0.00392129 0.00318055 0.00245778 0.00179118 0.00061169 -0.00015481 -0.00011334 -0.00000938 0.00000926 0.00000013 -0.00000450 0.00059796 -0.00608028 -0.00253264 -0.35008692 41.21264 
0.450 0.02233172 5 -3839764.72 -4405192.88 -5343091.53 -2971064.03 581181.78 8298401.93 429149845.13 0.00253054 -0.02132656 -0.01833410 -0.00336411 -0.00042035 0.00691709 0.00745014 0.00766363 0.00768028 0.00750852 0.00716253 0.00666144 0.00603005 0.00529904 0.00450372 0.00368307 0.00287737 0.00212665 0.00076225 -0.00017055 -0.00013842 -0.00001362 0.00000944 0.00000045 -0.00000438 0.00068326 -0.00616331 -0.00252625 -0.34699042 44.15640 
0.480 0.02378939 5 -4654839.79 -4524669.46 -5635725.34 -3318430.62 479260.45 8344725.17 398300883.10 0.00292092 -0.02268595 -0.01926844 -0.00332405 -0.00033031 0.00754721 0.00812542 0.00836023 0.00838444 0.00820703 0.00784306 0.00731292 0.00664288 0.00586501 0.00501597 0.00413597 0.00326659 0.00244936 0.00092799 -0.00016936 -0.00016197 -0.00001904 0.00000999 0.00000115 -0.00000411 0.00075629 -0.00637671 -0.00258749 -0.35227967 47.10016 
0.510 0.02454922 5 -5643938.55 -4723117.25 -6008184.80 -3562199.38 385336.79 8264226.10 359951315.64 0.00334906 -0.02341437 -0.01988301 -0.00327749 -0.00021425 0.00824423 0.00886690 0.00912054 0.00914928 0.00896296 0.00857750 0.00801456 0.00730188 0.00647302 0.00556606 0.00462261 0.00368566 0.00279809 0.00110641 -0.00017142 -0.00019031 -0.00002534 0.00001049 0.00000186 -0.00000386 0.00083498 -0.00645273 -0.00258133 -0.34994775 50.04392 
0.540 0.02533625 5 -6565878.17 -4839167.32 -6410746.44 -3784895.45 285683.00 8183248.05 321475956.88 0.00379815 -0.02414430 -0.02051894 -0.00324736 -0.00009751 0.00891764 0.00958424 0.00985895 0.00989551 0.00970415 0.00930146 0.00871007 0.00795887 0.00708273 0.00612100 0.00511660 0.00411385 0.00315697 0.00129269 -0.00017316 -0.00022330 -0.00003337 0.00001124 0.00000283 -0.00000353 0.00091313 -0.00653488 -0.00257832 -0.34842766 52.98768 
0.570 0.02591073 5 -7393592.01 -4925702.85 -6775139.61 -3965780.05 179538.60 8093491.89 285211599.12 0.00420293 -0.02465790 -0.02099779 -0.00320956 -0.00000812 0.00951823 0.01022741 0.01052432 0.01057155 0.01037959 0.00996545 0.00935243 0.00857023 0.00765465 0.00664608 0.00558846 0.00452722 0.00350767 0.00148039 -0.00017159 -0.00025678 -0.00004196 0.00001204 0.00000385 -0.00000320 0.00098603 -0.00657936 -0.00256045 -0.34525107 55.93144 
0.600 0.02510019 5 -8232725.46 -5178312.95 -6965013.60 -3947562.42 -56963.33 7915126.84 247574952.31 0.00443850 -0.02389751 -0.02031321 -0.00303497 -0.00002428 0.00999097 0.01074322 0.01106488 0.01112733 0.01094115 0.01052357 0.00989823 0.00909530 0.00815120 0.00710699 0.00600740 0.00489869 0.00382704 0.00165780 -0.00016573 -0.00028738 -0.00005066 0.00001254 0.00000470 -0.00000292 0.00104871 -0.00629588 -0.00239426 -0.32161002 58.87520 
0.630 0.02587962 5 -9404964.52 -4824039.84 -7975227.12 -4239410.24 103115.62 7530597.07 179907516.91 0.00525749 -0.02458321 -0.02155958 -0.00309538 0.00029324 0.01085436 0.01164126 0.01197534 0.01203787 0.01183971 0.01139860 0.01073890 0.00989175 0.00889471 0.00779015 0.00662425 0.00544491 0.00430001 0.00194636 -0.00011561 -0.00031803 -0.00006426 0.00001287 0.00000607 -0.00000240 0.00114953 -0.00640798 -0.00239325 -0.32504721 61.81896 
