0.001 0.00010794 4 30049.64 -5210.92 -5864.77 1747.56 4740.43 34637.34 3232537.56 0.00000580 -0.00003023 -0.00010794 -0.00002629 0.00000717 0.00005458 0.00005853 0.00005444 0.00004879 0.00004219 0.00003498 0.00002768 0.00002081 0.00001466 0.00000931 0.00000471 0.00000085 -0.00000230 -0.00000467 0.00000057 0.00001025 -0.00000001 -0.00001039 -0.00000147 0.00000187 0.00000363 -0.00002725 -0.00001085 -0.00200561 0.05655 
0.030 0.00119193 5 758011.15 -191867.31 -225675.95 6245.03 120774.91 1048534.48 92224665.14 -0.00033580 -0.00112291 -0.00066163 -0.00040207 -0.00017409 0.00004221 0.00005708 0.00006197 0.00006383 0.00006284 0.00005888 0.00005187 0.00004297 0.00003341 0.00002409 0.00001560 0.00000830 0.00000233 -0.00000425 -0.00000197 0.00000561 -0.00000181 -0.00000935 -0.00000269 0.00000007 0.00000480 -0.00042951 -0.00019879 -0.02578590 1.69660 
0.060 0.00230190 5 -2123901.66 176472.45 207863.04 -83282.17 -256240.85 -2168714.14 -203275480.04 0.00071044 0.00230190 0.00105714 0.00077433 0.00044921 0.00042962 0.00043007 0.00041206 0.00038307 0.00034453 0.00029904 0.00024993 0.00019998 0.00015117 0.00010657 0.00006840 0.00003782 0.00001480 -0.00001006 -0.00000806 0.00000583 -0.00000107 -0.00000974 -0.00000320 -0.00000080 0.00002586 0.00084865 0.00041157 0.05328611 3.39320 
0.090 0.00344882 5 -3178707.40 266620.61 321977.04 -134676.46 -386921.11 -3245707.48 -304658679.94 0.00106057 0.00344882 0.00162935 0.00117075 0.00066818 0.00063316 0.00063329 0.00060906 0.00056926 0.00051581 0.00045170 0.00038108 0.00030888 0.00023997 0.00017607 0.00011934 0.00007230 0.00003583 -0.00000751 -0.00001222 0.00000478 -0.00000072 -0.00000945 -0.00000318 -0.00000101 0.00003947 0.00128121 0.00062157 0.08086561 5.08980 
0.120 0.00467600 5 -4317143.73 341790.15 409800.45 -174405.84 -516633.82 -4377694.67 -410940116.56 0.00143616 0.00467600 0.00223362 0.00158386 0.00090704 0.00088953 0.00089110 0.00086075 0.00080899 0.00073776 0.00065074 0.00055292 0.00045117 0.00035296 0.00026460 0.00018764 0.00012197 0.00006911 0.00000049 -0.00001653 0.00000347 -0.00000039 -0.00000939 -0.00000306 -0.00000098 0.00005738 0.00174203 0.00084710 0.11052588 6.78640 
0.150 0.00600719 5 -5471668.39 395319.17 475078.64 -132633.09 -615334.30 -5594098.81 -518719232.60 0.00184804 0.00600719 0.00286464 0.00197361 0.00114091 0.00128035 0.00129772 0.00127292 0.00122044 0.00114121 0.00103777 0.00091341 0.00077409 0.00062892 0.00048812 0.00036067 0.00025161 0.00016045 0.00002781 -0.00002589 -0.00000089 -0.00000028 -0.00000947 -0.00000286 -0.00000077 0.00009281 0.00221731 0.00108873 0.14208084 8.48299 
0.180 0.00708523 5 -6779015.25 361808.56 398399.04 -216516.23 -732101.77 -6590604.84 -619959513.82 0.00216625 0.00708523 0.00337383 0.00230690 0.00137050 0.00204052 0.00210202 0.00209938 0.00205680 0.00197468 0.00185432 0.00169724 0.00150782 0.00129428 0.00106845 0.00084470 0.00063678 0.00045397 0.00014583 -0.00003870 -0.00001595 -0.00000218 -0.00000936 -0.00000239 -0.00000041 0.00017431 0.00262535 0.00132330 0.17542105 10.17959 
0.210 0.00777412 5 -8210361.06 269574.83 160448.59 -477252.84 -909526.99 -7253604.66 -711149147.89 0.00230330 0.00777412 0.00373636 0.00259223 0.00160708 0.00301233 0.00312668 0.00314670 0.00310863 0.00301329 0.00286201 0.00265658 0.00240095 0.00210556 0.00178609 0.00146054 0.00114588 0.00085828 0.00034062 -0.00003445 -0.00003579 -0.00000676 -0.00000918 -0.00000161 0.00000014 0.00027897 0.00294087 0.00152681 0.20793125 11.87619 
0.240 0.00869397 5 4695953.99 -977300.86 -1506891.67 -855977.07 425655.69 7610467.91 594276528.67 -0.00287208 -0.00858943 -0.00425152 -0.00246965 -0.00116746 0.00002711 0.00007973 0.00010371 0.00011017 0.00010057 0.00007711 0.00004262 0.00000048 -0.00004522 -0.00008817 -0.00011788 -0.00012740 -0.00011557 -0.00005112 0.00000409 -0.00000227 -0.00000148 0.00000505 -0.00000217 -0.00000506 -0.00000227 -0.00296264 -0.00139002 -0.16814479 13.57279 
0.270 0.00969804 5 7239782.96 -133244.06 -557495.30 -478171.26 959255.75 7449437.83 669173668.18 -0.00050857 -0.00919230 -0.00775817 -0.00271879 -0.00136623 -0.00283879 -0.00294992 -0.00299601 -0.00300422 -0.00297315 -0.00290079 -0.00278475 -0.00262260 -0.00241250 -0.00215452 -0.00185270 -0.00151674 -0.00116603 -0.00041736 0.00012959 0.00006996 0.00000349 0.00000606 -0.00000040 -0.00000300 -0.00029391 -0.00362168 -0.00185389 -0.28048868 15.26939 
0.300 0.01107190 5 6428109.13 -268198.68 -1027923.80 -909937.59 915187.87 7718981.32 651778464.58 0.00011620 -0.01047039 -0.00981379 -0.00284988 -0.00117802 -0.00217205 -0.00224580 -0.00227951 -0.00229160 -0.00228062 -0.00224440 -0.00218028 -0.00208523 -0.00195637 -0.00179142 -0.00158912 -0.00135014 -0.00108273 -0.00043421 0.00011651 0.00007623 0.00000573 0.00000556 -0.00000055 -0.00000285 -0.00023693 -0.00403928 -0.00201938 -0.30946908 16.96599 
0.330 0.01197156 5 5954778.77 -354325.94 -1330731.44 -1109959.15 899345.29 7850450.02 641962616.32 0.00049455 -0.01131207 -0.01085101 -0.00294451 -0.00101575 -0.00179018 -0.00184732 -0.00187676 -0.00189328 -0.00189539 -0.00188084 -0.00184684 -0.00179021 -0.00170771 -0.00159627 -0.00145294 -0.00127484 -0.00106335 -0.00048065 0.00010282 0.00008926 0.00000978 0.00000492 -0.00000079 -0.00000259 -0.00020705 -0.00424394 -0.00209945 -0.32262486 18.66259 
0.360 0.01271171 5 5506013.35 -487083.32 -1543559.96 -1155952.68 766147.96 7926461.36 629786538.05 0.00089972 -0.01199412 -0.01155541 -0.00328692 -0.00090838 -0.00131651 -0.00135743 -0.00138320 -0.00140468 -0.00142037 -0.00142799 -0.00142468 -0.00140722 -0.00137231 -0.00131654 -0.00123603 -0.00112587 -0.00098243 -0.00051052 0.00006594 0.00009749 0.00001592 0.00000437 -0.00000119 -0.00000242 -0.00016770 -0.00443838 -0.00216970 -0.33542379 20.35919 
0.390 0.01383773 5 5460449.39 -544128.14 -1532870.94 -1092162.76 485393.47 8144217.77 632100524.33 0.00101304 -0.01304285 -0.01220466 -0.00354459 -0.00074751 -0.00103483 -0.00107933 -0.00111178 -0.00114298 -0.00117140 -0.00119476 -0.00121015 -0.00121438 -0.00120441 -0.00117739 -0.00112917 -0.00105334 -0.00094395 -0.00052732 0.00005921 0.00011529 0.00002171 0.00000409 -0.00000158 -0.00000243 -0.00014617 -0.00465610 -0.00226032 -0.34598549 22.05579 
0.420 0.01446983 5 -4044234.97 355261.30 2304369.00 1926517.90 -708429.76 -7921953.42 -561375098.38 -0.00237942 0.01446983 0.01253553 0.00215552 0.00162962 0.00205535 0.00201722 0.00197939 0.00194981 0.00192733 0.00190995 0.00189498 0.00187877 0.00185631 0.00182158 0.00176967 0.00169873 0.00160870 0.00126774 0.00049205 -0.00000410 -0.00004922 -0.00000455 0.00000146 -0.00000124 0.00028288 0.00464477 0.00232763 0.36250994 23.75238 
0.450 0.01597275 5 -3807589.65 331292.47 2237363.21 2114629.64 -471393.90 -8019481.06 -545008713.21 -0.00310658 0.01597275 0.01351847 0.00205256 0.00181457 0.00223476 0.00218291 0.00213475 0.00209501 0.00206256 0.00203546 0.00201106 0.00198579 0.00195458 0.00191110 0.00185001 0.00176950 0.00167050 0.00131394 0.00051509 -0.00000076 -0.00005018 -0.00000429 0.00000152 -0.00000135 0.00029876 0.00492676 0.00246825 0.38597554 25.44898 
0.480 0.01488498 5 5518870.91 -565859.26 -1168179.46 -1043735.10 297260.04 7999384.68 619887186.97 0.00238634 -0.01398786 -0.01339286 -0.00359623 -0.00096114 -0.00194884 -0.00202987 -0.00208469 -0.00213060 -0.00216613 -0.00218903 -0.00219643 -0.00218525 -0.00215313 -0.00209877 -0.00201952 -0.00190814 -0.00175479 -0.00115467 -0.00015265 0.00014007 0.00004541 0.00000255 -0.00000346 -0.00000228 -0.00028657 -0.00491102 -0.00245441 -0.39174121 27.14558 
0.510 0.01522794 5 5750350.78 -685714.05 -984183.98 -839345.36 365909.54 7893684.64 631927347.36 0.00294149 -0.01437976 -0.01396168 -0.00383235 -0.00129466 -0.00242966 -0.00251243 -0.00256547 -0.00260610 -0.00263284 -0.00264344 -0.00263507 -0.00260469 -0.00255031 -0.00247168 -0.00236737 -0.00223008 -0.00204802 -0.00135443 -0.00020330 0.00014818 0.00004980 0.00000222 -0.00000411 -0.00000258 -0.00034392 -0.00516651 -0.00260463 -0.42406521 28.84218 
0.540 0.01409916 5 5845934.05 -710397.20 -1008213.15 -620015.39 651190.79 7533369.01 632027159.54 0.00405087 -0.01324334 -0.01384532 -0.00433839 -0.00210224 -0.00330029 -0.00337304 -0.00341164 -0.00343210 -0.00343295 -0.00341199 -0.00336642 -0.00329346 -0.00319199 -0.00306402 -0.00291094 -0.00272532 -0.00249370 -0.00164896 -0.00027071 0.00016529 0.00005957 0.00000123 -0.00000471 -0.00000213 -0.00043698 -0.00530133 -0.00271727 -0.46767299 30.53878 
0.570 0.01228024 4 6760148.24 -1004524.43 -683680.26 6603.50 1466195.89 6975553.52 684756928.95 0.00472007 -0.00984133 -0.01228024 -0.00515608 -0.00310489 -0.00470181 -0.00480548 -0.00485009 -0.00486133 -0.00483784 -0.00477753 -0.00467780 -0.00453616 -0.00435262 -0.00413166 -0.00387646 -0.00357982 -0.00322958 -0.00207978 -0.00033299 0.00020115 0.00007169 0.00000021 -0.00000578 -0.00000209 -0.00059428 -0.00514058 -0.00272548 -0.50427052 32.23538 
0.600 0.01022938 5 643798.34 3009853.48 3546133.09 2409109.39 38872.96 -8360170.59 -477505810.55 0.00415977 0.01022938 0.00479043 0.00299173 0.00088080 -0.00459153 -0.00492241 -0.00505003 -0.00502914 -0.00486746 -0.00457767 -0.00417497 -0.00367957 -0.00311742 -0.00251921 -0.00191893 -0.00135048 -0.00084550 -0.00006051 0.00024370 0.00007332 -0.00000995 -0.00001272 -0.00000371 -0.00000158 -0.00039862 0.00332811 0.00134838 0.13195543 33.93198 
0.630 0.01035904 5 270846.39 2680271.57 3559770.56 2622417.27 -1409.15 -8590203.85 -489126854.79 0.00395934 0.01035904 0.00485449 0.00310581 0.00105154 -0.00437674 -0.00471572 -0.00485978 -0.00486237 -0.00472969 -0.00447273 -0.00410401 -0.00364117 -0.00310814 -0.00253403 -0.00195159 -0.00139380 -0.00089257 -0.00009496 0.00023262 0.00007164 -0.00000950 -0.00001253 -0.00000383 -0.00000174 -0.00039283 0.00341402 0.00139173 0.14161078 35.62858 
0.660 0.01052986 5 -188066.18 2226883.06 3682614.74 2748109.02 -23721.93 -8821951.06 -501083186.95 0.00381460 0.01052986 0.00493757 0.00321414 0.00118422 -0.00413429 -0.00447482 -0.00463400 -0.00466206 -0.00456240 -0.00434353 -0.00401458 -0.00358993 -0.00309107 -0.00254555 -0.00198450 -0.00143967 -0.00094306 -0.00012962 0.00022488 0.00007115 -0.00000909 -0.00001233 -0.00000393 -0.00000189 -0.00038499 0.00350136 0.00143684 0.15063793 37.32518 
0.690 0.01070189 5 -916669.29 1637026.67 3679671.24 2500564.83 234690.63 -8968622.67 -509421144.47 0.00372950 0.01070189 0.00506396 0.00329545 0.00132540 -0.00360887 -0.00393661 -0.00410763 -0.00416565 -0.00411218 -0.00395158 -0.00368844 -0.00333171 -0.00289824 -0.00241240 -0.00190236 -0.00139734 -0.00092861 -0.00013766 0.00021489 0.00006662 -0.00000922 -0.00001205 -0.00000396 -0.00000201 -0.00035238 0.00360667 0.00150353 0.16318690 39.02178 
0.720 0.01124983 2 14322796.61 592409.48 3506073.96 2842540.12 1269607.73 6112165.32 877633640.50 0.00582310 0.00006131 0.00020546 -0.00452090 -0.01124983 -0.01598771 -0.01604779 -0.01586345 -0.01548106 -0.01490931 -0.01416134 -0.01325682 -0.01222031 -0.01109090 -0.00991739 -0.00873617 -0.00756674 -0.00641903 -0.00376301 -0.00063741 0.00025015 0.00010186 -0.00000100 -0.00000869 -0.00000259 -0.00157313 -0.00422044 -0.00281413 -0.61344226 40.71837 
0.750 0.01198672 2 10496241.94 -1884381.48 4462706.72 2621407.45 1070679.76 4225829.51 714112540.66 0.00726408 0.00320215 0.00188697 -0.00543461 -0.01198672 -0.01469117 -0.01465236 -0.01446136 -0.01413318 -0.01366855 -0.01306940 -0.01233950 -0.01148949 -0.01054783 -0.00955364 -0.00853449 -0.00750577 -0.00647865 -0.00399455 -0.00085127 0.00018846 0.00010363 -0.00000286 -0.00001014 -0.00000285 -0.00150303 -0.00385007 -0.00260327 -0.61364712 42.41497 
0.780 0.01318378 2 11059142.67 -1574618.18 3891467.24 3026230.91 1282738.08 4433324.62 751506909.47 0.00818549 0.00405562 0.00241473 -0.00667411 -0.01318378 -0.01539692 -0.01531049 -0.01507058 -0.01468481 -0.01415489 -0.01348470 -0.01268022 -0.01175591 -0.01074446 -0.00968486 -0.00860577 -0.00752364 -0.00645238 -0.00390716 -0.00079427 0.00018949 0.00010301 -0.00000240 -0.00000989 -0.00000279 -0.00153350 -0.00424753 -0.00280577 -0.67021817 44.11157 
0.810 0.01357449 2 11008350.67 -1310472.78 3105695.93 3537798.23 1451337.00 4223992.29 748753978.77 0.01003784 0.00544751 0.00191187 -0.00986775 -0.01357449 -0.01492483 -0.01486405 -0.01464813 -0.01428802 -0.01378509 -0.01314270 -0.01236636 -0.01147016 -0.01048403 -0.00944557 -0.00838349 -0.00731762 -0.00625456 -0.00372778 -0.00073269 0.00017229 0.00009497 -0.00000163 -0.00000902 -0.00000269 -0.00148909 -0.00488680 -0.00308186 -0.75581401 45.80817 
0.840 0.01347000 2 11058813.22 1627515.09 5993910.37 1204795.00 215899.04 2016693.72 440552046.24 0.01084109 0.00865094 0.00474138 -0.00851512 -0.01347000 -0.01671078 -0.01672727 -0.01649980 -0.01606785 -0.01544040 -0.01463179 -0.01366207 -0.01256049 -0.01136569 -0.01011983 -0.00885642 -0.00760022 -0.00637377 -0.00360763 -0.00061774 0.00019340 0.00009116 -0.00000256 -0.00000895 -0.00000302 -0.00160986 -0.00359342 -0.00253971 -0.68558372 47.50477 
0.870 0.01425593 3 6220210.12 -834447.64 -676982.45 4972998.46 2015609.92 743031.82 448663100.18 0.01203995 0.00964598 0.00263324 -0.01405091 -0.01043098 -0.00918667 -0.00919533 -0.00910983 -0.00894230 -0.00869416 -0.00836803 -0.00796862 -0.00750410 -0.00698838 -0.00643702 -0.00585300 -0.00522808 -0.00456197 -0.00280520 -0.00063535 0.00003754 0.00004807 0.00000217 -0.00000467 -0.00000256 -0.00099392 -0.00401731 -0.00241122 -0.68132644 49.20137 
0.900 0.01513151 2 -13180397.19 -990435.08 -5270551.79 -2484915.23 -706516.20 -3727978.89 -667633640.33 -0.00852373 -0.00559163 -0.00465705 0.00605516 0.01507731 0.01886739 0.01865981 0.01824307 0.01762648 0.01681796 0.01583004 0.01467775 0.01337812 0.01195626 0.01047016 0.00894466 0.00742661 0.00596851 0.00292736 0.00001580 -0.00045326 -0.00012284 0.00000546 0.00001062 0.00000194 0.00164623 0.00412884 0.00281002 0.68893558 50.89797 
0.930 0.01661207 2 -13582707.41 -853238.12 -4744040.50 -2644409.17 -930193.32 -4410826.30 -734566107.02 -0.00979091 -0.00589608 -0.00442822 0.00765812 0.01653313 0.01965926 0.01940149 0.01894453 0.01828916 0.01744158 0.01641135 0.01520910 0.01386506 0.01240175 0.01084387 0.00924329 0.00766107 0.00615296 0.00302858 0.00003776 -0.00045998 -0.00012751 0.00000516 0.00001085 0.00000194 0.00170757 0.00485999 0.00318535 0.77855454 52.59457 
0.960 0.01838990 2 -13688822.93 -253986.93 -3966289.78 -3046031.11 -1170098.33 -5252416.78 -820626200.29 -0.01164886 -0.00625502 -0.00380004 0.01006319 0.01826478 0.02026903 0.01995428 0.01946351 0.01878618 0.01792590 0.01688715 0.01567954 0.01432395 0.01282091 0.01120279 0.00953503 0.00789547 0.00634719 0.00316319 0.00008112 -0.00046707 -0.00013482 0.00000493 0.00001137 0.00000201 0.00176212 0.00587403 0.00368969 0.90032313 54.29117 
0.990 0.01949085 2 -13510200.34 677487.49 -3604518.65 -3480550.20 -908957.39 -6193661.58 -893425694.22 -0.01366760 -0.00597026 -0.00125755 0.01363547 0.01932600 0.01994382 0.01962304 0.01915441 0.01852269 0.01773040 0.01678124 0.01567534 0.01440553 0.01296755 0.01138828 0.00973805 0.00810445 0.00656274 0.00338291 0.00020618 -0.00044712 -0.00014159 0.00000417 0.00001155 0.00000178 0.00177442 0.00736996 0.00439748 1.05804510 55.98776 
1.020 0.02052367 2 -13213323.42 1236326.06 -3833042.84 -2677121.57 -1195957.60 -6743527.46 -925104074.96 -0.01753500 -0.00372807 0.00423987 0.01695904 0.02031889 0.01999178 0.01964602 0.01917257 0.01854981 0.01777975 0.01686464 0.01580153 0.01457650 0.01317505 0.01161888 0.00997884 0.00834498 0.00680101 0.00361211 0.00033658 -0.00042627 -0.00014858 0.00000417 0.00001212 0.00000168 0.00180501 0.00934200 0.00533817 1.26622391 57.68436 
1.050 0.02105515 2 -12777680.36 1453940.31 -4025039.22 -2359385.81 -929320.86 -6917874.79 -909847445.34 -0.02039281 -0.00004211 0.00777694 0.01880661 0.02083984 0.01985405 0.01947737 0.01898483 0.01834925 0.01757270 0.01665751 0.01560182 0.01439618 0.01302940 0.01151830 0.00992428 0.00832937 0.00681004 0.00363007 0.00033680 -0.00043642 -0.00015242 0.00000499 0.00001276 0.00000185 0.00178910 0.01065093 0.00594332 1.38653338 59.38096 
1.080 0.02254993 2 -12309519.78 1628566.21 -4252901.21 -2069477.63 -824710.50 -6790996.65 -882822574.36 -0.02252078 -0.00053998 0.00797196 0.01998519 0.02231892 0.02067589 0.02022891 0.01968091 0.01899325 0.01816812 0.01720742 0.01610690 0.01485590 0.01344122 0.01188268 0.01024383 0.00860601 0.00704516 0.00377254 0.00035898 -0.00046231 -0.00016430 0.00000668 0.00001424 0.00000209 0.00185051 0.01115594 0.00621268 1.46703125 61.07756 
1.110 0.02429029 2 -12006789.47 1809134.56 -4409788.23 -1974107.59 -751748.49 -6680279.72 -867532666.27 -0.02332637 -0.00333786 0.00596710 0.02033418 0.02402973 0.02187372 0.02134491 0.02073127 0.01998042 0.01909463 0.01807413 0.01690991 0.01558365 0.01407809 0.01242233 0.01068905 0.00896423 0.00732837 0.00392525 0.00035671 -0.00051257 -0.00018422 0.00000909 0.00001643 0.00000231 0.00193864 0.01105011 0.00620988 1.49831945 62.77416 
1.140 0.02658827 2 -11940785.24 1916631.16 -4604344.04 -1936341.65 -818146.68 -6498584.03 -860411122.23 -0.02399337 -0.00678373 0.00332308 0.02010703 0.02629661 0.02388584 0.02325399 0.02255194 0.02171036 0.02073120 0.01960957 0.01832524 0.01684182 0.01514908 0.01329666 0.01137296 0.00948257 0.00771084 0.00410282 0.00034356 -0.00057349 -0.00020789 0.00001169 0.00001887 0.00000250 0.00208595 0.01082648 0.00618330 1.52867767 64.47076 
1.170 0.02859209 2 -11901224.81 1926339.47 -4742284.66 -1941674.35 -981617.65 -6161987.63 -847558852.06 -0.02419289 -0.01008264 0.00044827 0.01906088 0.02826971 0.02610221 0.02539265 0.02462053 0.02370403 0.02264320 0.02142232 0.02000220 0.01833364 0.01641129 0.01429126 0.01210326 0.01000472 0.00808846 0.00427752 0.00032795 -0.00064582 -0.00023714 0.00001471 0.00002173 0.00000258 0.00225327 0.01033805 0.00604323 1.53062133 66.16736 
1.200 0.03018168 2 -11680132.58 1979191.93 -4886098.43 -1965088.70 -977533.77 -5830603.61 -824230680.58 -0.02441937 -0.01237130 -0.00203799 0.01813957 0.02983691 0.02793204 0.02717242 0.02635636 0.02539374 0.02428306 0.02300212 0.02148322 0.01967840 0.01757809 0.01525471 0.01286362 0.01058093 0.00853244 0.00452216 0.00035850 -0.00070158 -0.00026522 0.00001752 0.00002469 0.00000289 0.00240810 0.00990839 0.00592406 1.52873805 67.86396 
