0.001 0.00011063 4 54581.32 65.78 2831.90 5383.26 5868.80 40431.59 4282321.05 0.00000421 -0.00003577 -0.00011063 -0.00002914 0.00000344 0.00004683 0.00005088 0.00004727 0.00004231 0.00003655 0.00003027 0.00002392 0.00001795 0.00001260 0.00000792 0.00000386 0.00000040 -0.00000248 -0.00000460 0.00000053 0.00000996 -0.00000022 -0.00001046 -0.00000159 0.00000176 0.00000318 -0.00003052 -0.00001261 -0.00228304 0.11465 
0.030 0.00122435 5 1555567.19 1354.15 93417.51 161910.45 171929.09 1126956.00 121030585.96 -0.00029735 -0.00115514 -0.00068292 -0.00046017 -0.00028413 -0.00031949 -0.00031126 -0.00029520 -0.00026861 -0.00023412 -0.00019470 -0.00015401 -0.00011530 -0.00008099 -0.00005250 -0.00003041 -0.00001458 -0.00000434 0.00000500 0.00000449 0.00000177 -0.00000308 -0.00000600 -0.00000320 -0.00000217 -0.00001673 -0.00048800 -0.00023765 -0.03345862 3.43947 
0.060 0.00229584 5 3073470.33 7681.80 230690.06 339872.55 329852.57 2165373.36 235621319.41 -0.00060077 -0.00222414 -0.00122403 -0.00087187 -0.00057215 -0.00076459 -0.00076096 -0.00073173 -0.00067773 -0.00060267 -0.00051225 -0.00041428 -0.00031751 -0.00022889 -0.00015300 -0.00009211 -0.00004664 -0.00001535 0.00001533 0.00001299 -0.00000018 -0.00000410 -0.00000373 -0.00000315 -0.00000303 -0.00004339 -0.00093178 -0.00045985 -0.06452478 6.87894 
0.090 0.00331877 5 4584262.70 16834.21 356497.72 542486.35 503246.28 3165198.15 348940094.58 -0.00086712 -0.00324404 -0.00175015 -0.00128389 -0.00085975 -0.00125343 -0.00126030 -0.00122286 -0.00114669 -0.00103636 -0.00089928 -0.00074557 -0.00058702 -0.00043547 -0.00030116 -0.00018992 -0.00010407 -0.00004264 0.00002281 0.00002458 -0.00000135 -0.00000476 -0.00000045 -0.00000272 -0.00000382 -0.00007607 -0.00136428 -0.00067995 -0.09600139 10.31840 
0.120 0.00444977 5 6178960.91 41088.96 486926.88 718275.26 676053.81 4256616.00 468876772.12 -0.00115845 -0.00437335 -0.00231818 -0.00171044 -0.00116169 -0.00184916 -0.00187775 -0.00184065 -0.00174997 -0.00161029 -0.00142977 -0.00121958 -0.00099401 -0.00076884 -0.00055865 -0.00037646 -0.00022886 -0.00011748 0.00001598 0.00004133 0.00000082 -0.00000497 0.00000270 -0.00000207 -0.00000426 -0.00012237 -0.00182828 -0.00092206 -0.13060812 13.75787 
0.150 0.00571856 5 -7580057.45 331187.41 -714377.73 -1143564.53 -810582.38 -5242720.23 -592469273.67 0.00196385 0.00571856 0.00282604 0.00232917 0.00167331 0.00227383 0.00227692 0.00219741 0.00205489 0.00185575 0.00161079 0.00133413 0.00104452 0.00076349 0.00050980 0.00029842 0.00013907 0.00002866 -0.00007362 -0.00004901 0.00000612 0.00000206 -0.00001281 -0.00000413 -0.00000081 0.00013279 0.00247348 0.00123005 0.17043156 17.19734 
0.180 0.00707763 5 -8913974.11 377629.80 -631690.34 -1273329.20 -975629.30 -6410955.06 -709369141.11 0.00244649 0.00707763 0.00351309 0.00283410 0.00198161 0.00279218 0.00281411 0.00273996 0.00259409 0.00238235 0.00211477 0.00180439 0.00146921 0.00113195 0.00081493 0.00053686 0.00031179 0.00014368 -0.00004720 -0.00006581 -0.00000027 0.00000216 -0.00001298 -0.00000421 -0.00000088 0.00017894 0.00302569 0.00151343 0.20907204 20.63681 
0.210 0.00849047 5 -10231830.29 295525.25 -486834.13 -1419381.05 -1071145.51 -7549994.86 -817937238.32 0.00289256 0.00849047 0.00426690 0.00332131 0.00226616 0.00337513 0.00342173 0.00335603 0.00320831 0.00298414 0.00269325 0.00234814 0.00196634 0.00157076 0.00118623 0.00083546 0.00053770 0.00030444 0.00000308 -0.00008154 -0.00000925 0.00000165 -0.00001285 -0.00000417 -0.00000092 0.00023380 0.00358117 0.00180297 0.24890561 24.07627 
0.240 0.01022211 5 -10607488.31 78736.57 -211341.47 -1237909.00 -915570.71 -8321403.69 -855711824.41 0.00242156 0.01022211 0.00631328 0.00348226 0.00228860 0.00386011 0.00393218 0.00388507 0.00375349 0.00354064 0.00325308 0.00289972 0.00249477 0.00205896 0.00161802 0.00119896 0.00082670 0.00051856 0.00008079 -0.00009637 -0.00002208 0.00000030 -0.00001181 -0.00000396 -0.00000111 0.00028969 0.00415219 0.00210034 0.29813214 27.51574 
0.270 0.01303509 5 -10714635.53 -371872.29 -548946.22 -511681.72 -871496.37 -8410638.93 -833083163.76 0.00050437 0.01303509 0.01076113 0.00336892 0.00212894 0.00470957 0.00482068 0.00479584 0.00467756 0.00446809 0.00417215 0.00379606 0.00335110 0.00285574 0.00233490 0.00181833 0.00133646 0.00091456 0.00024310 -0.00011202 -0.00004278 -0.00000124 -0.00000931 -0.00000232 -0.00000029 0.00038531 0.00501546 0.00255582 0.38581122 30.95521 
0.300 0.01591455 5 -9475699.95 34897.99 -10418.99 -597105.47 -1090073.03 -7813000.46 -784354491.86 -0.00176767 0.01591455 0.01400327 0.00331167 0.00188267 0.00442062 0.00451926 0.00450362 0.00441147 0.00424393 0.00400286 0.00369083 0.00331265 0.00287817 0.00240485 0.00191803 0.00144714 0.00102081 0.00030667 -0.00010825 -0.00005012 -0.00000264 -0.00000782 -0.00000142 0.00000010 0.00037798 0.00555615 0.00280538 0.43697068 34.39468 
0.330 0.01716701 5 -7563438.82 -801047.47 396911.30 1342624.94 -765306.97 -7736620.61 -640984569.23 -0.00361126 0.01716701 0.01534337 0.00255392 0.00133307 0.00428535 0.00442027 0.00444552 0.00439800 0.00427853 0.00408838 0.00382925 0.00350360 0.00311589 0.00267622 0.00220390 0.00172567 0.00127349 0.00045394 -0.00009011 -0.00006547 -0.00000937 -0.00000767 -0.00000289 -0.00000183 0.00039907 0.00535091 0.00272037 0.43147728 37.83414 
0.360 0.01828266 5 -7416233.12 -777235.14 434998.05 1319133.28 -1071310.19 -7321819.11 -627091266.50 -0.00493806 0.01828266 0.01700366 0.00277831 0.00118352 0.00419862 0.00434407 0.00437742 0.00433422 0.00421556 0.00402324 0.00375971 0.00342850 0.00303533 0.00259096 0.00211469 0.00163269 0.00117695 0.00036633 -0.00012469 -0.00006407 -0.00000567 -0.00000771 -0.00000232 -0.00000078 0.00038558 0.00563087 0.00284445 0.46164379 41.27361 
0.390 0.01944987 5 -7431013.60 -342154.20 166164.52 1144825.84 -1178665.05 -7221184.71 -642826906.91 -0.00527658 0.01944987 0.01778479 0.00251946 0.00121559 0.00418998 0.00431389 0.00433181 0.00427788 0.00415322 0.00395956 0.00369932 0.00337583 0.00299403 0.00256259 0.00209773 0.00162292 0.00116877 0.00034805 -0.00014716 -0.00006823 -0.00000410 -0.00000728 -0.00000165 0.00000007 0.00037932 0.00579997 0.00292040 0.47089022 44.71308 
0.420 0.01788359 4 5512508.97 -531041.13 -1911010.83 81171.65 1444563.69 6428825.60 602946079.70 0.00786273 -0.01419217 -0.01788359 -0.00890877 -0.00143435 -0.00162622 -0.00178265 -0.00188884 -0.00197774 -0.00204786 -0.00209698 -0.00212235 -0.00212069 -0.00208839 -0.00202174 -0.00191734 -0.00177232 -0.00158563 -0.00098047 -0.00014790 0.00007497 0.00003164 0.00000443 -0.00000056 -0.00000102 -0.00026780 -0.00660330 -0.00323773 -0.60376082 48.15255 
0.450 0.02371761 4 4040327.15 -610605.23 -2640963.78 -558701.83 1514882.66 6335715.33 543536831.38 0.01106899 -0.02045002 -0.02371761 -0.01071181 -0.00126006 -0.00017119 -0.00024264 -0.00030520 -0.00037540 -0.00045171 -0.00053182 -0.00061286 -0.00069140 -0.00076347 -0.00082474 -0.00087062 -0.00089648 -0.00089681 -0.00071574 -0.00019525 0.00004161 0.00002917 0.00000432 0.00000019 -0.00000001 -0.00010575 -0.00831101 -0.00395218 -0.72837361 51.59201 
0.480 0.02862575 4 2912981.55 -1248454.21 -2812757.87 -784514.41 1738446.64 6020261.39 513998268.41 0.01434329 -0.02486215 -0.02862575 -0.01363790 -0.00130315 0.00146122 0.00146292 0.00143225 0.00136824 0.00127248 0.00114753 0.00099655 0.00082344 0.00063283 0.00043039 0.00022320 0.00001948 -0.00016632 -0.00040715 -0.00023557 0.00000317 0.00002535 0.00000548 0.00000096 0.00000047 0.00006913 -0.00999483 -0.00464862 -0.86500444 55.03148 
