0.001 0.00010338 4 46127.48 2852.68 5982.16 5677.52 4563.50 27051.62 3151001.38 0.00000905 -0.00002121 -0.00010338 -0.00002437 0.00000560 0.00004604 0.00004997 0.00004634 0.00004144 0.00003582 0.00002970 0.00002354 0.00001774 0.00001254 0.00000798 0.00000398 0.00000057 -0.00000230 -0.00000442 0.00000073 0.00001028 -0.00000000 -0.00001038 -0.00000145 0.00000188 0.00000319 -0.00002531 -0.00001017 -0.00198379 0.04788 
0.030 0.00088545 5 1349218.83 80957.63 169122.11 167126.90 133539.51 798472.67 92664993.70 -0.00021059 -0.00081683 -0.00051422 -0.00035106 -0.00023658 -0.00030337 -0.00029432 -0.00027718 -0.00025060 -0.00021708 -0.00017939 -0.00014090 -0.00010459 -0.00007266 -0.00004642 -0.00002639 -0.00001232 -0.00000346 0.00000429 0.00000490 0.00000666 -0.00000211 -0.00000944 -0.00000245 0.00000036 -0.00001502 -0.00037065 -0.00018173 -0.02635670 1.43650 
0.060 0.00174716 5 -2828358.92 -147303.46 -337577.97 -351416.52 -290585.01 -1701475.95 -196897767.55 0.00047016 0.00174716 0.00080877 0.00069885 0.00053590 0.00089966 0.00090353 0.00086483 0.00079738 0.00070612 0.00059778 0.00048132 0.00036665 0.00026200 0.00017259 0.00010079 0.00004678 0.00000891 -0.00002624 -0.00001581 0.00000730 -0.00000026 -0.00001122 -0.00000322 -0.00000006 0.00005045 0.00073687 0.00037222 0.05280874 2.87300 
0.090 0.00262585 5 -4348621.21 -238872.80 -512912.95 -561110.58 -458755.18 -2576969.70 -301147368.46 0.00067343 0.00262585 0.00126787 0.00106952 0.00081080 0.00146266 0.00147772 0.00142880 0.00133504 0.00120299 0.00104149 0.00086221 0.00067813 0.00050256 0.00034665 0.00021703 0.00011634 0.00004337 -0.00003301 -0.00002948 0.00000497 0.00000043 -0.00001131 -0.00000353 -0.00000050 0.00008785 0.00112255 0.00057290 0.08239839 4.30950 
0.120 0.00351826 5 -5912805.07 -326541.12 -727063.09 -775391.27 -623823.57 -3459986.02 -407255544.97 0.00088595 0.00351826 0.00172995 0.00144230 0.00109814 0.00208224 0.00211083 0.00205263 0.00193266 0.00175898 0.00154282 0.00129922 0.00104462 0.00079534 0.00056669 0.00037072 0.00021426 0.00009779 -0.00003386 -0.00004523 0.00000173 0.00000116 -0.00001144 -0.00000371 -0.00000074 0.00013110 0.00151677 0.00078067 0.11315657 5.74600 
0.150 0.00444387 5 -7514729.64 -420959.51 -946586.37 -995435.08 -791920.57 -4359828.12 -515514392.46 0.00111519 0.00444387 0.00220554 0.00182463 0.00139604 0.00276956 0.00281613 0.00275160 0.00260755 0.00239278 0.00212058 0.00180900 0.00147848 0.00114947 0.00084055 0.00056846 0.00034573 0.00017594 -0.00002754 -0.00006346 -0.00000272 0.00000188 -0.00001161 -0.00000382 -0.00000083 0.00018163 0.00192573 0.00099923 0.14555713 7.18250 
0.180 0.00544870 5 -9141300.71 -508694.73 -1161381.09 -1212425.20 -953080.79 -5305718.91 -626934549.30 0.00140446 0.00544870 0.00271184 0.00222159 0.00170423 0.00356081 0.00363477 0.00357161 0.00341079 0.00316129 0.00283711 0.00245740 0.00204592 0.00162806 0.00122743 0.00086464 0.00055719 0.00031462 0.00000165 -0.00008534 -0.00001043 0.00000223 -0.00001177 -0.00000385 -0.00000083 0.00024621 0.00236429 0.00123912 0.18079948 8.61901 
0.210 0.00656248 5 -10735960.81 -548138.69 -1338745.09 -1414370.73 -1119033.21 -6315673.09 -742199573.03 0.00173600 0.00656248 0.00328094 0.00264837 0.00202305 0.00443522 0.00454642 0.00449463 0.00432759 0.00405366 0.00368660 0.00324541 0.00275454 0.00224300 0.00173980 0.00127133 0.00086084 0.00052515 0.00006030 -0.00011018 -0.00002203 0.00000199 -0.00001192 -0.00000381 -0.00000076 0.00032508 0.00284283 0.00150534 0.21982074 10.05551 
0.240 0.00779121 5 -11864053.73 -708744.04 -1400626.86 -1410804.11 -1216105.34 -7127773.38 -821252171.45 0.00171729 0.00779121 0.00442320 0.00291731 0.00221016 0.00530785 0.00546330 0.00543423 0.00527704 0.00499827 0.00460965 0.00412794 0.00357591 0.00298247 0.00238036 0.00180227 0.00127848 0.00083225 0.00016674 -0.00013431 -0.00003935 0.00000040 -0.00001153 -0.00000363 -0.00000077 0.00041502 0.00332562 0.00177944 0.26345571 11.49201 
0.270 0.00921484 5 -12610362.26 -753433.17 -1538159.41 -1474636.55 -1129855.55 -7714277.57 -873402028.23 0.00104881 0.00921484 0.00656355 0.00311907 0.00231910 0.00623138 0.00643316 0.00643260 0.00629552 0.00602579 0.00563181 0.00512640 0.00452906 0.00386686 0.00317315 0.00248571 0.00184228 0.00127401 0.00035241 -0.00014983 -0.00006350 -0.00000339 -0.00001079 -0.00000318 -0.00000071 0.00052105 0.00391004 0.00210973 0.32383489 12.92851 
0.300 0.01190646 4 -9624669.29 -349441.09 -192282.90 -309548.37 -1418954.72 -7354442.21 -759365271.40 -0.00199336 0.01179989 0.01168491 0.00303412 0.00174587 0.00533509 0.00552541 0.00556678 0.00551487 0.00536936 0.00513026 0.00479787 0.00437487 0.00387008 0.00330259 0.00270257 0.00210647 0.00155018 0.00054860 -0.00011616 -0.00008026 -0.00000993 -0.00000854 -0.00000242 -0.00000098 0.00049693 0.00459361 0.00241736 0.39740203 14.36501 
0.330 0.01705173 5 -9329036.02 -126366.86 -183447.63 -119824.22 -1421266.33 -7478130.97 -759541548.89 -0.00423721 0.01705173 0.01631692 0.00403831 0.00163927 0.00520412 0.00541484 0.00548296 0.00546541 0.00536165 0.00517097 0.00489253 0.00452629 0.00407556 0.00355187 0.00297875 0.00238843 0.00181765 0.00071791 -0.00009718 -0.00009601 -0.00001467 -0.00000797 -0.00000149 -0.00000039 0.00051627 0.00593797 0.00305784 0.50509629 15.80151 
0.360 0.02394074 5 -9996739.44 -491473.77 -616221.11 -49648.37 -1060149.58 -7779246.60 -769947158.40 -0.00730185 0.02394074 0.02161195 0.00556208 0.00161833 0.00577552 0.00605532 0.00616452 0.00617398 0.00608379 0.00589411 0.00560520 0.00521781 0.00473540 0.00416956 0.00354476 0.00289417 0.00225591 0.00097511 -0.00006722 -0.00012004 -0.00002204 -0.00000681 -0.00000014 0.00000022 0.00060072 0.00762713 0.00389454 0.64709122 17.23801 
0.390 0.02792320 5 -9664381.75 -30653.00 -525529.57 -270433.69 -1004591.64 -7833173.85 -778708816.49 -0.00940851 0.02792320 0.02496912 0.00712933 0.00163913 0.00539093 0.00568399 0.00581817 0.00586578 0.00582668 0.00570058 0.00548698 0.00518489 0.00479404 0.00431856 0.00377232 0.00317887 0.00257101 0.00124602 0.00001796 -0.00013029 -0.00003163 -0.00000605 0.00000123 0.00000086 0.00060810 0.00878619 0.00444180 0.74527333 18.67451 
