0.001 0.00012141 5 39158.91 -5194.31 -9740.39 -6805.64 3770.76 57128.49 4534113.95 -0.00000006 -0.00005388 -0.00011881 -0.00003045 0.00000548 0.00005541 0.00005947 0.00005541 0.00004972 0.00004301 0.00003565 0.00002819 0.00002115 0.00001486 0.00000939 0.00000470 0.00000080 -0.00000239 -0.00000478 0.00000045 0.00001007 -0.00000013 -0.00001043 -0.00000154 0.00000180 0.00000365 -0.00003384 -0.00001392 -0.00234397 0.15295 
0.030 0.00192244 5 -1584974.35 65085.66 153608.38 111218.29 -128663.17 -1786223.51 -152714354.87 0.00064347 0.00192244 0.00083378 0.00055174 0.00032623 0.00030520 0.00030366 0.00028731 0.00026276 0.00023117 0.00019508 0.00015756 0.00012059 0.00008657 0.00005720 0.00003326 0.00001486 0.00000151 -0.00001070 -0.00000482 0.00000657 -0.00000129 -0.00000986 -0.00000317 -0.00000064 0.00001682 0.00066523 0.00032078 0.03947338 4.58859 
0.060 0.00350551 5 -2881972.36 230646.35 248522.90 132374.36 -239019.36 -3254496.60 -283059111.93 0.00117854 0.00350551 0.00159384 0.00103966 0.00060584 0.00054800 0.00054542 0.00052336 0.00048970 0.00044480 0.00038996 0.00032746 0.00026125 0.00019703 0.00013874 0.00008907 0.00004947 0.00001986 -0.00001207 -0.00001046 0.00000517 -0.00000073 -0.00000900 -0.00000318 -0.00000119 0.00003318 0.00124032 0.00059906 0.07470789 9.17719 
0.090 0.00495529 5 -4119091.60 380330.58 327295.58 96564.49 -348467.49 -4574814.76 -404096313.72 0.00166761 0.00495529 0.00228805 0.00150433 0.00087901 0.00082957 0.00082963 0.00080407 0.00076278 0.00070616 0.00063499 0.00055126 0.00045828 0.00036161 0.00026854 0.00018409 0.00011356 0.00005876 -0.00000764 -0.00001828 0.00000365 0.00000014 -0.00000861 -0.00000291 -0.00000109 0.00005488 0.00177738 0.00086235 0.10862409 13.76578 
0.120 0.00648982 5 -3261393.11 1439707.89 616751.45 733600.50 -162144.55 -5889308.40 -459908681.34 0.00211311 0.00648982 0.00297835 0.00177945 0.00098483 0.00007882 0.00005043 0.00003926 0.00004662 0.00007091 0.00010779 0.00015262 0.00019563 0.00022440 0.00023001 0.00021228 0.00017824 0.00013782 0.00005489 -0.00000326 0.00000269 -0.00000273 -0.00001243 -0.00000355 -0.00000049 0.00001828 0.00219690 0.00103957 0.12564178 18.35438 
0.150 0.00798528 5 -4046094.50 1769895.02 849659.81 755262.90 -277254.23 -7143658.00 -567566768.23 0.00261683 0.00798528 0.00371977 0.00228601 0.00125036 -0.00006004 -0.00011439 -0.00014343 -0.00014925 -0.00013283 -0.00009612 -0.00004172 0.00002568 0.00009514 0.00015129 0.00018175 0.00018317 0.00016238 0.00008654 0.00000902 0.00000239 -0.00000393 -0.00001256 -0.00000359 -0.00000070 0.00000511 0.00274938 0.00129156 0.15682432 22.94297 
0.180 0.00943281 5 -4831739.35 1996021.23 1055181.66 701150.72 -349579.01 -8234513.96 -663068771.77 0.00308593 0.00943281 0.00446638 0.00276078 0.00150035 -0.00011394 -0.00018862 -0.00023374 -0.00025290 -0.00024695 -0.00021766 -0.00016750 -0.00009969 -0.00001911 0.00006409 0.00013310 0.00017308 0.00018040 0.00011838 0.00002186 0.00000208 -0.00000516 -0.00001256 -0.00000355 -0.00000083 -0.00000292 0.00328332 0.00153759 0.18762725 27.53157 
0.210 0.01061736 5 -5238638.40 2186416.05 1295033.23 634327.05 -830272.73 -8524142.00 -718285199.77 0.00336518 0.01061736 0.00583157 0.00314273 0.00166588 -0.00035657 -0.00047171 -0.00054370 -0.00058293 -0.00059022 -0.00056733 -0.00051682 -0.00044201 -0.00034711 -0.00023799 -0.00012453 -0.00001859 0.00006260 0.00010641 0.00002801 0.00000055 -0.00000600 -0.00001264 -0.00000352 -0.00000088 -0.00003729 0.00384497 0.00178262 0.22250211 32.12016 
0.240 0.01205107 5 -4822327.72 1911049.50 2587480.31 462086.18 -916202.39 -8866741.32 -723769369.28 0.00311931 0.01205107 0.00770128 0.00355342 0.00158640 -0.00113344 -0.00130790 -0.00141288 -0.00147147 -0.00148458 -0.00145412 -0.00138285 -0.00127442 -0.00113340 -0.00096527 -0.00077658 -0.00057559 -0.00037879 -0.00006147 0.00002847 -0.00000114 -0.00000703 -0.00001219 -0.00000352 -0.00000111 -0.00013364 0.00438563 0.00198489 0.25305028 36.70876 
0.270 0.01378455 5 -3866727.91 1614160.02 3324638.75 936755.08 -730919.73 -9011362.04 -675738562.53 0.00220681 0.01378455 0.00995898 0.00363454 0.00140588 -0.00182818 -0.00207191 -0.00222121 -0.00231234 -0.00234619 -0.00232473 -0.00225078 -0.00212811 -0.00196153 -0.00175670 -0.00151971 -0.00125693 -0.00097844 -0.00038262 0.00000839 0.00000157 -0.00000794 -0.00001136 -0.00000363 -0.00000160 -0.00023927 0.00483895 0.00214128 0.27984561 41.29735 
0.300 0.01523079 5 -3148141.65 1247902.58 3159207.84 1941872.68 -430772.71 -9066352.04 -611660650.95 0.00139105 0.01523079 0.01131356 0.00339203 0.00106727 -0.00211878 -0.00238252 -0.00254612 -0.00264924 -0.00269291 -0.00267918 -0.00261101 -0.00249235 -0.00232822 -0.00212436 -0.00188674 -0.00162107 -0.00133499 -0.00066233 -0.00009593 -0.00001242 -0.00000360 -0.00001104 -0.00000429 -0.00000201 -0.00029563 0.00497138 0.00217342 0.28385872 45.88595 
0.330 0.01625524 5 -3131588.05 689119.95 2781565.21 2677871.46 -87692.32 -9192452.35 -571722780.09 0.00079821 0.01625524 0.01185531 0.00299263 0.00098301 -0.00145165 -0.00167271 -0.00181135 -0.00190083 -0.00194233 -0.00193805 -0.00189102 -0.00180526 -0.00168581 -0.00153844 -0.00136882 -0.00118216 -0.00098458 -0.00050804 -0.00011557 -0.00006033 -0.00001624 -0.00000882 -0.00000307 -0.00000224 -0.00021865 0.00498818 0.00222219 0.29212751 50.47454 
0.360 0.01518981 5 -3722080.49 359790.68 2018013.43 2931833.71 -117415.16 -8914303.15 -560501555.61 -0.00007977 0.01518981 0.01162721 0.00312314 0.00110945 -0.00024917 -0.00037653 -0.00045981 -0.00051783 -0.00055093 -0.00056026 -0.00054759 -0.00051556 -0.00046792 -0.00040924 -0.00034406 -0.00027645 -0.00021190 -0.00009089 -0.00009847 -0.00012321 -0.00003192 -0.00000491 -0.00000125 -0.00000252 -0.00006412 0.00483232 0.00223121 0.31272323 55.06314 
0.390 0.01339242 5 -4773300.95 -170675.51 1167691.41 3137828.16 -248447.19 -8659697.81 -564108482.78 -0.00071862 0.01339242 0.01058384 0.00282274 0.00161391 0.00184202 0.00182370 0.00179558 0.00176139 0.00172143 0.00167573 0.00162419 0.00156618 0.00150017 0.00142378 0.00133417 0.00122773 0.00110044 0.00070218 0.00001912 -0.00019103 -0.00005865 -0.00000043 0.00000164 -0.00000265 0.00019875 0.00450703 0.00221837 0.33224383 59.65173 
0.420 0.01157511 5 -5626178.80 -474275.02 339873.78 3282802.56 -433728.67 -8340851.45 -568193300.98 -0.00139227 0.01157511 0.00957219 0.00253827 0.00226721 0.00374217 0.00379041 0.00378667 0.00375167 0.00368607 0.00359053 0.00346583 0.00331219 0.00312875 0.00291414 0.00266794 0.00239165 0.00208817 0.00123680 0.00005102 -0.00024763 -0.00007342 0.00000295 0.00000332 -0.00000284 0.00041245 0.00423012 0.00220208 0.35159509 64.24033 
0.450 0.01107556 5 4558676.07 -943699.81 -1812615.56 -1981232.14 785787.44 8510436.14 628975949.57 -0.00183980 -0.01059146 -0.00748524 -0.00276317 -0.00180376 -0.00061393 -0.00052026 -0.00046623 -0.00043814 -0.00043439 -0.00045249 -0.00048922 -0.00054056 -0.00060175 -0.00066739 -0.00073168 -0.00078870 -0.00083219 -0.00079620 -0.00032409 0.00004757 0.00004383 -0.00000039 -0.00000705 -0.00000513 -0.00010811 -0.00396389 -0.00191561 -0.26600302 68.82892 
0.480 0.01114097 5 4675471.30 -770515.09 -1812307.15 -2049414.84 848740.31 8458968.05 625740264.18 -0.00144388 -0.01063134 -0.00790810 -0.00265100 -0.00200888 -0.00122051 -0.00114379 -0.00109778 -0.00107209 -0.00106508 -0.00107423 -0.00109630 -0.00112728 -0.00116243 -0.00119648 -0.00122382 -0.00123882 -0.00123580 -0.00107835 -0.00042706 0.00006382 0.00006105 -0.00000112 -0.00000831 -0.00000517 -0.00018762 -0.00405509 -0.00200060 -0.28673522 73.41752 
0.510 0.01070095 5 6275686.08 -723503.83 -2078885.73 -427291.94 792418.91 8712948.67 721154235.41 -0.00135814 -0.01026953 -0.00704204 -0.00334803 -0.00260877 -0.00267842 -0.00269057 -0.00269484 -0.00270260 -0.00271215 -0.00272092 -0.00272556 -0.00272196 -0.00270528 -0.00267020 -0.00261110 -0.00252238 -0.00239867 -0.00186697 -0.00064075 0.00010541 0.00009579 -0.00000184 -0.00001081 -0.00000527 -0.00040002 -0.00422191 -0.00219163 -0.32785962 78.00611 
0.540 0.01024480 5 10559578.62 -551159.51 3163730.21 -492020.59 -271434.91 8710463.43 803165722.82 -0.00023737 -0.00968658 -0.00746781 -0.00182784 -0.00165558 -0.00761338 -0.00804336 -0.00827942 -0.00842863 -0.00848959 -0.00846051 -0.00834023 -0.00812988 -0.00783227 -0.00744828 -0.00697394 -0.00640356 -0.00574352 -0.00387570 -0.00122117 -0.00004098 0.00008625 0.00000902 -0.00000824 -0.00000668 -0.00109628 -0.00353774 -0.00224078 -0.35378856 82.59471 
0.570 0.01033435 5 9902361.74 -1120180.84 3639176.28 -940275.07 -498134.58 8821775.95 786565562.62 0.00010435 -0.00978106 -0.00726256 -0.00145873 -0.00220688 -0.00771181 -0.00807594 -0.00826993 -0.00838848 -0.00843021 -0.00839344 -0.00827744 -0.00808420 -0.00781702 -0.00747541 -0.00705111 -0.00653208 -0.00591709 -0.00410282 -0.00137775 -0.00007394 0.00009328 0.00000962 -0.00000894 -0.00000691 -0.00111356 -0.00355008 -0.00225574 -0.35960313 87.18330 
0.600 0.01044538 5 9431904.23 -1493141.68 4166061.85 -1491197.03 -681882.16 8932063.25 769446868.45 0.00034335 -0.00990998 -0.00701837 -0.00113106 -0.00264094 -0.00790691 -0.00823411 -0.00840512 -0.00850770 -0.00854058 -0.00850227 -0.00839260 -0.00821439 -0.00797144 -0.00766230 -0.00727581 -0.00679560 -0.00621451 -0.00442361 -0.00158151 -0.00011058 0.00010549 0.00000971 -0.00001023 -0.00000718 -0.00115438 -0.00354453 -0.00227482 -0.36475073 91.77190 
0.630 0.01041839 2 -10669690.38 5764526.78 -5897922.11 -1792508.09 -366446.91 -8377340.05 -1016011122.00 -0.00151405 0.00603755 0.00221646 0.00156438 0.01032686 0.01160479 0.01126567 0.01090032 0.01048117 0.01000924 0.00948434 0.00890357 0.00825975 0.00754428 0.00675531 0.00590417 0.00501299 0.00411156 0.00205024 -0.00014884 -0.00044019 -0.00009752 0.00000232 0.00000618 -0.00000053 0.00101151 0.00470165 0.00274136 0.50296184 96.36049 
0.660 0.01156898 2 -10147880.22 6537192.32 -6012180.74 -1599818.92 -657475.62 -8415597.26 -1032168762.03 -0.00205940 0.00568134 0.00208276 0.00141599 0.01148026 0.01176778 0.01132384 0.01088838 0.01041339 0.00990010 0.00934838 0.00875507 0.00811202 0.00740914 0.00664326 0.00582492 0.00497446 0.00411562 0.00212000 -0.00009305 -0.00043616 -0.00010351 0.00000261 0.00000665 -0.00000054 0.00100738 0.00491105 0.00283733 0.53057735 100.94909 
0.690 0.01233813 2 -9935677.67 6589316.16 -5931620.17 -1637273.58 -331510.04 -8624590.04 -1026298859.30 -0.00286894 0.00531271 0.00183769 0.00171718 0.01221210 0.01213028 0.01165232 0.01119108 0.01069210 0.01015665 0.00958453 0.00897209 0.00831023 0.00758810 0.00680306 0.00596715 0.00510219 0.00423222 0.00221074 -0.00005826 -0.00043625 -0.00010495 0.00000308 0.00000697 -0.00000044 0.00103692 0.00504101 0.00291394 0.55755219 105.53768 
0.720 0.01292937 2 -9775374.46 6461082.09 -6155774.85 -1213731.18 42564.11 -8909514.63 -1008894438.26 -0.00363663 0.00508632 0.00165886 0.00203326 0.01280281 0.01261429 0.01211943 0.01164299 0.01112743 0.01057398 0.00998220 0.00934765 0.00865972 0.00790634 0.00708560 0.00621309 0.00531426 0.00441439 0.00233273 -0.00001473 -0.00042859 -0.00010285 0.00000342 0.00000684 -0.00000049 0.00108387 0.00516306 0.00299610 0.58394011 110.12628 
0.750 0.01343195 2 -9533194.54 6359539.56 -6312774.43 -1110602.28 254455.65 -8723813.05 -977263580.94 -0.00493620 0.00508303 0.00241979 0.00208887 0.01328777 0.01329449 0.01277815 0.01228192 0.01174502 0.01116863 0.01055193 0.00988915 0.00916720 0.00837178 0.00750166 0.00657678 0.00562854 0.00468633 0.00251764 0.00005519 -0.00041827 -0.00010356 0.00000398 0.00000700 -0.00000053 0.00115201 0.00533901 0.00311478 0.62164073 114.71487 
0.780 0.01380429 2 -9355100.28 6201835.33 -6019860.97 -1551270.17 169754.02 -8155558.49 -948773852.71 -0.00640042 0.00333178 0.00202081 0.00342205 0.01364004 0.01328134 0.01274997 0.01224215 0.01169499 0.01110973 0.01048631 0.00982581 0.00912121 0.00835527 0.00751915 0.00662876 0.00571727 0.00481064 0.00265188 0.00010373 -0.00042873 -0.00011185 0.00000480 0.00000810 -0.00000013 0.00115766 0.00535503 0.00312529 0.65434763 119.30347 
0.810 0.01440467 2 -8874850.47 6291128.89 -5969303.42 -1473329.70 -9396.03 -7713950.21 -917639157.59 -0.00781988 0.00202572 0.00191929 0.00455829 0.01422945 0.01333026 0.01277601 0.01225489 0.01169923 0.01111027 0.01048862 0.00983394 0.00913860 0.00838410 0.00755971 0.00668089 0.00578324 0.00489315 0.00276815 0.00017672 -0.00042827 -0.00011954 0.00000601 0.00000900 -0.00000009 0.00116809 0.00550660 0.00320188 0.69573547 123.89206 
0.840 0.01499097 2 -8430792.53 6363780.63 -5977670.87 -1341182.70 -34415.49 -7441304.11 -889046058.30 -0.00901015 0.00105900 0.00180199 0.00582882 0.01480027 0.01320478 0.01264921 0.01213275 0.01158616 0.01101065 0.01040682 0.00977414 0.00910358 0.00837327 0.00756840 0.00670455 0.00582331 0.00495656 0.00288184 0.00024738 -0.00045330 -0.00013947 0.00000836 0.00001109 -0.00000000 0.00116866 0.00573668 0.00331004 0.73808557 128.48066 
0.870 0.01608942 3 -10356165.71 -6151547.39 5594650.48 -4871659.52 -2397010.09 -2530599.17 -485354730.23 -0.01522652 -0.00958909 -0.00008599 0.01600329 0.01175311 0.01456099 0.01488724 0.01495194 0.01482690 0.01451295 0.01401262 0.01332989 0.01247189 0.01145105 0.01029103 0.00903533 0.00773977 0.00645693 0.00355761 0.00025638 -0.00050667 -0.00014507 0.00001120 0.00001135 -0.00000078 0.00152180 0.00514647 0.00322096 0.87684415 133.06925 
0.900 0.01780200 3 -10582923.53 -6274496.13 5573883.09 -5330406.46 -2519802.10 -2032101.94 -476169638.57 -0.01616692 -0.01174359 -0.00094240 0.01772416 0.01196515 0.01458066 0.01494037 0.01502576 0.01491302 0.01460326 0.01409999 0.01340894 0.01254201 0.01151975 0.01037120 0.00913529 0.00785970 0.00659175 0.00370643 0.00035474 -0.00048504 -0.00014586 0.00001058 0.00001149 -0.00000038 0.00154239 0.00514754 0.00323240 0.90681906 137.65785 
0.930 0.01972309 3 -10478427.72 -5986518.89 5412310.11 -5847625.76 -2683929.49 -1372663.69 -462771800.99 -0.01693401 -0.01436299 -0.00197374 0.01966778 0.01184550 0.01416775 0.01456261 0.01468176 0.01460376 0.01433015 0.01386542 0.01321646 0.01239681 0.01142843 0.01033931 0.00916297 0.00794068 0.00671641 0.00388884 0.00049225 -0.00046056 -0.00015385 0.00001104 0.00001272 0.00000015 0.00153836 0.00503286 0.00317650 0.92548158 142.24644 
0.960 0.02140535 3 -10517451.37 -5821879.77 5260279.08 -6328863.06 -2765436.37 -861551.24 -454285069.52 -0.01772234 -0.01588825 -0.00255860 0.02135786 0.01180455 0.01398360 0.01440549 0.01454914 0.01449623 0.01424892 0.01381306 0.01319709 0.01241642 0.01149264 0.01044775 0.00930834 0.00811232 0.00690244 0.00406788 0.00057983 -0.00047490 -0.00017310 0.00001308 0.00001494 0.00000046 0.00154896 0.00507207 0.00320051 0.95136610 146.83504 
0.990 0.02315835 3 -10183292.11 -5077929.35 4788587.48 -6731593.91 -2887583.69 -274772.62 -446888583.20 -0.01830468 -0.01790466 -0.00328782 0.02314113 0.01130191 0.01360292 0.01404405 0.01422423 0.01422665 0.01405403 0.01371081 0.01320150 0.01253248 0.01171174 0.01074768 0.00966180 0.00849185 0.00728438 0.00438752 0.00072273 -0.00048445 -0.00019722 0.00001535 0.00001756 0.00000067 0.00157063 0.00493503 0.00314778 0.96393528 151.42363 
1.020 0.02482535 3 -10457096.26 -5023385.52 4628349.51 -7114542.48 -2937723.04 -9794.74 -452659248.16 -0.01868242 -0.01933482 -0.00386068 0.02478205 0.01099917 0.01395537 0.01441367 0.01460549 0.01461976 0.01445808 0.01412373 0.01362075 0.01295451 0.01212961 0.01114977 0.01003910 0.00883672 0.00759372 0.00460550 0.00079987 -0.00049711 -0.00021328 0.00001778 0.00001939 0.00000066 0.00162625 0.00495065 0.00318465 0.98688707 156.01223 
1.050 0.02859940 5 4152236.20 1080460.07 4822641.53 -7339475.49 -1328472.00 6917082.09 265028349.60 -0.01792819 -0.02807265 -0.01201701 0.02185559 0.00947138 0.00280688 0.00240660 0.00208833 0.00180327 0.00155114 0.00133080 0.00114050 0.00097662 0.00082708 0.00066861 0.00049758 0.00032201 0.00016201 -0.00010759 -0.00040366 -0.00051091 -0.00020346 0.00003052 0.00001956 -0.00000296 0.00008725 0.00118704 0.00060281 0.54809961 160.60082 
1.080 0.02816904 5 3095942.99 642106.92 4950017.09 -7426434.38 -1317560.78 6247814.14 206611097.80 -0.01846092 -0.02765351 -0.01142741 0.02192161 0.01004928 0.00565333 0.00529470 0.00499401 0.00471248 0.00445015 0.00420600 0.00397831 0.00376182 0.00353653 0.00327170 0.00295714 0.00260953 0.00226607 0.00153578 0.00040115 -0.00041512 -0.00026832 0.00003026 0.00002555 -0.00000190 0.00049706 0.00153331 0.00098283 0.62384573 165.18941 
1.110 0.02908733 5 3329246.51 680167.61 5155444.41 -7488603.72 -1388475.03 6370713.25 215257650.77 -0.01984783 -0.02855168 -0.01138278 0.02292070 0.01089591 0.00683656 0.00641232 0.00605947 0.00572778 0.00541772 0.00512831 0.00485772 0.00459819 0.00431963 0.00397895 0.00356193 0.00310299 0.00265370 0.00174634 0.00045931 -0.00043507 -0.00029309 0.00003504 0.00002870 -0.00000188 0.00060096 0.00182538 0.00117494 0.68413910 169.77801 
1.140 0.02962070 5 3455533.64 754142.04 5309383.88 -7531166.05 -1462930.20 6386103.98 213879075.43 -0.02110405 -0.02905370 -0.01117913 0.02381094 0.01175255 0.00791015 0.00742727 0.00702796 0.00665169 0.00629944 0.00597025 0.00566214 0.00536396 0.00503356 0.00461385 0.00409826 0.00353199 0.00298196 0.00191578 0.00049974 -0.00045014 -0.00031448 0.00003642 0.00003082 -0.00000174 0.00069366 0.00217623 0.00138865 0.74395991 174.36660 
1.170 0.03142311 5 4617297.91 1145648.89 5536604.26 -7419566.51 -1661841.10 7016452.36 267627598.13 -0.02296747 -0.03078420 -0.01142733 0.02572581 0.01246886 0.00749150 0.00687709 0.00638478 0.00592957 0.00551317 0.00513463 0.00479143 0.00446700 0.00410343 0.00363170 0.00305349 0.00241742 0.00181873 0.00082302 -0.00017321 -0.00059756 -0.00030001 0.00004106 0.00003021 -0.00000233 0.00051759 0.00242512 0.00141180 0.78440303 178.95520 
1.200 0.03138025 5 4606214.84 1177712.55 5645677.99 -7421243.18 -1707998.62 6912066.09 258637750.54 -0.02396047 -0.03072166 -0.01111218 0.02642391 0.01318867 0.00855568 0.00790846 0.00738893 0.00690643 0.00646336 0.00605882 0.00568992 0.00533434 0.00491855 0.00436552 0.00366971 0.00289523 0.00217459 0.00102946 -0.00010066 -0.00058213 -0.00030087 0.00004185 0.00003054 -0.00000234 0.00062272 0.00279104 0.00163918 0.83915268 183.54379 
