0.001 0.00013250 5 64219.46 -580.58 -3248.78 -4796.98 5353.21 67492.60 5856002.51 -0.00000430 -0.00006495 -0.00012419 -0.00003456 0.00000137 0.00004756 0.00005172 0.00004814 0.00004318 0.00003739 0.00003104 0.00002461 0.00001854 0.00001309 0.00000832 0.00000416 0.00000063 -0.00000231 -0.00000451 0.00000063 0.00001016 -0.00000007 -0.00001039 -0.00000149 0.00000184 0.00000328 -0.00003891 -0.00001650 -0.00270781 0.11442 
0.030 0.00201276 5 1920436.33 -12884.89 -42053.17 -61026.78 175977.19 1860423.98 168680573.55 -0.00051961 -0.00194188 -0.00105578 -0.00062976 -0.00036155 -0.00035088 -0.00034158 -0.00032502 -0.00029815 -0.00026225 -0.00022017 -0.00017578 -0.00013287 -0.00009435 -0.00006203 -0.00003671 -0.00001837 -0.00000628 0.00000506 0.00000535 0.00000429 -0.00000298 -0.00000832 -0.00000300 -0.00000076 -0.00001857 -0.00072833 -0.00035129 -0.04670180 3.43251 
0.060 0.00360678 5 3772984.06 -15187.03 -53181.70 50904.40 390035.47 3400412.92 322521728.33 -0.00092498 -0.00353155 -0.00186526 -0.00119932 -0.00071858 -0.00091472 -0.00091965 -0.00089722 -0.00085013 -0.00077989 -0.00068963 -0.00058427 -0.00047092 -0.00035857 -0.00025577 -0.00016817 -0.00009878 -0.00004780 0.00001044 0.00001896 0.00000190 -0.00000478 -0.00000495 -0.00000347 -0.00000279 -0.00005845 -0.00134856 -0.00066322 -0.08983558 6.86502 
0.090 0.00511561 5 5475937.80 -24256.39 -65890.62 156265.93 584999.63 4824819.26 464610296.58 -0.00131383 -0.00503819 -0.00262273 -0.00173561 -0.00105753 -0.00143320 -0.00145198 -0.00142525 -0.00136107 -0.00126153 -0.00113106 -0.00097648 -0.00080688 -0.00063297 -0.00046670 -0.00031915 -0.00019800 -0.00010564 0.00000759 0.00003288 0.00000139 -0.00000564 -0.00000122 -0.00000343 -0.00000428 -0.00009723 -0.00193399 -0.00095826 -0.13056101 10.29752 
0.120 0.00658293 5 7029910.15 -37786.04 -66785.67 221103.08 749989.69 6163389.09 595359814.64 -0.00171310 -0.00650078 -0.00335413 -0.00224200 -0.00137876 -0.00192753 -0.00195411 -0.00192003 -0.00183725 -0.00170830 -0.00153870 -0.00133699 -0.00111481 -0.00088572 -0.00066355 -0.00046243 -0.00029414 -0.00016346 0.00000232 0.00004594 0.00000228 -0.00000551 0.00000253 -0.00000299 -0.00000527 -0.00013338 -0.00249811 -0.00124191 -0.16932338 13.73003 
0.150 0.00800322 5 8296684.46 -140274.98 83607.70 150370.73 854365.45 7348615.56 705883323.84 -0.00211681 -0.00788992 -0.00408685 -0.00266399 -0.00166969 -0.00239135 -0.00241949 -0.00237641 -0.00227691 -0.00212326 -0.00192093 -0.00167820 -0.00140830 -0.00112808 -0.00085484 -0.00060475 -0.00039241 -0.00022507 -0.00000692 0.00005786 0.00000456 -0.00000463 0.00000594 -0.00000212 -0.00000564 -0.00016756 -0.00302589 -0.00150748 -0.20512735 17.16254 
0.180 0.00905355 5 8779412.43 -211510.21 555868.73 -420826.16 1036780.92 7819099.16 743822113.15 -0.00221351 -0.00875527 -0.00516786 -0.00276507 -0.00178569 -0.00266582 -0.00269632 -0.00265356 -0.00255240 -0.00239423 -0.00218300 -0.00192474 -0.00163079 -0.00131875 -0.00100864 -0.00071983 -0.00047025 -0.00027213 -0.00001182 0.00006820 0.00000678 -0.00000391 0.00000845 -0.00000092 -0.00000531 -0.00019078 -0.00340388 -0.00169700 -0.23386355 20.59505 
0.210 0.00972552 5 8428923.01 -331036.13 371769.19 -648753.38 868630.78 8168312.54 744035020.89 -0.00224483 -0.00935036 -0.00579393 -0.00278169 -0.00172008 -0.00246021 -0.00249013 -0.00245898 -0.00237947 -0.00225169 -0.00207683 -0.00185694 -0.00159809 -0.00131313 -0.00102099 -0.00074209 -0.00049617 -0.00029698 -0.00002680 0.00006629 0.00000770 -0.00000313 0.00000941 -0.00000030 -0.00000491 -0.00018324 -0.00356850 -0.00177017 -0.24293393 24.02755 
0.240 0.00971805 5 6922755.24 -384486.96 -150063.25 -1146547.59 477038.20 8126814.85 669989092.26 -0.00205003 -0.00929034 -0.00597819 -0.00247526 -0.00137347 -0.00173211 -0.00175212 -0.00173863 -0.00169863 -0.00163116 -0.00153513 -0.00140925 -0.00125326 -0.00107000 -0.00086805 -0.00066140 -0.00046663 -0.00029899 -0.00005360 0.00005084 0.00000708 -0.00000225 0.00000876 -0.00000061 -0.00000487 -0.00014025 -0.00337816 -0.00165811 -0.22388669 27.46006 
0.270 0.00974441 5 -14233062.70 -1530665.62 -2198849.10 -1393123.41 -1036717.10 -8073707.47 -915137226.48 0.00144997 0.00974441 0.00664336 0.00313483 0.00250298 0.00691749 0.00712179 0.00708646 0.00688411 0.00652558 0.00602795 0.00541459 0.00471512 0.00396474 0.00320153 0.00246399 0.00178857 0.00120421 0.00029314 -0.00016629 -0.00006134 -0.00000179 -0.00001136 -0.00000369 -0.00000097 0.00055020 0.00409870 0.00221365 0.33517862 30.89257 
0.300 0.01088169 5 -15055087.88 -1592075.54 -2455138.92 -1689010.75 -1034848.75 -8284013.92 -956781604.25 0.00072239 0.01088169 0.00849914 0.00331588 0.00261993 0.00775505 0.00798868 0.00796121 0.00775433 0.00737834 0.00685000 0.00619266 0.00543610 0.00461601 0.00377202 0.00294580 0.00217797 0.00150216 0.00040753 -0.00018923 -0.00008088 -0.00000379 -0.00001022 -0.00000337 -0.00000107 0.00063229 0.00458777 0.00248653 0.38735836 34.32508 
0.330 0.01499292 5 7687872.43 -82010.45 -376563.97 -525833.76 623011.51 8049269.10 700048655.48 0.00179352 -0.01417200 -0.01318133 -0.00288422 -0.00137118 -0.00329690 -0.00339966 -0.00342986 -0.00341411 -0.00335120 -0.00323957 -0.00307723 -0.00286237 -0.00259471 -0.00227755 -0.00192121 -0.00154392 -0.00117235 -0.00045473 0.00005511 0.00005155 0.00000736 0.00000749 -0.00000021 -0.00000311 -0.00032748 -0.00494172 -0.00249053 -0.39007279 37.75759 
0.360 0.01834817 5 6726985.30 -484567.87 -562419.36 -983373.04 789621.81 7967723.76 674362925.67 0.00331989 -0.01738858 -0.01616046 -0.00333431 -0.00127582 -0.00269181 -0.00276511 -0.00279372 -0.00279516 -0.00276803 -0.00271034 -0.00261962 -0.00249288 -0.00232743 -0.00212149 -0.00187561 -0.00159440 -0.00129263 -0.00061355 -0.00001206 0.00005142 0.00001325 0.00000725 -0.00000067 -0.00000310 -0.00029600 -0.00571608 -0.00283681 -0.44877562 41.19009 
0.390 0.02041329 5 5762841.88 -649611.21 -1182608.69 -998044.10 759134.80 7833971.08 640477128.63 0.00443554 -0.01932157 -0.01810742 -0.00384862 -0.00115215 -0.00192068 -0.00196136 -0.00198487 -0.00199880 -0.00200163 -0.00199117 -0.00196479 -0.00191912 -0.00185113 -0.00175728 -0.00163272 -0.00147423 -0.00128309 -0.00074151 -0.00010861 0.00004127 0.00001969 0.00000705 -0.00000115 -0.00000300 -0.00024338 -0.00621914 -0.00304468 -0.48619291 44.62260 
0.420 0.02180674 5 5088272.97 -506832.78 -1737496.17 -1041272.38 576771.62 7797102.68 605116587.05 0.00499128 -0.02059256 -0.01916930 -0.00393539 -0.00100146 -0.00145403 -0.00147500 -0.00149394 -0.00151308 -0.00153086 -0.00154491 -0.00155212 -0.00154887 -0.00153116 -0.00149494 -0.00143657 -0.00135172 -0.00123599 -0.00082007 -0.00019250 0.00002517 0.00002326 0.00000684 -0.00000155 -0.00000305 -0.00021027 -0.00644477 -0.00313286 -0.49931785 48.05511 
0.450 0.02068323 5 4395957.62 -712830.97 -1950477.54 -1046472.40 629575.56 7476162.98 574000361.97 0.00498354 -0.01933927 -0.01878256 -0.00445130 -0.00096546 -0.00067106 -0.00065862 -0.00066492 -0.00068360 -0.00071317 -0.00075119 -0.00079461 -0.00083973 -0.00088229 -0.00091765 -0.00094096 -0.00094768 -0.00093238 -0.00074581 -0.00026020 0.00000009 0.00002404 0.00000708 -0.00000176 -0.00000319 -0.00013345 -0.00635432 -0.00304965 -0.49296919 51.48762 
0.480 0.02270932 5 -8300887.86 359185.80 65147.52 18411.06 -1225215.63 -7518416.61 -733212455.90 -0.00740023 0.02270932 0.02104775 0.00643870 0.00152497 0.00436412 0.00462979 0.00476986 0.00484718 0.00486078 0.00480929 0.00469099 0.00450414 0.00424735 0.00392031 0.00352549 0.00306959 0.00256910 0.00133107 0.00001509 -0.00017426 -0.00004290 -0.00000325 0.00000184 -0.00000001 0.00053378 0.00754594 0.00382092 0.64410164 54.92012 
0.510 0.02482981 5 -7221860.31 646597.40 385583.80 373612.98 -1116850.67 -7510803.81 -695690207.91 -0.00844014 0.02482981 0.02267186 0.00674080 0.00141534 0.00362334 0.00384673 0.00397282 0.00405518 0.00409280 0.00408404 0.00402683 0.00391865 0.00375667 0.00353835 0.00326218 0.00292830 0.00254143 0.00145833 0.00009956 -0.00018822 -0.00005513 -0.00000179 0.00000292 -0.00000017 0.00047871 0.00796206 0.00398673 0.67114801 58.35263 
0.540 0.02420585 5 -5141279.14 870004.04 1129602.13 1086710.55 -1127614.90 -7099980.97 -600044845.02 -0.00985717 0.02420585 0.02311652 0.00831350 0.00137385 0.00183562 0.00196436 0.00204729 0.00211866 0.00217731 0.00222135 0.00224825 0.00225473 0.00223649 0.00218859 0.00210690 0.00198912 0.00183420 0.00126380 0.00022060 -0.00017296 -0.00006886 -0.00000036 0.00000402 -0.00000054 0.00029497 0.00815597 0.00398002 0.69081168 61.78514 
0.570 0.02524440 5 -4135290.87 880940.73 1524279.36 1484921.77 -1114524.54 -6910908.19 -549584594.37 -0.01078939 0.02524440 0.02440366 0.00923486 0.00106724 0.00054476 0.00062621 0.00068622 0.00074941 0.00081457 0.00087970 0.00094210 0.00099822 0.00104327 0.00107155 0.00107813 0.00106031 0.00101681 0.00076269 0.00011016 -0.00018143 -0.00006674 0.00000024 0.00000370 -0.00000084 0.00013092 0.00849729 0.00405288 0.70726834 65.21765 
