0.001 0.00010769 4 -38749.90 3710.77 12213.91 3800.43 -3182.36 -55292.65 -4418519.01 0.00004195 0.00006905 -0.00005902 0.00000561 0.00002288 0.00005796 0.00006122 0.00005654 0.00005036 0.00004332 0.00003575 0.00002817 0.00002109 0.00001479 0.00000935 0.00000468 0.00000080 -0.00000238 -0.00000472 0.00000064 0.00001045 0.00000007 -0.00001044 -0.00000143 0.00000193 0.00000373 0.00000890 0.00000616 0.00008536 0.05025 
0.030 0.00178421 5 -1141505.28 135915.42 320007.53 92444.88 -97215.11 -1592658.01 -129497766.29 0.00071589 0.00178421 0.00076106 0.00051292 0.00026688 0.00010992 0.00010642 0.00009723 0.00008673 0.00007469 0.00006159 0.00004837 0.00003595 0.00002494 0.00001559 0.00000788 0.00000175 -0.00000297 -0.00000650 -0.00000023 0.00001056 -0.00000069 -0.00001198 -0.00000234 0.00000140 0.00000590 0.00061505 0.00029145 0.03403473 1.50742 
0.060 0.00341010 5 -2268345.56 234000.98 619365.52 153199.32 -207946.19 -3066965.19 -252117646.92 0.00131087 0.00341010 0.00154620 0.00100611 0.00050783 0.00027945 0.00028075 0.00027496 0.00026742 0.00025582 0.00023808 0.00021229 0.00017921 0.00014256 0.00010621 0.00007291 0.00004463 0.00002213 -0.00000504 -0.00000642 0.00000894 -0.00000094 -0.00001275 -0.00000314 0.00000059 0.00002056 0.00119408 0.00057068 0.06842994 3.01485 
0.090 0.00498565 5 -3388280.44 297608.76 875507.09 223772.55 -308167.49 -4477001.34 -369307622.72 0.00186757 0.00498565 0.00229750 0.00147321 0.00074696 0.00049656 0.00050407 0.00050043 0.00049282 0.00047832 0.00045356 0.00041511 0.00036246 0.00029899 0.00023139 0.00016639 0.00010929 0.00006275 0.00000126 -0.00001415 0.00000636 -0.00000104 -0.00001305 -0.00000364 -0.00000010 0.00003959 0.00175092 0.00084182 0.10209939 4.52227 
0.120 0.00651579 5 -4453726.11 382755.12 1101723.39 287061.51 -402903.22 -5822362.91 -481790768.53 0.00240260 0.00651579 0.00302567 0.00192953 0.00098898 0.00070583 0.00071802 0.00071541 0.00070709 0.00069087 0.00066197 0.00061469 0.00054694 0.00046158 0.00036573 0.00026985 0.00018335 0.00011144 0.00001166 -0.00002174 0.00000334 -0.00000116 -0.00001312 -0.00000392 -0.00000056 0.00005867 0.00229446 0.00110676 0.13517892 6.02970 
0.150 0.00799171 5 -5513122.16 513962.32 1245036.33 292297.33 -503271.30 -7061146.84 -591015138.00 0.00293851 0.00799171 0.00373144 0.00239935 0.00125343 0.00088843 0.00089778 0.00088941 0.00087339 0.00084858 0.00081174 0.00075988 0.00068738 0.00059353 0.00048372 0.00036811 0.00025945 0.00016624 0.00002939 -0.00002665 0.00000016 -0.00000150 -0.00001308 -0.00000405 -0.00000085 0.00007445 0.00283865 0.00137024 0.16840247 7.53712 
0.180 0.00946720 5 -6543141.72 601099.09 1341904.32 310396.23 -578897.80 -8217643.55 -692190838.66 0.00344756 0.00946720 0.00443137 0.00284557 0.00151513 0.00111283 0.00112065 0.00110581 0.00107978 0.00104191 0.00099107 0.00092593 0.00084403 0.00074064 0.00061770 0.00048380 0.00035184 0.00023474 0.00005382 -0.00003148 -0.00000376 -0.00000197 -0.00001295 -0.00000410 -0.00000104 0.00009343 0.00337245 0.00163056 0.20132317 9.04454 
0.210 0.01079976 5 -7398255.21 675223.01 1227952.64 146307.14 -610164.37 -8837573.62 -759999886.25 0.00382335 0.01079976 0.00549369 0.00315298 0.00173753 0.00142027 0.00142525 0.00140287 0.00136564 0.00131294 0.00124370 0.00115667 0.00105061 0.00092409 0.00077722 0.00061751 0.00045839 0.00031416 0.00008257 -0.00003697 -0.00000855 -0.00000256 -0.00001261 -0.00000412 -0.00000124 0.00011844 0.00390715 0.00189450 0.23760998 10.55197 
0.240 0.01252501 5 -7650391.43 666815.61 1320815.61 244862.47 -412175.35 -9470709.76 -792449841.45 0.00340052 0.01252501 0.00731865 0.00334629 0.00179957 0.00154900 0.00154479 0.00151522 0.00147224 0.00141517 0.00134281 0.00125365 0.00114622 0.00101916 0.00087111 0.00070634 0.00053628 0.00037607 0.00010880 -0.00003902 -0.00001244 -0.00000324 -0.00001212 -0.00000411 -0.00000145 0.00013031 0.00445179 0.00215612 0.27935550 12.05939 
0.270 0.01425827 5 -6708003.30 781914.56 1372069.08 1018464.38 -363455.48 -9516995.84 -750341302.18 0.00247235 0.01425827 0.00949868 0.00320423 0.00160625 0.00102928 0.00098229 0.00093461 0.00088917 0.00084521 0.00080130 0.00075550 0.00070559 0.00064900 0.00058149 0.00049728 0.00039800 0.00029429 0.00010147 -0.00002030 -0.00000806 -0.00000397 -0.00001160 -0.00000407 -0.00000165 0.00008362 0.00483228 0.00230968 0.30576198 13.56682 
0.300 0.01600553 5 -5444875.00 1117546.66 1807219.06 1611998.67 -163399.11 -9818240.26 -716726896.58 0.00189074 0.01600553 0.01064838 0.00293458 0.00136200 -0.00000071 -0.00010786 -0.00017976 -0.00022696 -0.00025037 -0.00025170 -0.00023338 -0.00019840 -0.00015091 -0.00009842 -0.00005252 -0.00002201 -0.00000817 -0.00000085 0.00000473 0.00000936 -0.00000240 -0.00001212 -0.00000414 -0.00000150 -0.00001683 0.00498797 0.00232930 0.30207301 15.07424 
0.330 0.01810816 5 -3139724.91 1708028.02 2579848.36 2095151.34 127036.19 -9649788.81 -631093323.77 0.00055242 0.01810816 0.01254302 0.00264764 0.00094241 -0.00171364 -0.00192477 -0.00203904 -0.00209108 -0.00208189 -0.00201361 -0.00188921 -0.00171295 -0.00149271 -0.00124467 -0.00098928 -0.00074656 -0.00053435 -0.00018458 0.00004308 0.00003897 0.00000070 -0.00001288 -0.00000419 -0.00000117 -0.00018603 0.00516110 0.00232058 0.29854958 16.58167 
0.360 0.01818770 5 -1635866.72 2128925.33 3212826.37 2312927.05 67239.27 -9357784.74 -578451368.31 0.00008599 0.01818770 0.01296101 0.00241038 0.00067827 -0.00291700 -0.00320209 -0.00334822 -0.00340586 -0.00337604 -0.00326109 -0.00306430 -0.00279099 -0.00245224 -0.00206791 -0.00166515 -0.00127242 -0.00091590 -0.00031047 0.00007256 0.00006022 0.00000292 -0.00001341 -0.00000398 -0.00000067 -0.00030594 0.00503163 0.00219619 0.27895032 18.08909 
0.390 0.01705189 5 22675.43 2476373.49 3772837.09 2760333.75 21730.80 -9008599.68 -510098125.18 0.00017368 0.01705189 0.01232098 0.00200096 0.00041811 -0.00419331 -0.00456177 -0.00474692 -0.00481630 -0.00477107 -0.00461404 -0.00434906 -0.00398329 -0.00353201 -0.00301883 -0.00247375 -0.00192913 -0.00141928 -0.00050705 0.00009239 0.00008402 0.00000657 -0.00001359 -0.00000387 -0.00000030 -0.00044179 0.00460429 0.00192370 0.23406601 19.59651 
0.420 0.01890111 4 -587016.20 -1957814.11 -5567139.88 -223218.45 2183950.24 4977206.00 399413362.07 0.00859713 -0.01475344 -0.01890111 -0.00755805 -0.00092562 0.00236769 0.00253364 0.00257965 0.00253195 0.00239711 0.00218568 0.00190890 0.00158199 0.00122516 0.00086168 0.00051480 0.00020535 -0.00004741 -0.00030804 -0.00017148 0.00000331 0.00001667 -0.00000246 -0.00000196 -0.00000120 0.00016145 -0.00620649 -0.00282369 -0.52693269 21.10394 
0.450 0.02226170 4 -2637169.57 -2755567.53 -6245656.86 -647988.36 2131659.48 4880383.69 342631725.95 0.01055256 -0.01830568 -0.02226170 -0.00861311 -0.00076624 0.00393156 0.00417275 0.00423476 0.00416305 0.00396719 0.00366168 0.00326411 0.00279623 0.00228430 0.00175755 0.00124525 0.00077413 0.00036773 -0.00019371 -0.00024249 -0.00002153 0.00001786 -0.00000272 -0.00000172 -0.00000071 0.00030021 -0.00714354 -0.00318925 -0.59140937 22.61136 
0.480 0.02566034 4 -4821342.95 -3674408.79 -6977586.62 -1029597.31 2089659.13 4770590.65 285894404.98 0.01240497 -0.02205798 -0.02566034 -0.00972190 -0.00065300 0.00577646 0.00612027 0.00621980 0.00614573 0.00590869 0.00552512 0.00501649 0.00440946 0.00373550 0.00302921 0.00232639 0.00166125 0.00106403 0.00008976 -0.00030695 -0.00007049 0.00001379 -0.00000231 -0.00000096 -0.00000016 0.00048608 -0.00814144 -0.00355830 -0.65365290 24.11879 
0.510 0.02883695 4 -6324812.99 -4109869.53 -7607177.84 -1409806.15 2163663.55 4638376.98 239568624.26 0.01416246 -0.02566031 -0.02883695 -0.01063082 -0.00071497 0.00700681 0.00744351 0.00758988 0.00753734 0.00729658 0.00688448 0.00632363 0.00564238 0.00487440 0.00405694 0.00322946 0.00243085 0.00169636 0.00039595 -0.00033199 -0.00012097 0.00000528 -0.00000152 0.00000023 0.00000042 0.00062921 -0.00911139 -0.00393695 -0.71787907 25.62621 
0.540 0.03134686 4 -7226324.67 -4267279.16 -8053782.60 -1647039.23 2345286.73 4396489.58 205130777.63 0.01594359 -0.02807474 -0.03134686 -0.01187855 -0.00093549 0.00778533 0.00828622 0.00846747 0.00843433 0.00819752 0.00777412 0.00718716 0.00646566 0.00564418 0.00476114 0.00385776 0.00297524 0.00215170 0.00062545 -0.00034810 -0.00015892 -0.00000041 -0.00000096 0.00000122 0.00000108 0.00072516 -0.00997749 -0.00429199 -0.78737682 27.13363 
