0.001 0.00010934 4 47727.64 1310.61 1247.96 2662.90 3950.14 38556.03 3792811.32 0.00000186 -0.00003490 -0.00010934 -0.00002707 0.00000501 0.00004844 0.00005242 0.00004868 0.00004358 0.00003768 0.00003125 0.00002476 0.00001864 0.00001316 0.00000837 0.00000419 0.00000065 -0.00000231 -0.00000450 0.00000067 0.00001025 -0.00000001 -0.00001038 -0.00000146 0.00000187 0.00000331 -0.00002944 -0.00001204 -0.00215483 0.11809 
0.030 0.00124754 5 1420955.44 42186.05 67953.33 85761.03 117412.40 1107642.62 110727093.65 -0.00038831 -0.00117849 -0.00067247 -0.00042296 -0.00025779 -0.00025207 -0.00024119 -0.00022560 -0.00020260 -0.00017446 -0.00014342 -0.00011211 -0.00008283 -0.00005728 -0.00003644 -0.00002066 -0.00000971 -0.00000296 0.00000284 0.00000364 0.00000583 -0.00000230 -0.00000916 -0.00000263 0.00000004 -0.00001213 -0.00048055 -0.00023171 -0.03112940 3.54264 
0.060 0.00239851 5 2533916.40 -111465.09 -4834.86 134020.43 289263.80 2226932.12 219707182.41 -0.00060284 -0.00232687 -0.00128458 -0.00086091 -0.00051461 -0.00046153 -0.00044446 -0.00041502 -0.00037092 -0.00031556 -0.00025393 -0.00019242 -0.00013692 -0.00009018 -0.00005325 -0.00002609 -0.00000776 0.00000321 0.00001024 0.00000549 0.00000313 -0.00000330 -0.00000797 -0.00000299 -0.00000084 -0.00002165 -0.00092683 -0.00044598 -0.06102657 7.08527 
0.090 0.00348919 5 3854746.76 -186149.10 36523.94 273926.76 455423.87 3275021.28 330621268.30 -0.00086760 -0.00341445 -0.00185500 -0.00129329 -0.00079590 -0.00079861 -0.00078141 -0.00073933 -0.00067214 -0.00058442 -0.00048283 -0.00037620 -0.00027409 -0.00018536 -0.00011360 -0.00005935 -0.00002134 0.00000281 0.00002086 0.00001091 -0.00000015 -0.00000463 -0.00000581 -0.00000336 -0.00000221 -0.00004057 -0.00137430 -0.00066579 -0.09191340 10.62791 
0.120 0.00454558 5 5191260.93 -231086.53 69783.35 444280.12 632959.12 4275324.88 439632076.30 -0.00112582 -0.00446896 -0.00241002 -0.00172804 -0.00107915 -0.00115594 -0.00114051 -0.00108682 -0.00099717 -0.00087721 -0.00073552 -0.00058356 -0.00043379 -0.00029810 -0.00018617 -0.00010032 -0.00003911 0.00000078 0.00003268 0.00001772 -0.00000311 -0.00000575 -0.00000325 -0.00000350 -0.00000345 -0.00006138 -0.00181644 -0.00088411 -0.12285160 14.17054 
0.150 0.00559184 5 6510540.46 -283495.71 121287.95 618287.17 806732.84 5247728.20 546706988.67 -0.00139137 -0.00551351 -0.00295814 -0.00215941 -0.00136684 -0.00153381 -0.00152225 -0.00145900 -0.00134919 -0.00119916 -0.00101906 -0.00082244 -0.00062475 -0.00044094 -0.00028334 -0.00015939 -0.00006915 -0.00000873 0.00004380 0.00002660 -0.00000507 -0.00000652 -0.00000044 -0.00000344 -0.00000454 -0.00008490 -0.00225819 -0.00110369 -0.15403638 17.71318 
0.180 0.00663468 5 7793935.98 -327115.85 164422.01 792806.20 978001.61 6185822.01 650424559.98 -0.00167056 -0.00655280 -0.00350975 -0.00259421 -0.00165083 -0.00196424 -0.00195361 -0.00187887 -0.00174770 -0.00156691 -0.00134739 -0.00110382 -0.00085379 -0.00061539 -0.00040424 -0.00023230 -0.00010507 -0.00001877 0.00005905 0.00003844 -0.00000607 -0.00000690 0.00000256 -0.00000311 -0.00000540 -0.00011189 -0.00270253 -0.00132632 -0.18570779 21.25581 
0.210 0.00766319 5 9086360.48 -334131.57 242219.74 971875.01 1150615.52 7055781.78 749725722.98 -0.00193239 -0.00756336 -0.00408954 -0.00301807 -0.00193293 -0.00248741 -0.00248356 -0.00240067 -0.00225020 -0.00203907 -0.00177879 -0.00148491 -0.00117670 -0.00087556 -0.00060114 -0.00036922 -0.00019044 -0.00006420 0.00006300 0.00005374 -0.00000428 -0.00000661 0.00000556 -0.00000246 -0.00000591 -0.00014891 -0.00314646 -0.00155409 -0.21882112 24.79845 
0.240 0.00848274 5 10126923.91 -308775.90 587907.67 1342884.67 861102.64 7643804.84 810060250.32 -0.00220185 -0.00828854 -0.00453248 -0.00324501 -0.00213994 -0.00304246 -0.00305696 -0.00297633 -0.00281784 -0.00258778 -0.00229707 -0.00196079 -0.00159869 -0.00123381 -0.00088929 -0.00058532 -0.00033810 -0.00015497 0.00005149 0.00007261 0.00000063 -0.00000604 0.00000800 -0.00000153 -0.00000594 -0.00019494 -0.00346688 -0.00172875 -0.24385370 28.34108 
0.270 0.00907552 5 10916512.87 -290562.98 1003045.28 1446280.89 787135.42 7970614.26 851260693.40 -0.00241116 -0.00880020 -0.00497917 -0.00334511 -0.00227518 -0.00355023 -0.00358700 -0.00351430 -0.00335525 -0.00311529 -0.00280435 -0.00243647 -0.00203077 -0.00161110 -0.00120309 -0.00083125 -0.00051712 -0.00027383 0.00002492 0.00009046 0.00000725 -0.00000530 0.00000980 -0.00000049 -0.00000555 -0.00024151 -0.00370721 -0.00186615 -0.26406333 31.88372 
0.300 0.01148787 4 -10861613.50 -412764.22 -781725.44 -999304.41 -1500074.46 -7167744.97 -803729578.23 -0.00196756 0.01109570 0.01127308 0.00319052 0.00197839 0.00580494 0.00599284 0.00600703 0.00590620 0.00569165 0.00536704 0.00493859 0.00441866 0.00382804 0.00319535 0.00255466 0.00194145 0.00138588 0.00043752 -0.00013086 -0.00006960 -0.00000606 -0.00000900 -0.00000214 -0.00000013 0.00050635 0.00457096 0.00241175 0.40159349 35.42635 
0.330 0.01993364 4 -8567677.92 122588.08 541753.22 -587791.09 -1559664.40 -7084563.73 -737412319.25 -0.00692183 0.01969424 0.01981215 0.00644286 0.00169904 0.00423862 0.00443329 0.00450290 0.00450107 0.00442708 0.00427999 0.00405876 0.00376304 0.00339501 0.00296347 0.00248834 0.00199775 0.00152228 0.00060362 -0.00007327 -0.00007659 -0.00001275 -0.00000751 -0.00000157 -0.00000048 0.00042810 0.00713970 0.00357434 0.61443670 38.96899 
0.360 0.02749693 5 -7717747.38 269798.46 750641.47 -267732.69 -1339564.35 -7130890.27 -702082182.54 -0.01149645 0.02749693 0.02683473 0.01003189 0.00166357 0.00330057 0.00352228 0.00363352 0.00368943 0.00368895 0.00363056 0.00351239 0.00333244 0.00308948 0.00278493 0.00242632 0.00202911 0.00161854 0.00073687 -0.00002086 -0.00008053 -0.00001808 -0.00000651 -0.00000081 -0.00000034 0.00038274 0.00954423 0.00467743 0.81778464 42.51163 
