0.001 0.00013763 5 92718.54 2687.87 3090.81 5472.20 8901.58 72566.08 7290928.73 -0.00000662 -0.00007010 -0.00012762 -0.00004041 -0.00000367 0.00004010 0.00004451 0.00004157 0.00003739 0.00003243 0.00002696 0.00002138 0.00001608 0.00001130 0.00000709 0.00000338 0.00000019 -0.00000252 -0.00000452 0.00000046 0.00000962 -0.00000042 -0.00001046 -0.00000171 0.00000162 0.00000285 -0.00004353 -0.00001889 -0.00309937 0.21036 
0.030 0.00220801 5 2637305.83 59592.48 96874.09 171204.15 259339.96 2050295.15 207701880.43 -0.00061547 -0.00213679 -0.00116275 -0.00077383 -0.00048087 -0.00057724 -0.00056834 -0.00054101 -0.00049439 -0.00043213 -0.00035992 -0.00028493 -0.00021342 -0.00014986 -0.00009691 -0.00005557 -0.00002561 -0.00000577 0.00001199 0.00000849 0.00000015 -0.00000381 -0.00000476 -0.00000324 -0.00000270 -0.00003075 -0.00085682 -0.00041799 -0.05694768 6.31077 
0.060 0.00405166 5 5256385.40 113223.59 325603.92 456560.77 535415.39 3825581.72 402934851.50 -0.00111252 -0.00397628 -0.00209871 -0.00148304 -0.00098106 -0.00140680 -0.00141255 -0.00136757 -0.00127885 -0.00115226 -0.00099656 -0.00082351 -0.00064603 -0.00047701 -0.00032796 -0.00020512 -0.00011073 -0.00004348 0.00002717 0.00002719 -0.00000231 -0.00000506 0.00000060 -0.00000263 -0.00000411 -0.00008434 -0.00162118 -0.00080477 -0.11155215 12.62153 
0.090 0.00569504 5 7966911.80 219229.40 721225.71 795185.23 810771.86 5420499.60 590584921.53 -0.00149146 -0.00561770 -0.00292993 -0.00213452 -0.00149279 -0.00261131 -0.00265947 -0.00261456 -0.00249664 -0.00231171 -0.00207020 -0.00178638 -0.00147860 -0.00116641 -0.00086852 -0.00060159 -0.00037955 -0.00020795 0.00000758 0.00006184 0.00000471 -0.00000523 0.00000517 -0.00000155 -0.00000462 -0.00017885 -0.00232848 -0.00118655 -0.16817385 18.93230 
0.120 0.00673310 5 10450530.47 307173.61 1228481.82 1319267.48 1119847.59 6475759.98 747252882.09 -0.00162391 -0.00664355 -0.00350413 -0.00268382 -0.00195975 -0.00411888 -0.00423060 -0.00420105 -0.00406815 -0.00383841 -0.00352276 -0.00313612 -0.00269846 -0.00223460 -0.00177078 -0.00133128 -0.00093838 -0.00060911 -0.00012162 0.00009854 0.00002581 -0.00000260 0.00000817 -0.00000044 -0.00000433 -0.00031703 -0.00286442 -0.00151119 -0.22152571 25.24307 
0.150 0.00781683 5 -7779204.65 -88594.06 139881.94 -55584.30 -643773.78 -7131134.45 -660539846.58 0.00247033 0.00781683 0.00372718 0.00235470 0.00148353 0.00286448 0.00297718 0.00299926 0.00296726 0.00288065 0.00273890 0.00254167 0.00229000 0.00198879 0.00165010 0.00129383 0.00094508 0.00062942 0.00013022 -0.00010033 -0.00002872 0.00000066 -0.00000882 -0.00000199 0.00000034 0.00025150 0.00286377 0.00147607 0.19583229 31.55384 
0.180 0.00869534 5 -8185765.20 -105742.11 144362.40 164443.36 -775738.65 -7613090.19 -699867755.13 0.00214944 0.00869534 0.00479071 0.00246732 0.00154161 0.00327035 0.00340705 0.00344465 0.00342473 0.00334656 0.00320927 0.00301198 0.00275461 0.00243962 0.00207545 0.00167995 0.00127780 0.00089709 0.00023286 -0.00012983 -0.00004820 -0.00000105 -0.00000876 -0.00000190 0.00000051 0.00030269 0.00317390 0.00164865 0.22602576 37.86460 
0.210 0.00923268 5 -8175955.68 -140725.67 89361.50 316585.06 -810571.72 -7630604.86 -697592802.95 0.00134403 0.00923268 0.00621995 0.00244834 0.00148450 0.00362530 0.00378386 0.00383750 0.00383156 0.00376528 0.00363768 0.00344775 0.00319504 0.00288085 0.00251083 0.00209889 0.00166637 0.00124156 0.00043067 -0.00010895 -0.00006523 -0.00000652 -0.00000799 -0.00000131 0.00000067 0.00035817 0.00339929 0.00178378 0.25716129 44.17537 
0.240 0.00945575 5 -7971521.00 -117705.97 112021.49 468215.10 -791165.92 -7642885.70 -688521844.79 0.00097935 0.00945575 0.00682754 0.00237908 0.00140224 0.00382026 0.00399863 0.00407141 0.00408728 0.00404530 0.00394418 0.00378242 0.00355872 0.00327265 0.00292647 0.00252845 0.00209408 0.00164898 0.00071295 -0.00004998 -0.00008228 -0.00001527 -0.00000707 -0.00000038 0.00000083 0.00040990 0.00345931 0.00183939 0.27038858 50.48614 
0.270 0.01019432 5 7874461.13 177905.56 -347830.63 -199960.66 702659.22 7541687.64 680454985.36 -0.00006170 -0.00963457 -0.00892872 -0.00253489 -0.00129595 -0.00390066 -0.00409966 -0.00420327 -0.00425887 -0.00426491 -0.00421914 -0.00411882 -0.00396093 -0.00374254 -0.00346164 -0.00311852 -0.00271786 -0.00227571 -0.00119477 -0.00007252 0.00011171 0.00003146 0.00000525 -0.00000216 -0.00000260 -0.00047626 -0.00379916 -0.00203396 -0.31713546 56.79690 
0.300 0.01297751 5 6384968.58 -608881.99 -656018.74 -701371.78 464565.07 7886676.02 655903318.14 0.00165654 -0.01228043 -0.01208221 -0.00402828 -0.00119194 -0.00232189 -0.00244418 -0.00252183 -0.00258096 -0.00262001 -0.00263666 -0.00262797 -0.00259052 -0.00252060 -0.00241441 -0.00226810 -0.00207799 -0.00184312 -0.00111814 -0.00014917 0.00009570 0.00003546 0.00000497 -0.00000236 -0.00000237 -0.00032820 -0.00476684 -0.00240893 -0.38805415 63.10767 
0.330 0.01485629 5 5871321.25 -690827.64 -860795.63 -896658.76 442595.27 7877008.01 636739667.25 0.00270986 -0.01401493 -0.01391305 -0.00469455 -0.00102724 -0.00179581 -0.00190182 -0.00197558 -0.00203841 -0.00208875 -0.00212425 -0.00214193 -0.00213836 -0.00210998 -0.00205315 -0.00196344 -0.00183560 -0.00166602 -0.00107246 -0.00017045 0.00009586 0.00003828 0.00000451 -0.00000246 -0.00000210 -0.00027753 -0.00526448 -0.00261530 -0.42613186 69.41844 
0.360 0.02073636 5 -11038464.71 -733169.01 -1076480.15 -585013.79 -1157220.94 -7486580.83 -794476344.28 -0.00664072 0.02073636 0.01897857 0.00489446 0.00213232 0.00777773 0.00815885 0.00833003 0.00838074 0.00831142 0.00812313 0.00781764 0.00739772 0.00686779 0.00623676 0.00552242 0.00475085 0.00395585 0.00212430 0.00020391 -0.00018332 -0.00005964 -0.00000334 0.00000429 0.00000168 0.00089524 0.00692470 0.00372171 0.63208377 75.72921 
