0.001 0.00010609 4 52528.83 3183.24 6508.59 5664.58 5098.91 32073.51 3638991.40 0.00000771 -0.00002650 -0.00010609 -0.00002619 0.00000430 0.00004448 0.00004848 0.00004499 0.00004028 0.00003485 0.00002894 0.00002297 0.00001735 0.00001229 0.00000785 0.00000394 0.00000058 -0.00000226 -0.00000436 0.00000077 0.00001030 0.00000002 -0.00001036 -0.00000144 0.00000189 0.00000313 -0.00002738 -0.00001118 -0.00212157 0.04519 
0.030 0.00106106 5 1448310.31 73083.01 141630.73 139273.57 137951.88 956371.11 104282940.27 -0.00027057 -0.00099221 -0.00059864 -0.00039772 -0.00025994 -0.00031191 -0.00030182 -0.00028362 -0.00025588 -0.00022118 -0.00018241 -0.00014296 -0.00010586 -0.00007332 -0.00004665 -0.00002634 -0.00001210 -0.00000315 0.00000458 0.00000507 0.00000700 -0.00000195 -0.00000949 -0.00000227 0.00000061 -0.00001527 -0.00042993 -0.00020965 -0.02968855 1.35571 
0.060 0.00206413 5 2823194.26 119933.37 265278.11 255592.13 267207.62 1915183.03 206343987.70 -0.00056065 -0.00199308 -0.00110521 -0.00076951 -0.00052274 -0.00070321 -0.00069348 -0.00065951 -0.00060278 -0.00052774 -0.00044064 -0.00034952 -0.00026220 -0.00018437 -0.00011941 -0.00006866 -0.00003184 -0.00000737 0.00001461 0.00001123 0.00000421 -0.00000350 -0.00000797 -0.00000285 -0.00000071 -0.00003717 -0.00084018 -0.00041360 -0.05790750 2.71142 
0.090 0.00305313 5 4211023.37 161184.17 418075.73 365522.14 396903.11 2869338.22 308585409.67 -0.00082494 -0.00297919 -0.00160652 -0.00113499 -0.00079016 -0.00115359 -0.00115052 -0.00110572 -0.00102469 -0.00091330 -0.00077952 -0.00063391 -0.00048807 -0.00035345 -0.00023757 -0.00014415 -0.00007394 -0.00002517 0.00002317 0.00002049 0.00000243 -0.00000482 -0.00000605 -0.00000318 -0.00000192 -0.00006565 -0.00124588 -0.00061892 -0.08681020 4.06713 
0.120 0.00402181 5 5618935.78 212615.27 574135.40 500407.71 535329.60 3796447.80 410551782.28 -0.00107739 -0.00394589 -0.00209962 -0.00150563 -0.00106353 -0.00163396 -0.00164043 -0.00158676 -0.00148297 -0.00133623 -0.00115664 -0.00095770 -0.00075392 -0.00055955 -0.00038730 -0.00024464 -0.00013448 -0.00005553 0.00002858 0.00003160 0.00000153 -0.00000592 -0.00000383 -0.00000329 -0.00000301 -0.00009787 -0.00165043 -0.00082567 -0.11628724 5.42283 
0.150 0.00497742 5 7015199.09 267402.59 724976.41 646049.32 678249.80 4698520.97 511090901.10 -0.00132665 -0.00490033 -0.00258649 -0.00187673 -0.00133888 -0.00214278 -0.00216232 -0.00210279 -0.00197924 -0.00179973 -0.00157607 -0.00132429 -0.00106218 -0.00080701 -0.00057415 -0.00037578 -0.00021855 -0.00010269 0.00002881 0.00004461 0.00000192 -0.00000669 -0.00000145 -0.00000325 -0.00000396 -0.00013425 -0.00205348 -0.00103394 -0.14620100 6.77854 
0.180 0.00592701 5 8398888.16 319211.81 868472.38 807793.29 823839.82 5579570.86 610624786.70 -0.00158320 -0.00584868 -0.00307251 -0.00225440 -0.00161689 -0.00270770 -0.00273985 -0.00267439 -0.00253142 -0.00231951 -0.00205170 -0.00174570 -0.00142210 -0.00110160 -0.00080257 -0.00054097 -0.00032853 -0.00016819 0.00002352 0.00005979 0.00000388 -0.00000704 0.00000102 -0.00000306 -0.00000475 -0.00017606 -0.00246023 -0.00124682 -0.17698588 8.13425 
0.210 0.00687938 5 9761346.61 365016.93 1005694.30 984677.29 971945.12 6434012.97 708637247.76 -0.00185467 -0.00679810 -0.00356574 -0.00264269 -0.00189732 -0.00332946 -0.00337539 -0.00330492 -0.00314399 -0.00290145 -0.00259101 -0.00223151 -0.00184566 -0.00145754 -0.00108917 -0.00075938 -0.00048372 -0.00026935 0.00000305 0.00007621 0.00000834 -0.00000667 0.00000350 -0.00000270 -0.00000534 -0.00022493 -0.00287482 -0.00146714 -0.20904956 9.48996 
0.240 0.00792789 5 -10862648.41 -257472.82 -958030.82 -1265403.11 -1179831.21 -7201910.45 -802982375.31 0.00156207 0.00792789 0.00466230 0.00289976 0.00208799 0.00495746 0.00512422 0.00512983 0.00502852 0.00482193 0.00451482 0.00411531 0.00363840 0.00310703 0.00254931 0.00199554 0.00147608 0.00101682 0.00027638 -0.00012165 -0.00004917 -0.00000305 -0.00001103 -0.00000353 -0.00000103 0.00041690 0.00331769 0.00177672 0.26365235 10.84567 
0.270 0.00901983 5 -10761042.20 -231221.76 -755462.08 -1106344.57 -1129758.85 -7538254.94 -813758244.31 0.00087477 0.00901983 0.00660855 0.00299487 0.00203717 0.00519963 0.00538469 0.00541055 0.00533440 0.00515653 0.00487846 0.00450359 0.00404095 0.00350861 0.00293303 0.00234616 0.00178197 0.00126981 0.00039730 -0.00012155 -0.00006257 -0.00000584 -0.00001035 -0.00000315 -0.00000100 0.00046009 0.00374082 0.00199802 0.30569918 12.20138 
0.300 0.01010907 5 -8908169.58 -277623.27 365019.94 36690.60 -1360535.81 -7671721.04 -747012131.88 -0.00013791 0.01010907 0.00873517 0.00288124 0.00162300 0.00426300 0.00442986 0.00447482 0.00444684 0.00434525 0.00416925 0.00391814 0.00359246 0.00319694 0.00274495 0.00226027 0.00177331 0.00131398 0.00047499 -0.00008912 -0.00006451 -0.00000907 -0.00000953 -0.00000270 -0.00000098 0.00040702 0.00397142 0.00207792 0.32397380 13.55708 
0.330 0.01257967 5 -7889999.98 1336.44 449285.58 361910.34 -855959.08 -7846573.25 -705767030.39 -0.00142867 0.01257967 0.01129821 0.00275558 0.00141059 0.00378648 0.00392626 0.00396657 0.00394917 0.00387320 0.00373742 0.00354037 0.00328090 0.00295972 0.00258285 0.00216600 0.00173350 0.00131372 0.00051005 -0.00007081 -0.00006495 -0.00001059 -0.00000883 -0.00000209 -0.00000057 0.00037372 0.00444924 0.00228423 0.35884327 14.91279 
0.360 0.01487498 5 -7657068.26 215954.85 312701.41 420802.29 -531562.43 -8074964.38 -703008926.80 -0.00189423 0.01487498 0.01269029 0.00271626 0.00136019 0.00359908 0.00372526 0.00376201 0.00374785 0.00368182 0.00356250 0.00338805 0.00315671 0.00286784 0.00252464 0.00213820 0.00172838 0.00132283 0.00052648 -0.00006721 -0.00006587 -0.00001095 -0.00000910 -0.00000167 0.00000009 0.00036065 0.00485123 0.00246573 0.38095048 16.26850 
0.390 0.02037108 5 3122336.55 -909599.63 -1973711.23 -1922461.90 300547.29 7627562.02 516230108.62 0.00460274 -0.01917696 -0.01783145 -0.00328816 -0.00081640 -0.00014950 -0.00007584 -0.00004268 -0.00003493 -0.00005106 -0.00008862 -0.00014448 -0.00021485 -0.00029525 -0.00038050 -0.00046471 -0.00054142 -0.00060155 -0.00057223 -0.00020523 0.00001506 0.00002199 0.00000396 -0.00000273 -0.00000334 -0.00005794 -0.00585235 -0.00277422 -0.43665590 17.62421 
0.420 0.02502351 5 2241504.10 -832539.30 -2403671.95 -2342458.31 485384.01 7334789.65 468890328.11 0.00732826 -0.02354288 -0.02217209 -0.00427226 -0.00071252 0.00043956 0.00054959 0.00060153 0.00061779 0.00059997 0.00055052 0.00047262 0.00037006 0.00024736 0.00010987 -0.00003615 -0.00018332 -0.00031967 -0.00048005 -0.00025388 -0.00000377 0.00002286 0.00000360 -0.00000257 -0.00000282 0.00000636 -0.00698595 -0.00327147 -0.52892935 18.97992 
0.450 0.02618604 5 1687670.52 -906692.91 -2566492.95 -2088147.82 487408.64 6761595.56 427832022.55 0.00870476 -0.02456422 -0.02432767 -0.00547388 -0.00058955 0.00123299 0.00136647 0.00142321 0.00143556 0.00140498 0.00133386 0.00122528 0.00108300 0.00091160 0.00071671 0.00050533 0.00028607 0.00007382 -0.00026368 -0.00024185 -0.00003583 0.00001455 0.00000526 -0.00000213 -0.00000346 0.00009312 -0.00758538 -0.00350638 -0.58172393 20.33563 
0.480 0.02984414 4 7341249.23 -225987.93 -822931.31 172194.24 1386107.40 6831866.84 672398293.87 0.01437605 -0.02838164 -0.02984414 -0.01219999 -0.00169926 -0.00333978 -0.00364342 -0.00383801 -0.00398347 -0.00407838 -0.00412074 -0.00410815 -0.00403815 -0.00390820 -0.00371573 -0.00345817 -0.00313396 -0.00274796 -0.00165045 -0.00025266 0.00012718 0.00005227 0.00000258 -0.00000278 -0.00000109 -0.00050257 -0.01042050 -0.00515186 -0.93550601 21.69133 
