0.001 0.00011086 4 60994.17 729.86 5582.27 7365.94 6736.17 40579.93 4547706.84 0.00000532 -0.00003541 -0.00011086 -0.00003009 0.00000220 0.00004446 0.00004857 0.00004514 0.00004043 0.00003496 0.00002898 0.00002294 0.00001724 0.00001212 0.00000764 0.00000371 0.00000036 -0.00000246 -0.00000453 0.00000057 0.00000997 -0.00000022 -0.00001045 -0.00000159 0.00000176 0.00000307 -0.00003107 -0.00001293 -0.00235996 0.02496 
0.030 0.00124387 5 1755930.96 32205.20 151744.12 223877.57 198462.95 1149641.13 130008255.97 -0.00029190 -0.00117459 -0.00070349 -0.00049826 -0.00032228 -0.00038135 -0.00037079 -0.00034935 -0.00031595 -0.00027387 -0.00022659 -0.00017827 -0.00013265 -0.00009245 -0.00005928 -0.00003372 -0.00001552 -0.00000381 0.00000646 0.00000539 0.00000304 -0.00000311 -0.00000728 -0.00000320 -0.00000157 -0.00001939 -0.00051586 -0.00025213 -0.03618499 0.74893 
0.060 0.00235066 5 3405953.23 76076.88 306853.75 415438.04 374248.84 2233335.74 251117390.98 -0.00057988 -0.00227858 -0.00127023 -0.00093210 -0.00063174 -0.00092107 -0.00092006 -0.00088617 -0.00082209 -0.00073243 -0.00062404 -0.00050609 -0.00038877 -0.00028088 -0.00018823 -0.00011369 -0.00005781 -0.00001917 0.00001896 0.00001622 0.00000004 -0.00000441 -0.00000374 -0.00000319 -0.00000308 -0.00005271 -0.00098008 -0.00048744 -0.06967668 1.49786 
0.090 0.00334659 5 4966778.22 116555.99 462750.01 627875.81 550576.90 3209019.51 364060410.30 -0.00082873 -0.00327171 -0.00178736 -0.00134296 -0.00092811 -0.00145142 -0.00146266 -0.00142024 -0.00133210 -0.00120421 -0.00104534 -0.00086732 -0.00068351 -0.00050741 -0.00035115 -0.00022164 -0.00012158 -0.00004986 0.00002667 0.00002890 -0.00000099 -0.00000514 -0.00000040 -0.00000277 -0.00000392 -0.00008833 -0.00140949 -0.00070766 -0.10158992 2.24679 
0.120 0.00436851 5 -6050834.93 -40588.12 -411000.96 -690243.53 -687964.77 -4221037.54 -462837812.47 0.00114997 0.00436851 0.00215035 0.00170248 0.00118253 0.00189179 0.00191108 0.00185430 0.00174212 0.00158128 0.00138234 0.00115956 0.00092832 0.00070354 0.00049927 0.00032507 0.00018641 0.00008349 -0.00003162 -0.00003965 0.00000159 0.00000179 -0.00000850 -0.00000276 -0.00000083 0.00011736 0.00179772 0.00090507 0.12749260 2.99572 
0.150 0.00540997 5 -7451402.81 -76537.73 -503333.70 -820984.82 -840731.97 -5209814.58 -568946750.29 0.00141352 0.00540997 0.00267548 0.00208738 0.00145297 0.00249056 0.00252992 0.00247366 0.00234840 0.00216036 0.00192028 0.00164266 0.00134621 0.00105027 0.00077215 0.00052739 0.00032565 0.00017043 -0.00001890 -0.00005662 -0.00000290 0.00000250 -0.00000870 -0.00000243 -0.00000035 0.00016469 0.00222156 0.00112890 0.15960067 3.74465 
0.180 0.00623949 5 -8676924.26 -95002.24 -618806.69 -967856.64 -989300.92 -6005957.77 -659657946.70 0.00159201 0.00623949 0.00310120 0.00240462 0.00168505 0.00319874 0.00327294 0.00323012 0.00310512 0.00290310 0.00263369 0.00230978 0.00194973 0.00157668 0.00121347 0.00087968 0.00059148 0.00035731 0.00003620 -0.00007690 -0.00001300 0.00000214 -0.00000887 -0.00000208 0.00000020 0.00023119 0.00256902 0.00132711 0.18943540 4.49358 
0.210 0.00702183 5 9894389.48 322494.28 797340.75 1048388.44 1084253.86 6641912.15 731497197.30 -0.00177086 -0.00693823 -0.00365749 -0.00269904 -0.00188326 -0.00377620 -0.00387845 -0.00385472 -0.00373934 -0.00353684 -0.00325587 -0.00290864 -0.00251243 -0.00208962 -0.00166402 -0.00125755 -0.00089022 -0.00057924 -0.00011712 0.00009260 0.00002500 -0.00000410 0.00000400 -0.00000270 -0.00000549 -0.00029348 -0.00291312 -0.00152151 -0.21951581 5.24251 
0.240 0.00796955 5 9968262.23 -316311.46 871397.67 945597.25 1290294.25 7177284.52 788230854.23 -0.00179216 -0.00772983 -0.00459803 -0.00298076 -0.00202580 -0.00400560 -0.00413090 -0.00414105 -0.00407163 -0.00392293 -0.00369679 -0.00339677 -0.00303123 -0.00261556 -0.00217150 -0.00172355 -0.00129683 -0.00091358 -0.00027465 0.00009333 0.00004170 0.00000059 0.00000585 -0.00000220 -0.00000549 -0.00034686 -0.00329760 -0.00173010 -0.25347946 5.99144 
0.270 0.00924779 5 10115580.94 -158170.52 485120.46 875676.75 1125990.71 7786963.53 813795169.16 -0.00124937 -0.00882159 -0.00633275 -0.00319507 -0.00201384 -0.00444084 -0.00460621 -0.00464895 -0.00461195 -0.00449460 -0.00429666 -0.00401852 -0.00366354 -0.00324114 -0.00276896 -0.00227265 -0.00178135 -0.00132151 -0.00048250 0.00008476 0.00006265 0.00000685 0.00000672 -0.00000156 -0.00000488 -0.00041849 -0.00374002 -0.00197554 -0.29861146 6.74037 
0.300 0.01041362 5 9854135.15 229774.63 66169.05 490068.24 1236683.31 7831439.92 792951717.59 -0.00017328 -0.00986734 -0.00880440 -0.00325713 -0.00186572 -0.00483586 -0.00504508 -0.00512571 -0.00512826 -0.00505161 -0.00489446 -0.00465544 -0.00433425 -0.00393385 -0.00346430 -0.00294592 -0.00240690 -0.00187834 -0.00081085 0.00004512 0.00008999 0.00001690 0.00000656 -0.00000118 -0.00000378 -0.00050070 -0.00418265 -0.00222671 -0.35130445 7.48930 
0.330 0.01194262 4 6747864.29 149716.39 -1023430.95 -1141522.45 1564939.07 7198162.23 641920605.41 0.00225532 -0.01089841 -0.01194262 -0.00334460 -0.00133988 -0.00344724 -0.00360846 -0.00369272 -0.00373629 -0.00373784 -0.00369552 -0.00360699 -0.00346972 -0.00328121 -0.00303977 -0.00274553 -0.00240226 -0.00202305 -0.00108022 -0.00008349 0.00009551 0.00002980 0.00000372 -0.00000138 -0.00000194 -0.00042002 -0.00444458 -0.00230664 -0.38612091 8.23823 
0.360 0.01439024 4 5930226.76 -168854.45 -1003987.58 -1400028.46 1503689.24 6999408.01 606786544.28 0.00402956 -0.01293857 -0.01439024 -0.00377121 -0.00127673 -0.00312290 -0.00326864 -0.00335061 -0.00340124 -0.00341925 -0.00340279 -0.00334952 -0.00325676 -0.00312166 -0.00294164 -0.00271481 -0.00244067 -0.00212330 -0.00124157 -0.00016173 0.00010035 0.00003801 0.00000245 -0.00000163 -0.00000104 -0.00040703 -0.00498468 -0.00255292 -0.43768800 8.98716 
0.390 0.01694731 4 5062204.39 -834836.92 -898237.95 -1479876.23 1340631.51 6934523.96 587427202.98 0.00557604 -0.01579576 -0.01694731 -0.00433045 -0.00124528 -0.00230013 -0.00238756 -0.00244114 -0.00248040 -0.00250401 -0.00250992 -0.00249559 -0.00245801 -0.00239387 -0.00229975 -0.00217248 -0.00200943 -0.00180922 -0.00116211 -0.00021733 0.00007934 0.00003855 0.00000296 -0.00000164 -0.00000108 -0.00032120 -0.00568063 -0.00283357 -0.48664590 9.73609 
0.420 0.01845901 5 4163028.09 -865917.74 -1349122.38 -1577056.80 849508.45 7105616.56 547990017.52 0.00607187 -0.01752907 -0.01807561 -0.00478771 -0.00109830 -0.00128573 -0.00131920 -0.00134952 -0.00138131 -0.00141310 -0.00144267 -0.00146733 -0.00148372 -0.00148810 -0.00147663 -0.00144540 -0.00139087 -0.00130898 -0.00094788 -0.00024484 0.00004872 0.00003466 0.00000409 -0.00000113 -0.00000104 -0.00020852 -0.00604876 -0.00294629 -0.50006911 10.48502 
0.450 0.01917710 5 4087779.79 -644751.97 -1703555.00 -1546100.30 776018.39 7206168.68 542507858.66 0.00618810 -0.01819315 -0.01834780 -0.00477533 -0.00099702 -0.00116380 -0.00120089 -0.00123738 -0.00127703 -0.00131829 -0.00135882 -0.00139584 -0.00142612 -0.00144548 -0.00145004 -0.00143549 -0.00139829 -0.00133309 -0.00100222 -0.00028495 0.00004745 0.00003838 0.00000444 -0.00000150 -0.00000124 -0.00020546 -0.00611117 -0.00297392 -0.50141323 11.23395 
0.480 0.01936107 5 3948272.01 -439555.16 -2095910.87 -1548084.43 771426.71 7260395.77 535021172.85 0.00629143 -0.01834243 -0.01846469 -0.00498906 -0.00103267 -0.00108431 -0.00111967 -0.00115805 -0.00120203 -0.00125001 -0.00129957 -0.00134776 -0.00139109 -0.00142585 -0.00144786 -0.00145208 -0.00143304 -0.00138634 -0.00109855 -0.00035471 0.00005203 0.00004707 0.00000373 -0.00000243 -0.00000133 -0.00020793 -0.00619719 -0.00301555 -0.50947779 11.98288 
0.510 0.01928519 5 3925791.34 -343138.98 -2372305.58 -1431201.05 728734.73 7343702.23 536981800.15 0.00617674 -0.01824098 -0.01826642 -0.00496246 -0.00125736 -0.00116765 -0.00118349 -0.00120851 -0.00124135 -0.00128034 -0.00132300 -0.00136627 -0.00140680 -0.00144116 -0.00146536 -0.00147381 -0.00145969 -0.00141718 -0.00113525 -0.00037347 0.00006199 0.00005254 0.00000348 -0.00000326 -0.00000179 -0.00021298 -0.00622872 -0.00303302 -0.51242775 12.73181 
0.540 0.01980132 5 3840756.07 -271183.74 -2585871.48 -1388433.27 650502.82 7435741.73 535133940.67 0.00577302 -0.01871977 -0.01842221 -0.00473399 -0.00116093 -0.00088149 -0.00086967 -0.00087662 -0.00089621 -0.00092678 -0.00096582 -0.00101030 -0.00105711 -0.00110341 -0.00114576 -0.00117815 -0.00119214 -0.00118012 -0.00098226 -0.00033540 0.00006002 0.00004923 0.00000369 -0.00000329 -0.00000214 -0.00016824 -0.00626187 -0.00302479 -0.50241314 13.48074 
0.570 0.02038235 5 3759737.20 -268064.93 -2698860.92 -1362782.62 633228.32 7456217.36 533545511.44 0.00542917 -0.01926709 -0.01870581 -0.00447748 -0.00108506 -0.00061521 -0.00057581 -0.00056397 -0.00056907 -0.00058944 -0.00062261 -0.00066565 -0.00071581 -0.00077106 -0.00082879 -0.00088277 -0.00092283 -0.00093920 -0.00082003 -0.00029037 0.00005713 0.00004471 0.00000371 -0.00000307 -0.00000220 -0.00012401 -0.00632011 -0.00302859 -0.49485805 14.22967 
0.600 0.02087680 5 3617265.83 -285113.16 -2765403.60 -1386423.98 692787.55 7361419.02 526295306.32 0.00519998 -0.01972702 -0.01901853 -0.00419356 -0.00101940 -0.00033997 -0.00027080 -0.00023781 -0.00022535 -0.00023179 -0.00025473 -0.00029142 -0.00033970 -0.00039885 -0.00046764 -0.00053977 -0.00060291 -0.00064425 -0.00059255 -0.00019382 0.00006091 0.00003633 0.00000405 -0.00000225 -0.00000207 -0.00007134 -0.00635882 -0.00301877 -0.48670672 14.97860 
0.630 0.02112176 5 3528169.24 -275464.46 -2768421.31 -1432978.93 820321.17 7184712.78 517628667.58 0.00517794 -0.01993032 -0.01924982 -0.00395731 -0.00098288 -0.00027087 -0.00018789 -0.00014385 -0.00012081 -0.00011717 -0.00013059 -0.00015852 -0.00019954 -0.00025443 -0.00032351 -0.00040047 -0.00047068 -0.00051798 -0.00047329 -0.00011951 0.00007157 0.00003055 0.00000396 -0.00000170 -0.00000188 -0.00004925 -0.00635702 -0.00300618 -0.48245851 15.72753 
0.660 0.02175015 5 3322170.39 -239461.46 -2835726.79 -1644806.60 1027410.48 7014754.76 504575377.08 0.00545130 -0.02047319 -0.01978400 -0.00370688 -0.00096768 -0.00019391 -0.00009255 -0.00003430 0.00000211 0.00001827 0.00001646 -0.00000104 -0.00003365 -0.00008380 -0.00015350 -0.00023652 -0.00031601 -0.00037222 -0.00034150 -0.00004097 0.00008206 0.00002413 0.00000361 -0.00000101 -0.00000149 -0.00002400 -0.00641397 -0.00301947 -0.48386022 16.47646 
0.690 0.02239845 5 3038750.53 -261335.06 -2743320.30 -2135378.25 1342455.98 6836328.15 488618300.44 0.00604219 -0.02103141 -0.02038935 -0.00330860 -0.00093132 -0.00025002 -0.00013793 -0.00006997 -0.00002276 0.00000528 0.00001637 0.00001250 -0.00000670 -0.00004554 -0.00010799 -0.00018816 -0.00026629 -0.00031923 -0.00026353 0.00003352 0.00009443 0.00001780 0.00000332 -0.00000029 -0.00000110 -0.00001628 -0.00640727 -0.00301222 -0.48477071 17.22539 
0.720 0.02346192 5 2743054.22 -419730.26 -2291086.46 -2543647.68 972543.93 7024974.70 470542816.25 0.00676380 -0.02202240 -0.02088558 -0.00266675 -0.00087926 -0.00049801 -0.00038512 -0.00031180 -0.00025536 -0.00021435 -0.00018669 -0.00017074 -0.00016790 -0.00018440 -0.00022629 -0.00028781 -0.00034779 -0.00038061 -0.00025540 0.00009455 0.00010867 0.00001287 0.00000294 0.00000029 -0.00000078 -0.00003249 -0.00633945 -0.00298905 -0.48062122 17.97432 
0.750 0.02362551 5 2483377.27 -644252.42 -2305565.12 -2495546.11 923400.74 7005340.19 467043617.66 0.00686222 -0.02215413 -0.02107026 -0.00265414 -0.00083739 -0.00008239 0.00006298 0.00015631 0.00022776 0.00027877 0.00031142 0.00032718 0.00032402 0.00029425 0.00023020 0.00013779 0.00003932 -0.00003667 -0.00002188 0.00016284 0.00009660 0.00000226 0.00000378 0.00000125 -0.00000084 0.00003154 -0.00635263 -0.00296121 -0.47522192 18.72325 
0.780 0.02297857 5 2276433.44 -775292.14 -2667681.59 -2388552.07 1385035.69 6722923.54 469962281.27 0.00692828 -0.02148890 -0.02123680 -0.00345282 -0.00087147 0.00060346 0.00078269 0.00089326 0.00097423 0.00102711 0.00105409 0.00105667 0.00103252 0.00097311 0.00087001 0.00072828 0.00057106 0.00043019 0.00027441 0.00022989 0.00008254 -0.00000799 0.00000452 0.00000224 -0.00000074 0.00012283 -0.00651157 -0.00298722 -0.48626125 19.47218 
0.810 0.02134048 5 2827028.19 -288649.21 -2994221.14 -1946837.87 1357166.22 6699570.20 480043813.21 0.00679034 -0.01988595 -0.02030434 -0.00449565 -0.00117760 0.00016031 0.00029568 0.00037858 0.00043953 0.00048008 0.00050239 0.00050787 0.00049384 0.00045086 0.00036936 0.00025356 0.00012658 0.00002126 -0.00000651 0.00016456 0.00008988 -0.00000405 0.00000465 0.00000187 -0.00000093 0.00005080 -0.00655401 -0.00304538 -0.50882652 20.22111 
0.840 0.02096979 5 3142797.08 -243995.74 -2890985.15 -1805409.64 1240842.97 6842344.64 494770924.02 0.00675047 -0.01954227 -0.02008953 -0.00506380 -0.00116771 0.00013020 0.00023819 0.00030190 0.00034699 0.00037506 0.00038832 0.00038821 0.00037182 0.00032894 0.00024838 0.00013307 0.00000654 -0.00009631 -0.00009141 0.00015477 0.00009903 -0.00000247 0.00000483 0.00000152 -0.00000138 0.00003498 -0.00661933 -0.00308440 -0.51873632 20.97004 
0.870 0.02100685 5 3374665.30 -197234.59 -2808939.20 -1630712.12 1116620.25 6894930.97 502253518.76 0.00673716 -0.01958194 -0.02016181 -0.00533641 -0.00118131 0.00004765 0.00013924 0.00019273 0.00023014 0.00025307 0.00026377 0.00026368 0.00024985 0.00021134 0.00013532 0.00002306 -0.00010212 -0.00020390 -0.00017860 0.00013387 0.00010577 -0.00000039 0.00000483 0.00000128 -0.00000157 0.00001774 -0.00671127 -0.00313666 -0.52843155 21.71897 
0.900 0.02146236 5 3533298.09 -196110.37 -2780582.57 -1509301.58 1074591.25 6944701.36 510829153.14 0.00675322 -0.02001080 -0.02055878 -0.00564889 -0.00098276 0.00024657 0.00031981 0.00035909 0.00038294 0.00039298 0.00039149 0.00038007 0.00035590 0.00030789 0.00022180 0.00009689 -0.00004440 -0.00016462 -0.00017587 0.00013443 0.00011494 0.00000116 0.00000470 0.00000101 -0.00000179 0.00003129 -0.00683726 -0.00318852 -0.53528503 22.46790 
0.930 0.02147798 5 3785033.68 -107376.19 -2670319.67 -1251882.36 888941.26 6925670.65 513041311.41 0.00672158 -0.02002764 -0.02070580 -0.00613094 -0.00083409 0.00031224 0.00035576 0.00037492 0.00038159 0.00037737 0.00036450 0.00034452 0.00031463 0.00026335 0.00017475 0.00004513 -0.00010375 -0.00023311 -0.00025673 0.00010265 0.00012875 0.00000769 0.00000405 0.00000025 -0.00000203 0.00002434 -0.00694087 -0.00324078 -0.54499640 23.21683 
0.960 0.02136551 5 4002869.77 -35010.60 -2480636.45 -1091437.36 677509.63 6932444.56 512934985.56 0.00667309 -0.01990919 -0.02072124 -0.00676477 -0.00073772 0.00040254 0.00041811 0.00041803 0.00040774 0.00038880 0.00036345 0.00033329 0.00029559 0.00023864 0.00014507 0.00000857 -0.00015154 -0.00029527 -0.00034178 0.00005433 0.00013988 0.00001637 0.00000331 -0.00000084 -0.00000235 0.00001899 -0.00706054 -0.00329973 -0.55687753 23.96576 
0.990 0.02204409 5 4083289.13 -56284.87 -2354714.23 -1016313.95 504986.74 7005615.43 514717435.75 0.00692399 -0.02055851 -0.02124306 -0.00739441 -0.00083709 0.00051142 0.00052565 0.00052426 0.00051172 0.00048961 0.00046021 0.00042525 0.00038230 0.00031960 0.00021844 0.00007012 -0.00010766 -0.00027438 -0.00037920 0.00000967 0.00015412 0.00002826 0.00000271 -0.00000210 -0.00000272 0.00002618 -0.00737622 -0.00344389 -0.58255532 24.71469 
1.020 0.02353152 5 3992602.40 -114195.79 -2387811.07 -1014945.00 399005.80 7110548.47 515149153.01 0.00761739 -0.02198508 -0.02243861 -0.00812216 -0.00100635 0.00069304 0.00072305 0.00072994 0.00072142 0.00069916 0.00066553 0.00062256 0.00056853 0.00049308 0.00037903 0.00021818 0.00002699 -0.00015622 -0.00032359 -0.00000909 0.00015015 0.00003384 0.00000265 -0.00000272 -0.00000293 0.00004847 -0.00788885 -0.00367236 -0.62328258 25.46362 
1.050 0.02573281 5 3745575.64 -439924.46 -2294784.64 -899256.97 127142.92 7252398.79 516364933.13 0.00862024 -0.02413760 -0.02413201 -0.00878891 -0.00160160 0.00076753 0.00085670 0.00090338 0.00092727 0.00093002 0.00091410 0.00088176 0.00083181 0.00075456 0.00063347 0.00046079 0.00025273 0.00004668 -0.00020522 -0.00000318 0.00014793 0.00003690 0.00000319 -0.00000267 -0.00000279 0.00007955 -0.00865309 -0.00401411 -0.68368754 26.21255 
1.080 0.02733582 5 3812074.51 -363043.49 -2232470.52 -958504.17 18983.89 7347108.81 515725391.98 0.00970818 -0.02570844 -0.02570064 -0.01033015 -0.00158549 0.00116420 0.00124093 0.00127668 0.00128895 0.00127938 0.00125045 0.00120436 0.00113988 0.00104697 0.00090808 0.00071391 0.00047969 0.00024314 -0.00009706 -0.00000301 0.00014415 0.00003892 0.00000322 -0.00000299 -0.00000299 0.00011937 -0.00933968 -0.00431481 -0.74173696 26.96148 
1.110 0.02902439 5 3763461.78 -300897.83 -2287747.41 -1099992.78 -39173.47 7491273.27 514944320.35 0.01094351 -0.02733833 -0.02724996 -0.01183585 -0.00172484 0.00160891 0.00169430 0.00173442 0.00174839 0.00173781 0.00170507 0.00165225 0.00157772 0.00147001 0.00131036 0.00108950 0.00082214 0.00054728 0.00008403 0.00000576 0.00013751 0.00004072 0.00000326 -0.00000325 -0.00000312 0.00017522 -0.01004936 -0.00461782 -0.80141919 27.71041 
1.140 0.03014662 5 3726769.05 -337113.93 -2200215.29 -1180024.36 -188303.19 7632425.82 514870339.79 0.01207361 -0.02842034 -0.02832053 -0.01325074 -0.00215554 0.00177771 0.00188571 0.00194134 0.00196853 0.00196890 0.00194481 0.00189829 0.00182728 0.00171901 0.00155179 0.00131363 0.00101995 0.00071048 0.00015060 -0.00001379 0.00013415 0.00004601 0.00000232 -0.00000395 -0.00000310 0.00020291 -0.01070163 -0.00490888 -0.86199334 28.45934 
1.170 0.03137723 5 3703332.92 -354183.22 -2083839.27 -1294632.05 -308522.74 7744510.20 513450416.93 0.01311457 -0.02958938 -0.02944370 -0.01447161 -0.00246869 0.00205008 0.00218204 0.00225554 0.00229902 0.00231389 0.00230221 0.00226549 0.00220058 0.00209224 0.00191611 0.00166056 0.00134230 0.00100211 0.00034207 0.00001063 0.00012018 0.00004408 0.00000253 -0.00000373 -0.00000310 0.00025031 -0.01129700 -0.00516280 -0.91360136 29.20827 
