0.001 0.00010852 4 48359.72 113.94 2238.26 4384.53 5003.77 36619.22 3820337.27 0.00000512 -0.00003186 -0.00010852 -0.00002736 0.00000468 0.00004824 0.00005224 0.00004850 0.00004340 0.00003748 0.00003103 0.00002452 0.00001840 0.00001292 0.00000814 0.00000398 0.00000047 -0.00000246 -0.00000461 0.00000055 0.00001003 -0.00000017 -0.00001045 -0.00000156 0.00000178 0.00000326 -0.00002878 -0.00001176 -0.00215901 0.02846 
0.030 0.00113419 5 1239893.01 15238.41 42790.04 52980.36 112449.76 1016434.44 99945542.11 -0.00031017 -0.00106521 -0.00062142 -0.00038079 -0.00022421 -0.00019871 -0.00018807 -0.00017470 -0.00015585 -0.00013343 -0.00010915 -0.00008495 -0.00006252 -0.00004308 -0.00002735 -0.00001555 -0.00000748 -0.00000266 0.00000147 0.00000250 0.00000457 -0.00000255 -0.00000851 -0.00000300 -0.00000075 -0.00000938 -0.00042834 -0.00020578 -0.02788099 0.85365 
0.060 0.00215383 5 2374809.62 14665.21 54963.95 111656.01 218839.56 1974684.88 193764782.52 -0.00063827 -0.00208253 -0.00112541 -0.00073021 -0.00044480 -0.00044349 -0.00042962 -0.00040273 -0.00036042 -0.00030632 -0.00024589 -0.00018595 -0.00013209 -0.00008685 -0.00005116 -0.00002493 -0.00000722 0.00000337 0.00001016 0.00000495 0.00000054 -0.00000366 -0.00000594 -0.00000336 -0.00000231 -0.00002119 -0.00082258 -0.00039686 -0.05303264 1.70731 
0.090 0.00310256 5 3520592.54 7921.23 102127.84 211496.03 332671.31 2866376.12 285610333.02 -0.00094157 -0.00302845 -0.00160002 -0.00107580 -0.00067173 -0.00071281 -0.00069748 -0.00065841 -0.00059506 -0.00051229 -0.00041701 -0.00031833 -0.00022581 -0.00014747 -0.00008571 -0.00004025 -0.00000942 0.00000929 0.00002082 0.00000891 -0.00000274 -0.00000448 -0.00000331 -0.00000334 -0.00000337 -0.00003517 -0.00120295 -0.00058260 -0.07800557 2.56096 
0.120 0.00412154 5 5344163.17 91454.85 273152.82 528893.40 573093.94 3877568.16 412285778.67 -0.00115753 -0.00404548 -0.00214588 -0.00154246 -0.00100975 -0.00141539 -0.00142269 -0.00137935 -0.00129217 -0.00116674 -0.00101159 -0.00083824 -0.00065954 -0.00048862 -0.00033729 -0.00021210 -0.00011555 -0.00004648 0.00002676 0.00002772 -0.00000261 -0.00000501 0.00000119 -0.00000260 -0.00000430 -0.00008563 -0.00166635 -0.00082663 -0.11472175 3.41462 
0.150 0.00517594 5 6679779.63 111688.16 360318.75 646894.35 708423.86 4852454.51 515089283.00 -0.00147389 -0.00509828 -0.00266916 -0.00192685 -0.00127676 -0.00184379 -0.00185973 -0.00180970 -0.00170439 -0.00154986 -0.00135618 -0.00113720 -0.00090865 -0.00068618 -0.00048400 -0.00031299 -0.00017846 -0.00008010 0.00002945 0.00003857 -0.00000228 -0.00000506 0.00000398 -0.00000194 -0.00000460 -0.00011528 -0.00209299 -0.00104239 -0.14453753 4.26827 
0.180 0.00630178 5 8092797.44 107381.21 500571.11 773921.30 838069.81 5872854.01 623485567.86 -0.00180889 -0.00621837 -0.00322506 -0.00234098 -0.00157008 -0.00239307 -0.00241605 -0.00235703 -0.00223094 -0.00204379 -0.00180619 -0.00153274 -0.00124213 -0.00095384 -0.00068544 -0.00045217 -0.00026545 -0.00012685 0.00003270 0.00005361 -0.00000058 -0.00000511 0.00000662 -0.00000105 -0.00000458 -0.00015390 -0.00255249 -0.00127830 -0.17752173 5.12193 
0.210 0.00746915 5 9597632.31 121597.92 706410.89 886456.84 976689.79 6906476.86 734952015.83 -0.00209119 -0.00735320 -0.00381734 -0.00276282 -0.00188194 -0.00312094 -0.00316453 -0.00310491 -0.00296410 -0.00274789 -0.00246664 -0.00213466 -0.00177145 -0.00140097 -0.00104640 -0.00072759 -0.00046056 -0.00025341 0.00000774 0.00007454 0.00000599 -0.00000463 0.00000887 -0.00000005 -0.00000421 -0.00021342 -0.00302537 -0.00153159 -0.21438368 5.97558 
0.240 0.00796454 5 10166426.74 4284.07 780333.73 1036291.24 1162786.21 7182731.50 782106973.53 -0.00187335 -0.00770182 -0.00449666 -0.00299571 -0.00200953 -0.00357934 -0.00364838 -0.00360314 -0.00347094 -0.00325624 -0.00296766 -0.00261691 -0.00222090 -0.00180242 -0.00138800 -0.00100288 -0.00066909 -0.00040074 -0.00003688 0.00008982 0.00001421 -0.00000374 0.00000971 0.00000053 -0.00000370 -0.00026093 -0.00327479 -0.00167376 -0.24167384 6.82923 
0.270 0.00852089 5 10282971.81 174823.12 809951.67 720570.00 1189876.19 7387750.83 786279085.23 -0.00125173 -0.00813978 -0.00565181 -0.00298540 -0.00196302 -0.00415372 -0.00427587 -0.00427092 -0.00417591 -0.00399225 -0.00372423 -0.00337895 -0.00296918 -0.00251477 -0.00204116 -0.00157601 -0.00114618 -0.00077282 -0.00019070 0.00010384 0.00003499 -0.00000041 0.00000870 -0.00000014 -0.00000432 -0.00034098 -0.00346743 -0.00180658 -0.27110901 7.68289 
0.300 0.00877582 5 8917674.71 3575.45 361372.25 210398.07 1210959.44 7131369.50 724608504.36 -0.00031367 -0.00829415 -0.00706166 -0.00286261 -0.00169766 -0.00358111 -0.00368717 -0.00369156 -0.00362475 -0.00348677 -0.00327886 -0.00300353 -0.00266747 -0.00228415 -0.00187407 -0.00146273 -0.00107624 -0.00073597 -0.00019406 0.00009145 0.00003287 -0.00000004 0.00000801 -0.00000027 -0.00000407 -0.00030315 -0.00352941 -0.00181555 -0.28223603 8.53654 
0.330 0.00915320 5 -11344527.63 -132771.24 -996242.29 -1331386.25 -1050782.86 -7833344.99 -852716028.36 0.00169927 0.00915320 0.00579307 0.00313935 0.00223310 0.00522141 0.00539339 0.00540368 0.00530758 0.00510643 0.00480388 0.00440628 0.00392569 0.00338199 0.00280239 0.00221953 0.00166724 0.00117376 0.00035471 -0.00011889 -0.00005689 -0.00000484 -0.00001074 -0.00000321 -0.00000087 0.00044950 0.00378533 0.00201326 0.29820219 9.39020 
0.360 0.00984491 5 -11684837.41 -266656.49 -1025752.66 -1397887.30 -1096302.88 -7898238.09 -866223354.15 0.00096531 0.00984491 0.00735525 0.00323224 0.00225100 0.00588841 0.00609775 0.00613119 0.00605152 0.00585930 0.00555664 0.00514765 0.00464183 0.00405704 0.00342007 0.00276558 0.00213115 0.00155021 0.00053315 -0.00011749 -0.00007644 -0.00000916 -0.00000990 -0.00000282 -0.00000098 0.00053145 0.00411758 0.00221254 0.33975026 10.24385 
0.390 0.01053495 5 -9422144.00 -570623.32 24499.67 -39615.02 -1499857.93 -7336547.40 -743055919.09 -0.00095907 0.01053495 0.01006037 0.00294241 0.00172139 0.00522503 0.00542840 0.00548559 0.00545468 0.00533519 0.00512675 0.00482919 0.00444384 0.00397651 0.00344198 0.00286648 0.00228366 0.00172879 0.00068526 -0.00007529 -0.00008597 -0.00001503 -0.00000770 -0.00000234 -0.00000156 0.00050909 0.00424410 0.00225998 0.36531366 11.09750 
0.420 0.01194882 4 -7816721.91 -310459.37 223654.78 788010.79 -1367882.82 -7150045.30 -667237565.25 -0.00237755 0.01162207 0.01172953 0.00270407 0.00144677 0.00460340 0.00477742 0.00483120 0.00481605 0.00473136 0.00457627 0.00434972 0.00405100 0.00368120 0.00324640 0.00276216 0.00225288 0.00175019 0.00074807 -0.00004313 -0.00008699 -0.00001809 -0.00000631 -0.00000198 -0.00000179 0.00046815 0.00434989 0.00228782 0.37810865 11.95116 
0.450 0.01227019 4 -7972190.65 186558.16 3362.27 521687.12 -1477624.60 -7206173.60 -699936893.03 -0.00278094 0.01186762 0.01209816 0.00324202 0.00153703 0.00450823 0.00469370 0.00475882 0.00475673 0.00468679 0.00454810 0.00433949 0.00406004 0.00371018 0.00329452 0.00282593 0.00232597 0.00182505 0.00080530 -0.00002813 -0.00008947 -0.00001983 -0.00000638 -0.00000152 -0.00000133 0.00047083 0.00455454 0.00238518 0.39960514 12.80481 
0.480 0.01317599 4 -7753806.07 427723.64 -157874.07 512434.18 -1360834.61 -7175255.22 -693955871.74 -0.00347541 0.01288847 0.01299929 0.00331947 0.00147978 0.00444759 0.00463755 0.00471003 0.00471820 0.00466141 0.00453866 0.00434870 0.00409039 0.00376363 0.00337159 0.00292416 0.00243892 0.00194316 0.00089621 -0.00000077 -0.00008996 -0.00002219 -0.00000647 -0.00000107 -0.00000087 0.00047846 0.00474293 0.00247754 0.41721906 13.65847 
0.510 0.01389659 5 -7541523.44 265435.61 -94176.55 677506.13 -1107102.01 -7283186.61 -674719174.96 -0.00367978 0.01389659 0.01335983 0.00284278 0.00133327 0.00452999 0.00473172 0.00481551 0.00483570 0.00479153 0.00468192 0.00450544 0.00426080 0.00394748 0.00356756 0.00312852 0.00264427 0.00213907 0.00102299 0.00001829 -0.00009982 -0.00002584 -0.00000605 -0.00000043 -0.00000043 0.00050211 0.00471981 0.00247927 0.41185930 14.51212 
0.540 0.01541842 5 -7152512.64 -117181.09 217124.32 910222.14 -786686.47 -7375991.53 -638582523.90 -0.00385916 0.01541842 0.01404688 0.00208039 0.00108797 0.00456641 0.00477177 0.00486126 0.00488981 0.00485662 0.00476048 0.00459985 0.00437331 0.00408003 0.00372118 0.00330194 0.00283267 0.00233382 0.00118574 0.00008082 -0.00009637 -0.00003008 -0.00000531 0.00000035 -0.00000003 0.00052380 0.00471076 0.00248655 0.40309749 15.36578 
0.570 0.01686643 4 5581393.86 -96713.01 -1294623.67 -1107158.29 1247785.90 6832102.94 580666506.33 0.00582244 -0.01566213 -0.01686643 -0.00405897 -0.00126424 -0.00322244 -0.00337754 -0.00346668 -0.00352290 -0.00354498 -0.00353117 -0.00347931 -0.00338697 -0.00325108 -0.00306904 -0.00283903 -0.00256013 -0.00223502 -0.00129894 -0.00012028 0.00014406 0.00004520 0.00000043 -0.00000171 0.00000023 -0.00042004 -0.00557904 -0.00283846 -0.49184938 16.21943 
0.600 0.01859163 4 4865145.00 -206979.88 -1649753.24 -1298614.82 1318481.11 6702011.83 553258898.18 0.00672622 -0.01744288 -0.01859163 -0.00429093 -0.00117163 -0.00263339 -0.00274891 -0.00281804 -0.00286563 -0.00289043 -0.00289063 -0.00286405 -0.00280830 -0.00272095 -0.00259881 -0.00243975 -0.00224024 -0.00199830 -0.00123216 -0.00013934 0.00014626 0.00004848 -0.00000037 -0.00000195 0.00000052 -0.00035605 -0.00599440 -0.00299918 -0.51902025 17.07308 
0.630 0.02001680 4 4547850.86 -345185.98 -1846953.64 -1400458.64 1448161.29 6692287.83 550011993.32 0.00728109 -0.01891238 -0.02001680 -0.00474404 -0.00111292 -0.00212332 -0.00220679 -0.00225944 -0.00229945 -0.00232545 -0.00233546 -0.00232707 -0.00229767 -0.00224455 -0.00216477 -0.00205474 -0.00191028 -0.00172807 -0.00109990 -0.00011103 0.00016068 0.00005121 -0.00000031 -0.00000229 0.00000025 -0.00029358 -0.00642986 -0.00317012 -0.54678243 17.92674 
0.660 0.02110975 4 4342329.98 -365767.14 -1974539.25 -1515763.49 1547689.04 6650710.83 543490833.73 0.00782100 -0.01994984 -0.02110975 -0.00526077 -0.00103801 -0.00172306 -0.00178664 -0.00182859 -0.00186316 -0.00188898 -0.00190400 -0.00190577 -0.00189164 -0.00185889 -0.00180462 -0.00172517 -0.00161594 -0.00147272 -0.00094734 -0.00007328 0.00016333 0.00004949 -0.00000032 -0.00000219 0.00000020 -0.00024143 -0.00677288 -0.00330322 -0.57042855 18.78039 
0.690 0.02198732 4 4056102.17 -438467.08 -2051826.85 -1640885.60 1574101.24 6613180.46 533030010.00 0.00831000 -0.02078104 -0.02198732 -0.00576609 -0.00095996 -0.00124376 -0.00128455 -0.00131372 -0.00134146 -0.00136635 -0.00138632 -0.00139889 -0.00140137 -0.00139102 -0.00136502 -0.00131971 -0.00125018 -0.00115156 -0.00074837 -0.00002171 0.00016658 0.00004689 -0.00000063 -0.00000202 0.00000025 -0.00017753 -0.00705443 -0.00340126 -0.58835623 19.63405 
0.720 0.02311519 5 2962436.09 -719169.00 -2127319.01 -1920661.71 1089457.56 6640128.24 483107605.38 0.00860825 -0.02204226 -0.02286510 -0.00600198 -0.00084907 0.00005091 0.00010543 0.00013443 0.00014589 0.00014130 0.00012289 0.00009333 0.00005554 0.00001244 -0.00003298 -0.00007672 -0.00011289 -0.00013498 -0.00008954 0.00012972 0.00014511 0.00003032 0.00000016 -0.00000039 0.00000057 0.00001204 -0.00730670 -0.00341882 -0.58494521 20.48770 
0.750 0.02427991 5 2583949.24 -884113.77 -2174283.62 -1980512.92 1025233.48 6597626.06 469956013.57 0.00910625 -0.02317323 -0.02387626 -0.00631533 -0.00079578 0.00061371 0.00070754 0.00076231 0.00079305 0.00080115 0.00078877 0.00075849 0.00071303 0.00065499 0.00058674 0.00051197 0.00043714 0.00037004 0.00027350 0.00024745 0.00014685 0.00002147 0.00000007 0.00000051 0.00000087 0.00010263 -0.00760097 -0.00350864 -0.59898346 21.34136 
0.780 0.02518806 5 2213056.05 -1065494.19 -2229248.65 -2019422.87 1005717.39 6521504.38 457931792.48 0.00961536 -0.02405505 -0.02478325 -0.00675001 -0.00073837 0.00122059 0.00135454 0.00143578 0.00148602 0.00150662 0.00149968 0.00146773 0.00141338 0.00133879 0.00124559 0.00113699 0.00102043 0.00090568 0.00066402 0.00037790 0.00014417 0.00000860 0.00000060 0.00000182 0.00000113 0.00019930 -0.00787766 -0.00358699 -0.61289163 22.19501 
0.810 0.02555866 4 2668799.97 -1066260.19 -2406467.37 -1820924.39 1610268.00 6352183.92 491587842.39 0.01039148 -0.02414797 -0.02555866 -0.00765883 -0.00076184 0.00095408 0.00104324 0.00109318 0.00111777 0.00111846 0.00109746 0.00105740 0.00100089 0.00092980 0.00084490 0.00074863 0.00064930 0.00055884 0.00041617 0.00031937 0.00015945 0.00001588 0.00000010 0.00000105 0.00000099 0.00014401 -0.00818141 -0.00375875 -0.65433051 23.04866 
0.840 0.02536389 4 2534308.04 -1232318.01 -2640895.91 -1431172.71 1640551.86 6198142.80 493530510.18 0.01088843 -0.02320437 -0.02536389 -0.00878451 -0.00101147 0.00133536 0.00145402 0.00152506 0.00156624 0.00157892 0.00156523 0.00152774 0.00146890 0.00139017 0.00129108 0.00117298 0.00104488 0.00092129 0.00068068 0.00040845 0.00015659 0.00000760 0.00000070 0.00000184 0.00000096 0.00020829 -0.00834139 -0.00379960 -0.67543226 23.90232 
0.870 0.02527667 4 2309944.93 -1461579.05 -2687951.67 -1222026.29 1631645.39 6049856.56 489293872.13 0.01155904 -0.02237533 -0.02527667 -0.01007070 -0.00127315 0.00180390 0.00195498 0.00204767 0.00210469 0.00212739 0.00211790 0.00207882 0.00201264 0.00192052 0.00180073 0.00165317 0.00148780 0.00131919 0.00096046 0.00049739 0.00015326 -0.00000021 0.00000150 0.00000254 0.00000082 0.00028162 -0.00855305 -0.00385987 -0.70134969 24.75597 
0.900 0.02495371 4 1902579.84 -1831164.30 -2668818.71 -1003727.37 1650479.79 5755810.43 476740390.18 0.01249041 -0.02083011 -0.02495371 -0.01182292 -0.00161014 0.00249309 0.00268762 0.00280789 0.00288490 0.00291996 0.00291524 0.00287332 0.00279652 0.00268520 0.00253579 0.00234781 0.00213235 0.00190699 0.00138997 0.00065195 0.00015361 -0.00001331 0.00000238 0.00000380 0.00000084 0.00038998 -0.00875327 -0.00389616 -0.73133826 25.60963 
0.930 0.02431355 4 1479026.67 -2099123.55 -2715358.91 -789241.07 1713622.60 5369127.60 457307594.79 0.01336802 -0.01871079 -0.02431355 -0.01351853 -0.00193781 0.00308492 0.00331240 0.00345302 0.00354452 0.00358815 0.00358604 0.00354063 0.00345363 0.00332424 0.00314687 0.00292076 0.00265776 0.00237759 0.00172087 0.00074508 0.00014211 -0.00002382 0.00000260 0.00000472 0.00000099 0.00047763 -0.00882936 -0.00388527 -0.75608366 26.46328 
0.960 0.02373962 4 1134603.29 -2243832.37 -2769345.64 -702817.89 1763824.96 5086774.24 439175372.88 0.01389513 -0.01709534 -0.02373962 -0.01454654 -0.00216808 0.00348722 0.00374078 0.00389797 0.00400148 0.00405251 0.00405312 0.00400562 0.00391128 0.00376688 0.00356500 0.00331064 0.00301817 0.00270987 0.00195315 0.00080024 0.00013265 -0.00002966 0.00000278 0.00000533 0.00000118 0.00053803 -0.00881798 -0.00384784 -0.76768701 27.31693 
0.990 0.02278277 4 740680.23 -2400734.24 -2765876.84 -670253.56 1832620.81 4744924.06 416141704.99 0.01433659 -0.01489662 -0.02278277 -0.01557621 -0.00240779 0.00390720 0.00418601 0.00435885 0.00447316 0.00453008 0.00453158 0.00447981 0.00437559 0.00421508 0.00399122 0.00370628 0.00337626 0.00302656 0.00214962 0.00083123 0.00012308 -0.00003215 0.00000250 0.00000558 0.00000144 0.00059709 -0.00869004 -0.00375650 -0.77253008 28.17059 
1.020 0.02092761 4 438208.47 -2571638.26 -2799007.24 -455529.03 2002233.45 4262149.56 396620585.10 0.01462979 -0.01120407 -0.02092761 -0.01681694 -0.00282985 0.00414482 0.00444364 0.00462941 0.00475295 0.00481531 0.00481835 0.00476401 0.00465261 0.00447952 0.00423530 0.00392119 0.00355460 0.00316822 0.00219938 0.00079554 0.00010447 -0.00003231 0.00000257 0.00000566 0.00000160 0.00062591 -0.00837666 -0.00359428 -0.77383961 29.02424 
1.050 0.01838325 3 3013814.12 -1460975.14 -3651765.30 1748869.30 2417101.16 3960584.10 492278610.24 0.01469249 -0.00497086 -0.01709483 -0.01838325 -0.00362868 0.00061244 0.00059912 0.00058184 0.00055137 0.00050911 0.00045715 0.00039755 0.00033079 0.00025086 0.00014582 0.00001353 -0.00012650 -0.00023670 -0.00026042 0.00005085 0.00016894 0.00004418 -0.00000100 -0.00000183 0.00000030 0.00003295 -0.00773033 -0.00360629 -0.82702525 29.87790 
1.080 0.01866892 3 3101053.74 -1380473.92 -3700790.93 2088852.31 2529679.87 3563786.41 482651280.60 0.01453540 -0.00085818 -0.01420788 -0.01866892 -0.00441513 -0.00017083 -0.00019324 -0.00021105 -0.00023540 -0.00026495 -0.00029771 -0.00033176 -0.00036691 -0.00041092 -0.00047889 -0.00057566 -0.00067922 -0.00074577 -0.00060940 -0.00003597 0.00017703 0.00005049 -0.00000170 -0.00000262 0.00000012 -0.00006371 -0.00712789 -0.00337523 -0.81338376 30.73155 
1.110 0.01848660 3 3171597.88 -1295065.31 -3675107.27 2487863.18 2640646.04 3013261.24 465061628.74 0.01433627 0.00229982 -0.01129145 -0.01848660 -0.00527494 -0.00112655 -0.00114817 -0.00115704 -0.00116452 -0.00116938 -0.00116985 -0.00116404 -0.00115176 -0.00114218 -0.00115483 -0.00119942 -0.00125286 -0.00126584 -0.00094189 -0.00009748 0.00019127 0.00005580 -0.00000245 -0.00000333 -0.00000009 -0.00016905 -0.00652211 -0.00314721 -0.79225611 31.58521 
1.140 0.01795301 3 3145147.57 -1374989.80 -3569866.57 2897497.21 2674906.90 2517599.82 449450957.17 0.01381287 0.00418501 -0.00880643 -0.01795301 -0.00577730 -0.00166349 -0.00167542 -0.00167200 -0.00166285 -0.00164685 -0.00162233 -0.00158733 -0.00154148 -0.00149419 -0.00146992 -0.00148385 -0.00151131 -0.00149895 -0.00108343 -0.00011526 0.00018705 0.00005164 -0.00000242 -0.00000330 -0.00000044 -0.00022142 -0.00595056 -0.00290711 -0.75481889 32.43886 
1.170 0.01692845 3 3276155.70 -1171498.56 -3533557.66 3046156.40 2679054.14 2256001.39 436474386.20 0.01346935 0.00543807 -0.00672434 -0.01691813 -0.00659678 -0.00281209 -0.00280797 -0.00278257 -0.00274317 -0.00268873 -0.00261771 -0.00252814 -0.00241949 -0.00230333 -0.00220979 -0.00215581 -0.00211278 -0.00202554 -0.00140274 -0.00016529 0.00020115 0.00005640 -0.00000324 -0.00000385 -0.00000046 -0.00033728 -0.00548696 -0.00275133 -0.73082000 33.29251 
1.200 0.01584958 3 3493775.42 -984437.86 -3341420.10 3219244.09 2744218.59 1856170.71 421989703.57 0.01307749 0.00687039 -0.00423947 -0.01580351 -0.00737984 -0.00411523 -0.00411273 -0.00407624 -0.00401342 -0.00392338 -0.00380478 -0.00365594 -0.00347691 -0.00328125 -0.00310284 -0.00296015 -0.00282210 -0.00263251 -0.00173539 -0.00020470 0.00021266 0.00005901 -0.00000408 -0.00000416 -0.00000023 -0.00047223 -0.00490246 -0.00254902 -0.69867092 34.14617 
