0.001 0.00012505 5 52021.67 -1894.33 -12816.89 -286.50 7411.75 59607.63 5263724.05 -0.00000333 -0.00005751 -0.00012157 -0.00003460 0.00000350 0.00005227 0.00005633 0.00005247 0.00004709 0.00004078 0.00003385 0.00002682 0.00002019 0.00001425 0.00000906 0.00000458 0.00000082 -0.00000229 -0.00000462 0.00000058 0.00001021 -0.00000003 -0.00001038 -0.00000147 0.00000186 0.00000352 -0.00003683 -0.00001539 -0.00256496 0.08144 
0.030 0.00197851 5 1414337.93 -71926.81 -429408.74 -41285.46 193631.16 1763327.77 150572199.54 -0.00061478 -0.00190769 -0.00104828 -0.00063797 -0.00027553 -0.00001714 0.00000149 0.00001413 0.00002717 0.00003925 0.00004825 0.00005173 0.00004964 0.00004368 0.00003553 0.00002654 0.00001780 0.00001000 -0.00000089 -0.00000272 0.00000353 -0.00000246 -0.00000870 -0.00000299 -0.00000054 0.00000359 -0.00070386 -0.00032804 -0.04138407 2.44327 
0.060 0.00374703 5 2599589.55 -148116.10 -825051.36 -128059.22 330385.97 3370430.25 282217541.08 -0.00121519 -0.00367137 -0.00191775 -0.00118690 -0.00052515 -0.00002326 0.00001012 0.00003635 0.00006387 0.00009147 0.00011689 0.00013684 0.00014715 0.00014409 0.00012865 0.00010571 0.00008041 0.00005627 0.00001549 -0.00000758 -0.00000439 -0.00000391 -0.00000542 -0.00000363 -0.00000270 0.00001081 -0.00132631 -0.00061600 -0.07623061 4.88653 
0.090 0.00540955 5 3520692.61 -258786.68 -1228254.23 -251732.21 423332.43 4836133.30 396280392.17 -0.00180186 -0.00533148 -0.00271314 -0.00167351 -0.00073649 0.00002817 0.00007386 0.00010738 0.00013944 0.00016976 0.00019728 0.00022015 0.00023537 0.00023861 0.00022582 0.00019779 0.00016034 0.00012072 0.00004462 -0.00000932 -0.00001199 -0.00000493 -0.00000165 -0.00000363 -0.00000424 0.00002078 -0.00189422 -0.00087693 -0.10682647 7.32980 
0.120 0.00695455 5 4245722.58 -380810.83 -1599853.04 -408654.27 475863.99 6159176.73 494332994.71 -0.00235996 -0.00687201 -0.00343720 -0.00210106 -0.00091906 0.00010106 0.00015775 0.00019583 0.00022797 0.00025472 0.00027651 0.00029358 0.00030514 0.00030912 0.00030211 0.00027986 0.00024141 0.00019334 0.00008500 -0.00000597 -0.00001811 -0.00000549 0.00000203 -0.00000319 -0.00000522 0.00003130 -0.00240943 -0.00111286 -0.13386804 9.77306 
0.150 0.00838131 5 6600708.40 -683572.24 -459441.71 15586.51 503972.62 7224163.22 645303100.82 -0.00334217 -0.00829162 -0.00402852 -0.00258850 -0.00149557 -0.00105329 -0.00102561 -0.00098449 -0.00092662 -0.00085219 -0.00076173 -0.00065683 -0.00054107 -0.00042094 -0.00030486 -0.00020228 -0.00011967 -0.00005810 0.00001345 0.00002269 -0.00000453 -0.00000500 0.00000254 -0.00000330 -0.00000547 -0.00006588 -0.00310309 -0.00148965 -0.18450932 12.21633 
0.180 0.01004775 5 7420926.24 -846089.87 -581691.70 -88893.58 506903.93 8430697.46 740127215.50 -0.00388444 -0.00988204 -0.00489957 -0.00301307 -0.00172437 -0.00117534 -0.00114474 -0.00110310 -0.00104665 -0.00097514 -0.00088823 -0.00078600 -0.00066975 -0.00054360 -0.00041503 -0.00029378 -0.00019023 -0.00010864 -0.00000244 0.00002749 -0.00000297 -0.00000363 0.00000576 -0.00000254 -0.00000591 -0.00007904 -0.00366876 -0.00176182 -0.21840681 14.65959 
0.210 0.01210063 5 7543858.09 -1000676.77 -970969.68 -342482.96 294482.97 9563504.52 797094330.13 -0.00375648 -0.01167184 -0.00645446 -0.00333259 -0.00178465 -0.00109025 -0.00105424 -0.00101629 -0.00097047 -0.00091583 -0.00085105 -0.00077468 -0.00068516 -0.00058141 -0.00046669 -0.00034899 -0.00023952 -0.00014860 -0.00002047 0.00002805 -0.00000122 -0.00000219 0.00000784 -0.00000161 -0.00000573 -0.00007859 -0.00422616 -0.00202287 -0.25615948 17.10286 
0.240 0.01362221 5 6875921.02 -1245515.45 -1402381.47 -496465.14 151830.00 9868453.09 791383899.70 -0.00337048 -0.01304839 -0.00810491 -0.00345474 -0.00169065 -0.00056091 -0.00049724 -0.00045618 -0.00042453 -0.00040109 -0.00038395 -0.00037077 -0.00035812 -0.00033899 -0.00030507 -0.00025606 -0.00019880 -0.00014305 -0.00004590 0.00001113 -0.00000253 -0.00000044 0.00000882 -0.00000105 -0.00000541 -0.00004221 -0.00462922 -0.00219249 -0.28239793 19.54613 
0.270 0.01500936 5 4856700.82 -1510857.77 -2274151.30 -1048238.33 103613.54 9586334.67 707142710.11 -0.00192707 -0.01430176 -0.01022233 -0.00331581 -0.00127864 0.00063285 0.00074568 0.00079074 0.00079584 0.00076254 0.00069340 0.00059165 0.00046270 0.00031872 0.00017828 0.00005945 -0.00002448 -0.00007242 -0.00008620 -0.00003333 -0.00000889 0.00000207 0.00000898 -0.00000124 -0.00000547 0.00004593 -0.00480838 -0.00222965 -0.29589997 21.98939 
0.300 0.01677944 5 1716203.80 -2018062.94 -3628437.73 -1762692.92 257295.40 8868101.99 575831376.53 0.00031154 -0.01597403 -0.01305717 -0.00316548 -0.00068500 0.00260341 0.00280725 0.00287224 0.00285218 0.00274906 0.00256769 0.00231360 0.00199776 0.00163852 0.00126085 0.00089458 0.00056870 0.00030469 -0.00002679 -0.00010494 -0.00003162 0.00000308 0.00000832 -0.00000196 -0.00000578 0.00021477 -0.00499775 -0.00222874 -0.30758615 24.43266 
0.330 0.01762522 5 -512468.59 -2339062.39 -4768157.70 -2313318.59 307150.17 8600919.92 491609970.98 0.00102522 -0.01675134 -0.01408475 -0.00292124 -0.00029611 0.00414230 0.00442437 0.00451203 0.00447930 0.00432963 0.00407056 0.00371207 0.00326974 0.00276584 0.00222838 0.00168974 0.00118288 0.00073876 0.00007375 -0.00018109 -0.00005899 0.00000393 0.00000735 -0.00000226 -0.00000560 0.00035622 -0.00497670 -0.00214373 -0.29280614 26.87592 
0.360 0.01770280 5 -2740011.50 -2828233.72 -5799912.64 -2867221.88 407471.86 8347884.88 415087125.23 0.00125891 -0.01674661 -0.01439853 -0.00276740 0.00001645 0.00580267 0.00617319 0.00628764 0.00624175 0.00604211 0.00570053 0.00523292 0.00466066 0.00401098 0.00331574 0.00261022 0.00193027 0.00131094 0.00026921 -0.00026831 -0.00010805 0.00000153 0.00000733 -0.00000191 -0.00000523 0.00051493 -0.00484350 -0.00199698 -0.26674229 29.31919 
0.390 0.01832353 4 4316208.27 3232601.30 6669357.69 2443482.15 -2284249.03 -5744983.84 -319539295.52 -0.00563913 0.01702257 0.01813785 0.00423932 0.00024387 -0.00494729 -0.00532179 -0.00545678 -0.00542544 -0.00523739 -0.00490817 -0.00445887 -0.00391621 -0.00331199 -0.00268081 -0.00205828 -0.00147937 -0.00097525 -0.00020201 0.00015112 0.00004945 -0.00000633 -0.00000171 -0.00000378 -0.00000498 -0.00043990 0.00554817 0.00236716 0.38646208 31.76246 
0.420 0.02056157 4 5916705.78 3596524.56 7231038.86 3003724.33 -2337241.51 -5577340.46 -261358847.59 -0.00684996 0.01944512 0.02036772 0.00441537 0.00005798 -0.00621292 -0.00667773 -0.00685954 -0.00684934 -0.00665698 -0.00629858 -0.00579616 -0.00517778 -0.00447704 -0.00373107 -0.00297883 -0.00225933 -0.00160871 -0.00049958 0.00015966 0.00008381 0.00000067 -0.00000129 -0.00000442 -0.00000538 -0.00058694 0.00602977 0.00251482 0.40924061 34.20572 
0.450 0.02243348 4 7154625.60 3944357.77 7475651.39 3581451.94 -2302151.43 -5544684.06 -217400594.22 -0.00782223 0.02162071 0.02222546 0.00460231 -0.00007601 -0.00730168 -0.00784597 -0.00807044 -0.00808199 -0.00789064 -0.00751288 -0.00697129 -0.00629476 -0.00551805 -0.00467984 -0.00382122 -0.00298376 -0.00220716 -0.00079386 0.00016627 0.00012207 0.00000872 -0.00000163 -0.00000517 -0.00000560 -0.00071785 0.00646519 0.00264939 0.42872884 36.64899 
0.480 0.02269679 5 -2792147.41 1725263.68 4531958.07 22487.99 -1440820.67 -7631036.48 -618251845.77 -0.00529573 0.02269679 0.02053414 0.00531678 0.00117961 -0.00113592 -0.00134034 -0.00145975 -0.00151131 -0.00149613 -0.00141694 -0.00127696 -0.00108226 -0.00084599 -0.00058783 -0.00032973 -0.00009188 0.00010607 0.00029896 0.00013655 -0.00001465 -0.00001936 -0.00000538 -0.00000271 -0.00000338 -0.00009466 0.00721654 0.00333266 0.52473230 39.09225 
0.510 0.02580779 5 10232369.86 4403872.13 8481873.16 4936556.63 -1836933.94 -5752998.12 -98782273.32 -0.00855372 0.02580779 0.02489807 0.00425514 -0.00046891 -0.01037014 -0.01115331 -0.01151539 -0.01161204 -0.01145365 -0.01105743 -0.01044695 -0.00965246 -0.00871066 -0.00766280 -0.00655332 -0.00542787 -0.00433225 -0.00205282 0.00000816 0.00025628 0.00005536 -0.00000589 -0.00000975 -0.00000603 -0.00113227 0.00702666 0.00269244 0.41110695 41.53552 
0.540 0.02720309 5 11039014.58 4539779.84 8798133.75 5316097.27 -1683180.84 -5931815.45 -73210058.83 -0.00845577 0.02720309 0.02555096 0.00410084 -0.00050715 -0.01143101 -0.01229910 -0.01271377 -0.01284697 -0.01270906 -0.01231729 -0.01169532 -0.01087361 -0.00988919 -0.00878373 -0.00760210 -0.00639028 -0.00519483 -0.00261549 -0.00010385 0.00031398 0.00008286 -0.00000808 -0.00001247 -0.00000628 -0.00128875 0.00722698 0.00270322 0.40059847 43.97878 
0.570 0.02859801 5 11825699.47 4721580.75 9072160.04 5614966.82 -1509895.52 -6073112.63 -48482934.44 -0.00841152 0.02859801 0.02630719 0.00400565 -0.00053544 -0.01251950 -0.01347610 -0.01394572 -0.01411733 -0.01400133 -0.01361510 -0.01298259 -0.01213466 -0.01110893 -0.00994779 -0.00869672 -0.00740208 -0.00611113 -0.00324195 -0.00026491 0.00036273 0.00011394 -0.00001038 -0.00001544 -0.00000649 -0.00145454 0.00745886 0.00272385 0.39266591 46.42205 
0.600 0.02952574 5 12452319.02 5199469.72 8887602.93 5904641.85 -1344033.49 -6195362.00 -36748414.83 -0.00828477 0.02952574 0.02674551 0.00393451 -0.00057554 -0.01346334 -0.01449552 -0.01501328 -0.01522009 -0.01512624 -0.01474909 -0.01411256 -0.01324768 -0.01219236 -0.01098947 -0.00968477 -0.00832456 -0.00695609 -0.00383919 -0.00043332 0.00040798 0.00014780 -0.00001283 -0.00001877 -0.00000675 -0.00160350 0.00759907 0.00271045 0.38095385 48.86532 
0.630 0.03034160 5 13065769.44 6075275.37 8177188.55 6224701.51 -1113566.13 -6297829.86 -32598837.27 -0.00814328 0.03034160 0.02710292 0.00389751 -0.00064246 -0.01448215 -0.01559448 -0.01616363 -0.01640873 -0.01633994 -0.01597444 -0.01533608 -0.01445585 -0.01337194 -0.01212762 -0.01076898 -0.00934218 -0.00789441 -0.00451898 -0.00064401 0.00045004 0.00018699 -0.00001529 -0.00002253 -0.00000707 -0.00176787 0.00771285 0.00267647 0.36599848 51.30858 
0.660 0.03082054 5 13561397.80 6661650.11 7756224.70 6424383.63 -924913.44 -6355947.20 -25544696.13 -0.00798554 0.03082054 0.02729665 0.00400384 -0.00070138 -0.01544256 -0.01662483 -0.01723818 -0.01751590 -0.01746809 -0.01711189 -0.01647114 -0.01557692 -0.01446772 -0.01318734 -0.01178225 -0.01029853 -0.00878303 -0.00518483 -0.00088327 0.00047245 0.00022443 -0.00001741 -0.00002613 -0.00000737 -0.00192468 0.00780357 0.00263569 0.35235035 53.75185 
0.690 0.03090089 5 14064175.66 7133243.91 7392751.94 6559447.66 -669032.82 -6352235.02 -10178345.59 -0.00792343 0.03090089 0.02732748 0.00429080 -0.00079799 -0.01646972 -0.01771796 -0.01837325 -0.01868235 -0.01865521 -0.01830882 -0.01766686 -0.01676032 -0.01562776 -0.01431336 -0.01286381 -0.01132477 -0.00974245 -0.00591865 -0.00116229 0.00048919 0.00026473 -0.00001958 -0.00003002 -0.00000772 -0.00209323 0.00784407 0.00256515 0.33724099 56.19511 
0.720 0.03092408 5 14476845.23 7519528.75 7110844.05 6626429.14 -458900.38 -6321056.33 3058749.46 -0.00785361 0.03092408 0.02734608 0.00453398 -0.00093480 -0.01743237 -0.01873712 -0.01942799 -0.01976330 -0.01975287 -0.01941355 -0.01876885 -0.01784968 -0.01669471 -0.01534846 -0.01385786 -0.01226803 -0.01062459 -0.00659496 -0.00142193 0.00050478 0.00030399 -0.00002146 -0.00003376 -0.00000806 -0.00224874 0.00785572 0.00248799 0.32122039 58.63838 
0.750 0.03164256 5 15082410.58 7970725.76 6818795.37 6669481.01 -383577.98 -5993013.57 30816295.44 -0.00877832 0.03164256 0.02849860 0.00538492 -0.00120509 -0.01871704 -0.02008691 -0.02081670 -0.02117936 -0.02118462 -0.02084928 -0.02019685 -0.01925829 -0.01807259 -0.01668488 -0.01514219 -0.01348887 -0.01176984 -0.00748976 -0.00180601 0.00049424 0.00034953 -0.00002374 -0.00003834 -0.00000856 -0.00245477 0.00813673 0.00251028 0.33035436 61.08165 
0.780 0.03146960 5 15163134.91 8297376.24 6485950.34 6650044.56 18157.97 -6288394.20 23334165.22 -0.00754420 0.03146960 0.02766467 0.00468902 -0.00144610 -0.01938228 -0.02078962 -0.02154130 -0.02191969 -0.02193444 -0.02160224 -0.02094651 -0.01999809 -0.01879583 -0.01738499 -0.01581292 -0.01412392 -0.01236259 -0.00794628 -0.00199594 0.00049459 0.00037513 -0.00002537 -0.00004061 -0.00000832 -0.00256129 0.00784545 0.00231714 0.28029012 63.52491 
0.810 0.03132474 5 15475900.19 8648375.98 6276958.00 6545642.86 154603.25 -6149679.90 33720735.04 -0.00744371 0.03132474 0.02770327 0.00491807 -0.00173174 -0.02029930 -0.02174103 -0.02251206 -0.02290351 -0.02292489 -0.02259275 -0.02193039 -0.02096853 -0.01974610 -0.01830869 -0.01670365 -0.01497442 -0.01316410 -0.00857894 -0.00227701 0.00048184 0.00040734 -0.00002614 -0.00004349 -0.00000850 -0.00270547 0.00780004 0.00221926 0.26141488 65.96818 
0.840 0.03100100 5 15733768.33 8959969.66 6118303.36 6408577.14 194735.98 -5947817.80 42427300.22 -0.00746837 0.03100100 0.02771794 0.00525957 -0.00204688 -0.02112463 -0.02258673 -0.02336721 -0.02376341 -0.02378473 -0.02344764 -0.02277529 -0.02179837 -0.02055602 -0.01909430 -0.01746070 -0.01569751 -0.01384682 -0.00911847 -0.00251920 0.00046625 0.00043276 -0.00002656 -0.00004571 -0.00000864 -0.00282983 0.00773782 0.00212403 0.24592303 68.41144 
0.870 0.03038859 5 15960029.61 9214503.60 6049808.12 6188261.33 160783.50 -5653326.95 52115165.66 -0.00752974 0.03038859 0.02768210 0.00577961 -0.00241542 -0.02195665 -0.02342761 -0.02420847 -0.02460108 -0.02461479 -0.02426600 -0.02357781 -0.02258093 -0.02131492 -0.01982740 -0.01816685 -0.01637299 -0.01448396 -0.00961739 -0.00273961 0.00045196 0.00045549 -0.00002691 -0.00004766 -0.00000874 -0.00294749 0.00766117 0.00202560 0.23252794 70.85471 
0.900 0.02903029 5 16173876.21 9357009.23 6263518.69 5738400.51 -20588.61 -5164463.61 64419236.89 -0.00780252 0.02903029 0.02748761 0.00687563 -0.00278316 -0.02285590 -0.02431948 -0.02508779 -0.02546451 -0.02545897 -0.02508760 -0.02437353 -0.02334759 -0.02205001 -0.02053009 -0.01883621 -0.01700543 -0.01507362 -0.01006714 -0.00293131 0.00043880 0.00047452 -0.00002712 -0.00004916 -0.00000878 -0.00306152 0.00759815 0.00193548 0.22910749 73.29797 
0.930 0.02779351 4 15885939.95 9184704.18 7014383.00 5268362.98 -726150.92 -4855359.29 38641662.43 -0.00834659 0.02774314 0.02729241 0.00769385 -0.00253715 -0.02248494 -0.02391311 -0.02465854 -0.02501637 -0.02499596 -0.02461369 -0.02389271 -0.02286392 -0.02156857 -0.02005885 -0.01838436 -0.01658126 -0.01468269 -0.00976795 -0.00278774 0.00045623 0.00046255 -0.00002685 -0.00004803 -0.00000851 -0.00299158 0.00766041 0.00200182 0.25832814 75.74124 
