0.001 0.00011890 4 82879.14 -582.12 6666.43 12325.56 9934.33 54534.94 6274424.35 0.00000074 -0.00005019 -0.00011890 -0.00003729 -0.00000259 0.00003945 0.00004378 0.00004077 0.00003661 0.00003178 0.00002647 0.00002108 0.00001597 0.00001136 0.00000727 0.00000362 0.00000046 -0.00000225 -0.00000427 0.00000077 0.00001019 -0.00000005 -0.00001037 -0.00000148 0.00000185 0.00000289 -0.00003797 -0.00001626 -0.00283816 0.09850 
0.030 0.00186477 5 -1836671.87 162183.65 166753.39 -162508.86 -257525.47 -1745574.58 -172306980.25 0.00055068 0.00186477 0.00087175 0.00069281 0.00041402 0.00037873 0.00037389 0.00035093 0.00031687 0.00027434 0.00022664 0.00017794 0.00013195 0.00009132 0.00005745 0.00003075 0.00001092 -0.00000291 -0.00001402 -0.00000490 0.00000969 -0.00000065 -0.00001191 -0.00000276 0.00000084 0.00001975 0.00072004 0.00034803 0.04624227 2.95490 
0.060 0.00367914 5 -3525410.57 305688.74 357014.60 -255341.44 -490353.55 -3442418.92 -334268489.89 0.00106529 0.00367914 0.00180431 0.00135427 0.00078559 0.00073170 0.00072722 0.00069488 0.00064339 0.00057503 0.00049349 0.00040392 0.00031314 0.00022823 0.00015411 0.00009327 0.00004647 0.00001278 -0.00002034 -0.00001290 0.00000869 -0.00000045 -0.00001253 -0.00000347 -0.00000000 0.00004192 0.00142202 0.00068888 0.09198453 5.90980 
0.090 0.00541503 5 -5031798.42 435549.14 587761.17 -318665.82 -706903.13 -5029539.79 -482810086.12 0.00156418 0.00541503 0.00268978 0.00197422 0.00112842 0.00109392 0.00109609 0.00106136 0.00100101 0.00091669 0.00081160 0.00069057 0.00056028 0.00042950 0.00030801 0.00020283 0.00011799 0.00005405 -0.00001875 -0.00002351 0.00000625 -0.00000017 -0.00001286 -0.00000383 -0.00000049 0.00006926 0.00208635 0.00101482 0.13565304 8.86470 
0.120 0.00707851 5 -6431841.64 529157.64 829585.33 -375431.17 -913041.63 -6502111.81 -620090780.00 0.00205712 0.00707851 0.00354125 0.00256388 0.00145515 0.00149187 0.00150550 0.00147233 0.00140707 0.00131078 0.00118578 0.00103584 0.00086781 0.00069117 0.00051745 0.00035927 0.00022625 0.00012214 -0.00000812 -0.00003643 0.00000220 0.00000001 -0.00001300 -0.00000402 -0.00000076 0.00010248 0.00272472 0.00133173 0.17822649 11.81960 
0.150 0.00851502 5 -7566792.22 595897.86 820178.25 -420352.41 -1202432.59 -7360083.34 -717421370.88 0.00243834 0.00851502 0.00472825 0.00298386 0.00172716 0.00196637 0.00198999 0.00195726 0.00188601 0.00177703 0.00163200 0.00145407 0.00124898 0.00102655 0.00079942 0.00058250 0.00039113 0.00023481 0.00002128 -0.00005107 -0.00000473 -0.00000024 -0.00001274 -0.00000410 -0.00000100 0.00014426 0.00334123 0.00164292 0.22279518 14.77450 
0.180 0.01024155 5 -7911601.30 343091.03 741535.76 124201.96 -942041.83 -8178388.22 -743543683.00 0.00201428 0.01024155 0.00665845 0.00305300 0.00175679 0.00238161 0.00241914 0.00239435 0.00232815 0.00222066 0.00207240 0.00188460 0.00166083 0.00140872 0.00114047 0.00087199 0.00062179 0.00040633 0.00008297 -0.00006351 -0.00001566 -0.00000155 -0.00001170 -0.00000409 -0.00000141 0.00018881 0.00387247 0.00191562 0.26673853 17.72940 
0.210 0.01201548 5 -7831418.06 332326.61 689253.69 500914.25 -836690.21 -8517222.40 -746999701.63 0.00117341 0.01201548 0.00915726 0.00314620 0.00176021 0.00264677 0.00268448 0.00266250 0.00260230 0.00250361 0.00236607 0.00218937 0.00197423 0.00172393 0.00144630 0.00115504 0.00086866 0.00060701 0.00017433 -0.00006653 -0.00002781 -0.00000394 -0.00001042 -0.00000395 -0.00000184 0.00022415 0.00446780 0.00221347 0.31991248 20.68430 
0.240 0.01440073 5 -6605452.11 369124.55 772549.00 1392746.63 -835274.65 -8304597.63 -678825180.43 -0.00069605 0.01440073 0.01212787 0.00300262 0.00156141 0.00245792 0.00247343 0.00244665 0.00239437 0.00231616 0.00221122 0.00207848 0.00191684 0.00172556 0.00150529 0.00126009 0.00100160 0.00074789 0.00027309 -0.00004847 -0.00003738 -0.00000765 -0.00000803 -0.00000370 -0.00000260 0.00022119 0.00495537 0.00244046 0.36610716 23.63920 
0.270 0.01728267 5 -5256219.54 604072.88 1074830.77 1837806.04 -581489.84 -8191439.40 -617689661.00 -0.00232354 0.01728267 0.01462124 0.00293890 0.00138717 0.00191423 0.00188692 0.00184338 0.00179195 0.00173217 0.00166305 0.00158314 0.00149063 0.00138318 0.00125696 0.00110639 0.00093072 0.00073935 0.00032215 -0.00001702 -0.00003768 -0.00001048 -0.00000614 -0.00000344 -0.00000315 0.00017876 0.00543898 0.00264462 0.40109701 26.59410 
0.300 0.02030278 5 -4164838.25 843072.27 1346778.65 2200198.20 -386684.31 -8168203.05 -573829892.80 -0.00363748 0.02030278 0.01701168 0.00293146 0.00125977 0.00134372 0.00126885 0.00120355 0.00114692 0.00109848 0.00105712 0.00102116 0.00098834 0.00095524 0.00091480 0.00085658 0.00077197 0.00065846 0.00033940 0.00001543 -0.00003366 -0.00001243 -0.00000487 -0.00000322 -0.00000348 0.00012762 0.00598076 0.00287143 0.43578805 29.54900 
0.330 0.02267502 5 -2909362.19 1172556.28 1676649.66 2631820.79 -451762.09 -7938626.83 -525155785.66 -0.00502171 0.02267502 0.01926599 0.00315675 0.00109812 0.00049507 0.00036522 0.00027691 0.00021700 0.00018497 0.00017953 0.00019873 0.00023980 0.00029802 0.00036294 0.00041958 0.00045301 0.00044996 0.00030182 0.00005057 -0.00002284 -0.00001315 -0.00000409 -0.00000307 -0.00000365 0.00004732 0.00646881 0.00305757 0.46853021 32.50390 
0.360 0.02455069 5 -1706722.96 1340682.69 2157032.83 3006073.68 -467984.09 -7742528.08 -474544273.76 -0.00620052 0.02455069 0.02103394 0.00340756 0.00089441 -0.00038368 -0.00056111 -0.00066773 -0.00072805 -0.00074266 -0.00071298 -0.00064117 -0.00053048 -0.00038682 -0.00022328 -0.00005921 0.00008584 0.00019297 0.00023795 0.00008433 -0.00000987 -0.00001330 -0.00000365 -0.00000296 -0.00000372 -0.00003708 0.00683060 0.00318233 0.49100250 35.45880 
0.390 0.02699199 5 -399624.66 1588862.65 2731628.64 3374747.76 -477108.86 -7617754.85 -426840050.51 -0.00733416 0.02699199 0.02309825 0.00360378 0.00069322 -0.00142506 -0.00166800 -0.00180259 -0.00186764 -0.00186382 -0.00179291 -0.00165746 -0.00146206 -0.00121684 -0.00093932 -0.00065286 -0.00038161 -0.00014905 0.00013523 0.00011806 0.00000637 -0.00001286 -0.00000358 -0.00000289 -0.00000367 -0.00014087 0.00729352 0.00334419 0.51560964 38.41370 
0.420 0.02918875 5 888322.80 1846970.58 3312105.29 3710485.87 -560535.32 -7420703.62 -379752428.91 -0.00850148 0.02918875 0.02513956 0.00394253 0.00053506 -0.00243116 -0.00273657 -0.00289651 -0.00296410 -0.00294036 -0.00282825 -0.00263130 -0.00235685 -0.00201973 -0.00164142 -0.00124766 -0.00086481 -0.00052011 -0.00000423 0.00013681 0.00002051 -0.00001157 -0.00000324 -0.00000296 -0.00000379 -0.00024397 0.00777488 0.00351508 0.54431995 41.36860 
0.450 0.03129093 5 2280974.18 2201102.73 4003883.98 3973680.39 -679718.08 -7217974.83 -334971870.73 -0.00959491 0.03129093 0.02713602 0.00433928 0.00039633 -0.00354668 -0.00391899 -0.00410319 -0.00416873 -0.00411747 -0.00395488 -0.00368695 -0.00332567 -0.00289053 -0.00240650 -0.00190144 -0.00140338 -0.00094217 -0.00016773 0.00017450 0.00004303 -0.00001052 -0.00000301 -0.00000302 -0.00000395 -0.00035647 0.00826611 0.00368559 0.57282615 44.32350 
