0.001 0.00015618 5 15030.06 2846.48 10365.40 -51770.84 -25103.52 78692.54 2588880.66 -0.00004348 -0.00008870 -0.00012056 -0.00001159 0.00001237 0.00006380 0.00006805 0.00006374 0.00005745 0.00004989 0.00004148 0.00003292 0.00002480 0.00001752 0.00001122 0.00000585 0.00000142 -0.00000213 -0.00000487 0.00000043 0.00001029 0.00000006 -0.00001035 -0.00000143 0.00000190 0.00000418 -0.00003576 -0.00001454 -0.00169544 0.17533 
0.030 0.00253212 5 624040.86 -228142.18 440207.46 -998651.73 -615963.60 2026590.91 91348043.43 -0.00165044 -0.00246138 -0.00089556 -0.00007704 -0.00012465 0.00002291 0.00002404 0.00000493 -0.00002955 -0.00007434 -0.00012226 -0.00016418 -0.00019105 -0.00019671 -0.00018227 -0.00015501 -0.00012288 -0.00009153 -0.00003410 0.00000682 0.00001158 -0.00000105 -0.00000954 -0.00000222 0.00000075 -0.00001306 -0.00066552 -0.00031892 -0.02349433 5.25981 
0.060 0.00456845 5 1378734.78 -625863.60 594660.20 -1263876.52 -927280.63 3601095.33 195094257.77 -0.00308555 -0.00449676 -0.00163210 -0.00040667 -0.00035297 0.00026461 0.00029982 0.00029558 0.00026075 0.00019766 0.00011176 0.00000878 -0.00010062 -0.00020114 -0.00027643 -0.00031428 -0.00031204 -0.00027938 -0.00015450 -0.00001339 0.00001603 0.00000109 -0.00000826 -0.00000321 -0.00000060 -0.00000879 -0.00132409 -0.00062537 -0.05035997 10.51962 
0.090 0.00631367 5 2720238.24 -584678.66 717047.38 -1311826.90 -1050240.00 4949936.42 304063428.88 -0.00420773 -0.00623999 -0.00232177 -0.00079507 -0.00062838 0.00014994 0.00020867 0.00023224 0.00022742 0.00019551 0.00013857 0.00005920 -0.00003917 -0.00015064 -0.00026276 -0.00035869 -0.00042238 -0.00044132 -0.00031622 -0.00005489 0.00002358 0.00000591 -0.00000719 -0.00000428 -0.00000187 -0.00001930 -0.00194419 -0.00092164 -0.08115535 15.77944 
0.120 0.00770156 5 3657969.18 -521479.38 142603.66 -1203084.71 -897352.53 6137282.14 405674181.02 -0.00481837 -0.00762336 -0.00298303 -0.00146427 -0.00086411 0.00025441 0.00032464 0.00036006 0.00036571 0.00034304 0.00029430 0.00022230 0.00013057 0.00002335 -0.00009387 -0.00021349 -0.00032665 -0.00041862 -0.00043351 -0.00012507 0.00003708 0.00001561 -0.00000521 -0.00000536 -0.00000317 -0.00001006 -0.00251408 -0.00118389 -0.11406740 21.03925 
0.150 0.00818277 5 4512395.63 -254702.75 -259916.56 -1577307.63 -523859.07 7128181.64 486248963.57 -0.00414375 -0.00810051 -0.00315426 -0.00172988 -0.00163092 -0.00099668 -0.00095155 -0.00092470 -0.00091448 -0.00091926 -0.00093655 -0.00096327 -0.00099564 -0.00102922 -0.00105902 -0.00107968 -0.00108578 -0.00107170 -0.00087187 -0.00024578 0.00009153 0.00004438 -0.00000516 -0.00000811 -0.00000435 -0.00015448 -0.00284040 -0.00141358 -0.16272904 26.29906 
0.180 0.00884123 5 -5924363.02 526103.40 199529.88 495655.87 -131830.49 -7013821.68 -581796195.00 0.00429301 0.00884123 0.00417405 0.00194714 0.00015992 -0.00003329 0.00001913 0.00004390 0.00005596 0.00005611 0.00004544 0.00002548 -0.00000185 -0.00003433 -0.00006959 -0.00010511 -0.00013847 -0.00016761 -0.00020105 -0.00011697 0.00003275 0.00002358 -0.00001404 -0.00000615 -0.00000107 -0.00001275 0.00269699 0.00125751 0.12420291 31.55887 
0.210 0.00924790 5 -6683101.91 510998.46 232040.34 225600.29 -385768.64 -7265972.36 -635018461.14 0.00424607 0.00924790 0.00447992 0.00183031 -0.00034295 0.00052806 0.00068109 0.00077478 0.00084371 0.00088842 0.00090970 0.00090876 0.00088715 0.00084656 0.00078883 0.00071604 0.00063046 0.00053405 0.00026617 -0.00000046 0.00003652 0.00002005 -0.00001476 -0.00000592 -0.00000089 0.00010392 0.00261126 0.00127930 0.12566505 36.81868 
0.240 0.00978760 5 -7268540.76 254694.48 692007.44 -209197.25 -695099.25 -7310946.18 -670259142.55 0.00416843 0.00978760 0.00523050 0.00159191 -0.00107752 0.00079070 0.00103310 0.00118952 0.00131003 0.00139501 0.00144510 0.00146140 0.00144531 0.00139853 0.00132277 0.00122026 0.00109415 0.00094747 0.00051729 0.00004615 0.00004902 0.00002433 -0.00001481 -0.00000621 -0.00000097 0.00017291 0.00251595 0.00127127 0.12059067 42.07849 
0.270 0.01017833 5 -7371085.94 89425.23 962616.55 -386089.00 -937062.99 -7099975.72 -670641942.30 0.00417552 0.01017833 0.00590443 0.00104346 -0.00178371 0.00082106 0.00111466 0.00130694 0.00145731 0.00156613 0.00163408 0.00166232 0.00165226 0.00160502 0.00152125 0.00140268 0.00125372 0.00108039 0.00057461 0.00002477 0.00004436 0.00002666 -0.00001503 -0.00000635 -0.00000086 0.00019355 0.00233199 0.00119600 0.10282228 47.33831 
0.300 0.01036395 5 -6910511.39 375571.99 731135.12 -358933.05 -946219.15 -6712066.31 -643014171.04 0.00457985 0.01036395 0.00607287 0.00036477 -0.00273421 0.00011430 0.00043139 0.00064928 0.00082956 0.00097249 0.00107855 0.00114859 0.00118339 0.00118251 0.00114374 0.00106627 0.00095519 0.00082137 0.00044248 0.00001175 0.00006709 0.00003993 -0.00001563 -0.00000739 -0.00000088 0.00013294 0.00195174 0.00098555 0.05580833 52.59812 
0.330 0.01078423 5 -6496366.15 494205.67 445709.23 -261949.90 -888161.38 -6286169.76 -605556983.46 0.00527557 0.01078423 0.00636605 -0.00063025 -0.00391150 -0.00057211 -0.00021674 0.00003581 0.00025341 0.00043621 0.00058457 0.00069909 0.00077994 0.00082456 0.00082611 0.00077906 0.00068804 0.00056938 0.00026645 -0.00003988 0.00008005 0.00005579 -0.00001597 -0.00000861 -0.00000094 0.00007458 0.00150546 0.00074534 -0.00210156 57.85793 
0.360 0.01124881 5 -6192347.66 375963.33 331553.48 -195287.53 -884162.28 -5820414.66 -565254755.19 0.00604444 0.01124881 0.00665704 -0.00191652 -0.00503123 -0.00093810 -0.00053969 -0.00025174 0.00000122 0.00021927 0.00040273 0.00055211 0.00066705 0.00074262 0.00076631 0.00072695 0.00062822 0.00049091 0.00015334 -0.00011968 0.00006547 0.00006275 -0.00001628 -0.00000903 -0.00000080 0.00004871 0.00102568 0.00050669 -0.06071864 63.11774 
0.390 0.01151035 5 -5843909.86 171971.40 282105.34 -173766.15 -909306.84 -5214913.61 -515508219.30 0.00676894 0.01151035 0.00680182 -0.00318381 -0.00608380 -0.00124076 -0.00080178 -0.00048041 -0.00019434 0.00005653 0.00027262 0.00045452 0.00060151 0.00070592 0.00074871 0.00071288 0.00060300 0.00044492 0.00004091 -0.00022702 0.00004216 0.00007227 -0.00001589 -0.00000962 -0.00000080 0.00002709 0.00051960 0.00025797 -0.11911512 68.37755 
0.420 0.01238829 2 7098237.70 -4766125.79 5987699.78 207247.98 627044.62 5042371.11 667478054.82 0.00944129 0.00502798 0.00371664 -0.00851889 -0.01238829 -0.01239821 -0.01236941 -0.01226302 -0.01209231 -0.01185650 -0.01155413 -0.01118330 -0.01074378 -0.01024460 -0.00970931 -0.00915701 -0.00857869 -0.00794652 -0.00592579 -0.00206781 0.00019640 0.00027240 -0.00001151 -0.00002813 -0.00000764 -0.00153442 -0.00387240 -0.00263041 -0.65820071 73.63736 
0.450 0.01310663 2 6871915.44 -4679619.25 5477665.78 705019.14 692014.31 4676835.46 651286158.35 0.01087275 0.00645550 0.00406548 -0.01005176 -0.01310663 -0.01278072 -0.01276586 -0.01267148 -0.01250970 -0.01227975 -0.01198017 -0.01160915 -0.01116729 -0.01066736 -0.01013850 -0.00959920 -0.00903640 -0.00842382 -0.00643026 -0.00244541 0.00012629 0.00029852 -0.00001177 -0.00003027 -0.00000753 -0.00162051 -0.00410428 -0.00278484 -0.71535796 78.89718 
0.480 0.01410404 3 17193740.04 8724070.16 -2774027.65 7446003.77 1991827.60 1805866.16 620957260.13 0.01192116 0.01082738 0.00536366 -0.01382710 -0.01010959 -0.02033384 -0.02132556 -0.02174117 -0.02182452 -0.02158188 -0.02102603 -0.02017670 -0.01906494 -0.01774539 -0.01629594 -0.01478035 -0.01323717 -0.01169571 -0.00789742 -0.00250348 0.00023265 0.00033086 -0.00002029 -0.00003393 -0.00000665 -0.00252559 -0.00341628 -0.00294312 -0.79355151 84.15699 
0.510 0.01553316 3 15347675.72 6213784.34 -1877909.52 7068429.44 2431250.49 1512120.97 630432429.63 0.01339206 0.01158207 0.00514205 -0.01520819 -0.01061692 -0.01976938 -0.02071725 -0.02114362 -0.02129028 -0.02115518 -0.02073777 -0.02004251 -0.01908672 -0.01791832 -0.01660876 -0.01521235 -0.01377367 -0.01231688 -0.00859243 -0.00301606 0.00009079 0.00034645 -0.00001692 -0.00003426 -0.00000625 -0.00257256 -0.00369814 -0.00310021 -0.84586176 89.41680 
0.540 0.01686664 3 13129867.61 3911169.86 -1394994.05 6658508.13 2792573.71 1162609.96 615423832.83 0.01483796 0.01204898 0.00471085 -0.01650261 -0.01095519 -0.01877957 -0.01965300 -0.02006502 -0.02024403 -0.02018906 -0.01989845 -0.01937194 -0.01861834 -0.01767502 -0.01659405 -0.01541193 -0.01416674 -0.01285870 -0.00929562 -0.00355332 -0.00007407 0.00035230 -0.00000999 -0.00003323 -0.00000603 -0.00257575 -0.00396865 -0.00322870 -0.88989716 94.67661 
0.570 0.01810941 3 11304923.53 2271810.14 -1103693.22 6594222.88 2839953.01 702630.73 581890255.10 0.01616720 0.01217816 0.00404120 -0.01772498 -0.01103009 -0.01786575 -0.01867290 -0.01906932 -0.01926789 -0.01926834 -0.01906902 -0.01866917 -0.01807889 -0.01733755 -0.01648545 -0.01554011 -0.01451484 -0.01337574 -0.01000785 -0.00411517 -0.00025800 0.00035116 -0.00000370 -0.00003181 -0.00000561 -0.00257981 -0.00423229 -0.00335446 -0.92925445 99.93642 
0.600 0.01944672 3 9649572.90 955695.57 -926273.23 6547607.72 3061954.89 10587.94 538789133.66 0.01746028 0.01228011 0.00328922 -0.01903671 -0.01085402 -0.01704881 -0.01779641 -0.01817892 -0.01839242 -0.01843741 -0.01831205 -0.01801558 -0.01756157 -0.01699444 -0.01634686 -0.01562818 -0.01481627 -0.01385496 -0.01070769 -0.00469140 -0.00044449 0.00035288 0.00000158 -0.00003077 -0.00000498 -0.00258765 -0.00446292 -0.00346673 -0.96535920 105.19623 
0.630 0.02058986 3 8320944.71 -131352.64 -656559.33 6445594.02 3424831.31 -761568.65 499157196.35 0.01873293 0.01215648 0.00235409 -0.02019518 -0.01066324 -0.01648467 -0.01717148 -0.01752932 -0.01773829 -0.01780027 -0.01771341 -0.01747736 -0.01711083 -0.01666437 -0.01616510 -0.01561654 -0.01496994 -0.01418971 -0.01129137 -0.00520947 -0.00063417 0.00034484 0.00000638 -0.00002900 -0.00000416 -0.00259717 -0.00471666 -0.00359074 -1.00168248 110.45605 
0.660 0.02178149 3 7289864.72 -1098937.13 -368203.01 6380284.56 3713323.26 -1336602.97 473937900.29 0.01980567 0.01187683 0.00212651 -0.02138355 -0.01073043 -0.01637736 -0.01698432 -0.01729710 -0.01747710 -0.01752839 -0.01744934 -0.01724023 -0.01692620 -0.01656269 -0.01617133 -0.01574064 -0.01521854 -0.01461317 -0.01191404 -0.00569403 -0.00082491 0.00033223 0.00001086 -0.00002699 -0.00000331 -0.00263865 -0.00496150 -0.00372755 -1.03697491 115.71586 
0.690 0.02278228 3 5562782.12 -2667330.11 513401.04 5664310.70 4343880.69 -2291480.18 423293184.69 0.02166329 0.01090471 -0.00089762 -0.02249965 -0.01047816 -0.01521330 -0.01567502 -0.01590688 -0.01602970 -0.01605045 -0.01596783 -0.01578307 -0.01553186 -0.01527639 -0.01503739 -0.01478150 -0.01451220 -0.01420071 -0.01195967 -0.00594095 -0.00096842 0.00031691 0.00001375 -0.00002499 -0.00000232 -0.00251550 -0.00560672 -0.00396459 -1.09537987 120.97567 
0.720 0.02372322 3 4591466.98 -3486776.58 636686.99 5256171.10 4360752.16 -2175366.69 415380693.87 0.02240889 0.00959239 -0.00238530 -0.02349852 -0.01044702 -0.01509367 -0.01547644 -0.01565900 -0.01573675 -0.01572113 -0.01561203 -0.01541289 -0.01516974 -0.01495513 -0.01478533 -0.01462596 -0.01453760 -0.01437949 -0.01227403 -0.00618261 -0.00110984 0.00028842 0.00001515 -0.00002209 -0.00000107 -0.00251727 -0.00616566 -0.00422755 -1.14347091 126.23548 
0.750 0.02474380 3 4221132.40 -3646798.39 295193.14 5296633.98 3605720.61 -1329616.93 425728642.32 0.02266771 0.00790067 -0.00342518 -0.02451629 -0.01009495 -0.01560371 -0.01600431 -0.01620232 -0.01628512 -0.01627045 -0.01616031 -0.01596210 -0.01573268 -0.01555341 -0.01543199 -0.01537283 -0.01540899 -0.01530538 -0.01303889 -0.00647902 -0.00120963 0.00027178 0.00001660 -0.00002045 -0.00000044 -0.00263672 -0.00663997 -0.00451335 -1.18766447 131.49529 
0.780 0.02587504 3 4292119.76 -3560905.09 -30965.60 5725225.19 2473924.57 -315159.32 445068996.35 0.02266677 0.00637053 -0.00398459 -0.02561031 -0.00979305 -0.01508910 -0.01551289 -0.01572528 -0.01581272 -0.01579826 -0.01568785 -0.01549575 -0.01529427 -0.01517236 -0.01513529 -0.01524361 -0.01544840 -0.01546153 -0.01324701 -0.00661263 -0.00130204 0.00024196 0.00001520 -0.00001795 0.00000078 -0.00261656 -0.00704872 -0.00469425 -1.20991307 136.75510 
0.810 0.02694345 3 4388509.80 -3404889.38 -358849.71 6156121.73 1720958.57 275168.58 455082196.38 0.02261032 0.00548037 -0.00433515 -0.02665211 -0.00917754 -0.01514184 -0.01562578 -0.01588485 -0.01600314 -0.01601237 -0.01592518 -0.01576454 -0.01561518 -0.01557144 -0.01565804 -0.01593695 -0.01628086 -0.01636366 -0.01397012 -0.00685924 -0.00134154 0.00024318 0.00001631 -0.00001779 0.00000084 -0.00270273 -0.00726254 -0.00484026 -1.23020489 142.01492 
0.840 0.02802232 3 4186096.99 -3379410.22 -716262.38 6509614.83 1141855.79 630298.97 452009869.30 0.02253564 0.00494517 -0.00453776 -0.02770644 -0.00875781 -0.01415760 -0.01466906 -0.01496174 -0.01510079 -0.01512575 -0.01506147 -0.01494450 -0.01487501 -0.01494468 -0.01521720 -0.01570033 -0.01630306 -0.01659492 -0.01423634 -0.00701110 -0.00144147 0.00021021 0.00002043 -0.00001415 0.00000127 -0.00265447 -0.00746318 -0.00490868 -1.23772316 147.27473 
0.870 0.02905015 3 3900571.55 -3393589.88 -1046807.01 6772854.78 762096.13 806017.53 443704561.27 0.02244288 0.00492666 -0.00453445 -0.02871799 -0.00845577 -0.01284261 -0.01337465 -0.01370678 -0.01386986 -0.01390861 -0.01386718 -0.01380062 -0.01382182 -0.01401605 -0.01448131 -0.01517190 -0.01616728 -0.01673288 -0.01444530 -0.00718818 -0.00157745 0.00016814 0.00002845 -0.00000922 0.00000119 -0.00257331 -0.00759924 -0.00492935 -1.23969440 152.53454 
0.900 0.03017409 3 3506744.50 -3432938.71 -1430864.12 6976476.75 553892.20 840178.38 430612948.97 0.02236777 0.00508234 -0.00467260 -0.02985165 -0.00828172 -0.01067715 -0.01122476 -0.01160797 -0.01181461 -0.01188465 -0.01188060 -0.01188585 -0.01202238 -0.01237249 -0.01304004 -0.01401858 -0.01552739 -0.01644143 -0.01437780 -0.00734664 -0.00173202 0.00012122 0.00003720 -0.00000407 0.00000097 -0.00239787 -0.00780158 -0.00493100 -1.23946701 157.79435 
0.930 0.03122653 3 3236535.39 -3402864.77 -1755843.13 7137695.18 452781.38 804766.73 418875426.58 0.02222627 0.00581677 -0.00444569 -0.03091020 -0.00814427 -0.00855871 -0.00916011 -0.00962778 -0.00991251 -0.01004643 -0.01009030 -0.01016618 -0.01040864 -0.01090499 -0.01173824 -0.01309200 -0.01515061 -0.01637603 -0.01447980 -0.00756536 -0.00186908 0.00008692 0.00004273 -0.00000061 0.00000099 -0.00225115 -0.00788036 -0.00488999 -1.23494724 163.05416 
