0.001 0.00011184 4 34598.43 -2662.85 -7850.92 -1636.15 3920.70 42827.66 3645545.00 0.00000209 -0.00003941 -0.00011184 -0.00002746 0.00000686 0.00005365 0.00005749 0.00005335 0.00004774 0.00004124 0.00003417 0.00002704 0.00002033 0.00001434 0.00000912 0.00000462 0.00000084 -0.00000227 -0.00000459 0.00000066 0.00001033 0.00000006 -0.00001034 -0.00000142 0.00000191 0.00000358 -0.00002973 -0.00001203 -0.00212082 0.03813 
0.030 0.00162701 5 -1429342.26 86160.70 157621.57 -74267.64 -136624.66 -1462232.24 -134944499.12 0.00066793 0.00162701 0.00069734 0.00052629 0.00031291 0.00027804 0.00027794 0.00026509 0.00024546 0.00021925 0.00018764 0.00015273 0.00011766 0.00008515 0.00005686 0.00003355 0.00001545 0.00000219 -0.00001022 -0.00000399 0.00000981 -0.00000061 -0.00001194 -0.00000251 0.00000119 0.00001626 0.00060320 0.00029140 0.03583265 1.14385 
0.060 0.00309291 5 -2611629.38 120229.92 394465.50 -68613.17 -255083.21 -2802628.42 -251498751.02 0.00122217 0.00309291 0.00140320 0.00097702 0.00054427 0.00060151 0.00061811 0.00061536 0.00060254 0.00057716 0.00053719 0.00048122 0.00041080 0.00033131 0.00025074 0.00017603 0.00011222 0.00006152 -0.00000292 -0.00001649 0.00000585 -0.00000073 -0.00001240 -0.00000330 0.00000026 0.00004611 0.00113624 0.00055714 0.06936992 2.28770 
0.090 0.00446185 5 -3727236.68 145650.54 584054.38 -49576.48 -358693.25 -4048671.86 -359607756.93 0.00170675 0.00446185 0.00205513 0.00138747 0.00076535 0.00097846 0.00101448 0.00102237 0.00101628 0.00099389 0.00095064 0.00088209 0.00078676 0.00066814 0.00053480 0.00039942 0.00027580 0.00017218 0.00002471 -0.00003148 -0.00000093 -0.00000102 -0.00001236 -0.00000371 -0.00000045 0.00008457 0.00162889 0.00080851 0.10170443 3.43155 
0.120 0.00573697 5 -4935068.27 129004.72 632838.61 -50347.08 -449143.75 -5197420.77 -463828744.42 0.00214440 0.00573697 0.00265814 0.00177410 0.00100509 0.00139309 0.00144178 0.00145062 0.00143893 0.00140579 0.00134924 0.00126751 0.00115808 0.00101883 0.00085420 0.00067557 0.00049906 0.00034047 0.00008786 -0.00004157 -0.00001037 -0.00000220 -0.00001206 -0.00000382 -0.00000089 0.00012680 0.00209824 0.00105096 0.13360823 4.57539 
0.150 0.00689978 5 -6101402.06 87353.10 664608.65 -80702.40 -537807.33 -6234854.09 -560439440.81 0.00253757 0.00689978 0.00320966 0.00213216 0.00123036 0.00193472 0.00200870 0.00202729 0.00201718 0.00197752 0.00190698 0.00180406 0.00166728 0.00149574 0.00129137 0.00106299 0.00082640 0.00060046 0.00020038 -0.00004830 -0.00002436 -0.00000457 -0.00001150 -0.00000368 -0.00000116 0.00018642 0.00253236 0.00128614 0.16553041 5.71924 
0.180 0.00817850 5 4701895.73 -837035.43 -1705739.72 -488819.67 566055.91 7167434.64 579569758.68 -0.00278503 -0.00808866 -0.00403954 -0.00248264 -0.00113223 -0.00002774 0.00001971 0.00004401 0.00005824 0.00006320 0.00006051 0.00005302 0.00004439 0.00003703 0.00003042 0.00002348 0.00001677 0.00001084 0.00000185 -0.00000401 -0.00000837 -0.00000441 0.00000025 -0.00000364 -0.00000480 0.00000365 -0.00285685 -0.00133729 -0.16289081 6.86309 
0.210 0.00953082 5 5268917.54 -964604.74 -2007355.07 -590950.15 648404.89 8183422.62 658283458.60 -0.00328021 -0.00941389 -0.00470206 -0.00286756 -0.00130115 0.00005702 0.00011210 0.00013803 0.00015042 0.00015011 0.00013901 0.00012037 0.00009865 0.00007883 0.00006301 0.00004924 0.00003623 0.00002466 0.00000645 -0.00000519 -0.00001078 -0.00000395 0.00000289 -0.00000336 -0.00000552 0.00001039 -0.00331764 -0.00154972 -0.18783738 8.00694 
0.240 0.01076180 5 5595644.15 -1190653.21 -2158155.44 -502507.88 692085.97 8754874.71 710388808.48 -0.00371631 -0.01047340 -0.00563988 -0.00320217 -0.00143899 0.00018689 0.00025929 0.00029193 0.00030510 0.00029953 0.00027729 0.00024180 0.00019841 0.00015385 0.00011461 0.00008250 0.00005544 0.00003364 0.00000407 -0.00000904 -0.00001227 -0.00000281 0.00000534 -0.00000283 -0.00000589 0.00002123 -0.00378149 -0.00176139 -0.21544231 9.15079 
0.270 0.01218469 5 6277910.58 -670087.31 -2071355.70 -987596.85 635483.04 9371467.40 737521876.71 -0.00368818 -0.01172966 -0.00687976 -0.00328508 -0.00147290 -0.00010734 -0.00003922 0.00000022 0.00002980 0.00004957 0.00005995 0.00006179 0.00005674 0.00004693 0.00003584 0.00002719 0.00002112 0.00001578 0.00000639 -0.00000213 -0.00001075 -0.00000199 0.00000711 -0.00000202 -0.00000576 0.00000271 -0.00418077 -0.00195841 -0.24391582 10.29464 
0.300 0.01353343 5 6003975.92 -444072.21 -2201330.38 -1399552.77 333550.22 9715381.06 720243259.14 -0.00328387 -0.01296170 -0.00823606 -0.00322097 -0.00136051 -0.00001051 0.00006371 0.00010497 0.00013388 0.00015028 0.00015430 0.00014621 0.00012724 0.00010003 0.00006826 0.00003789 0.00001509 0.00000023 -0.00001136 -0.00000782 -0.00000926 -0.00000041 0.00000778 -0.00000134 -0.00000529 0.00000904 -0.00446526 -0.00208841 -0.26385628 11.43848 
0.330 0.01518813 5 4996930.73 -374503.61 -2441885.93 -2009530.75 110140.95 9712710.06 664531781.59 -0.00222226 -0.01448969 -0.01008697 -0.00305316 -0.00112736 0.00045206 0.00055251 0.00060297 0.00062970 0.00063246 0.00061122 0.00056595 0.00049770 0.00041027 0.00031155 0.00021204 0.00012387 0.00005703 -0.00001769 -0.00002715 -0.00001151 0.00000129 0.00000753 -0.00000089 -0.00000466 0.00004788 -0.00472522 -0.00218964 -0.28328246 12.58233 
0.360 0.01714692 5 3181693.07 -508479.73 -2825033.08 -2873246.65 -84006.32 9472458.86 572266678.38 -0.00061877 -0.01633733 -0.01215780 -0.00277128 -0.00076456 0.00141837 0.00157330 0.00164477 0.00166999 0.00164873 0.00158111 0.00146731 0.00130895 0.00111134 0.00088631 0.00065332 0.00043469 0.00025010 0.00000521 -0.00006803 -0.00002172 0.00000305 0.00000693 -0.00000058 -0.00000398 0.00013447 -0.00491252 -0.00223144 -0.29472598 13.72618 
0.390 0.01934894 5 462249.09 -981075.31 -3601565.59 -3824555.53 -162661.82 9032107.35 453671914.88 0.00132509 -0.01846568 -0.01466334 -0.00251852 -0.00029158 0.00296706 0.00321160 0.00331444 0.00333280 0.00326717 0.00311932 0.00289165 0.00259001 0.00222664 0.00182153 0.00140181 0.00099791 0.00063939 0.00009510 -0.00012893 -0.00004440 0.00000378 0.00000667 -0.00000031 -0.00000348 0.00027638 -0.00513262 -0.00225923 -0.30499188 14.87003 
0.420 0.02095487 5 -1997474.19 -1340635.11 -4621447.17 -4663629.28 -172450.05 8800687.42 356666665.65 0.00233206 -0.02000786 -0.01620834 -0.00234540 0.00013123 0.00454652 0.00486831 0.00498896 0.00498657 0.00486341 0.00462491 0.00427847 0.00383685 0.00331986 0.00275387 0.00217061 0.00160357 0.00108630 0.00023015 -0.00019564 -0.00007546 0.00000334 0.00000713 0.00000012 -0.00000307 0.00041928 -0.00525465 -0.00224052 -0.30025508 16.01388 
0.450 0.02204678 5 -4200921.46 -1554365.61 -5812197.52 -5308523.02 -169602.75 8643767.44 272235457.70 0.00291311 -0.02102926 -0.01721640 -0.00226389 0.00051188 0.00614120 0.00653471 0.00667070 0.00664807 0.00647149 0.00615029 0.00569763 0.00513225 0.00447917 0.00376875 0.00303553 0.00231526 0.00164387 0.00044387 -0.00026409 -0.00012317 -0.00000042 0.00000809 0.00000091 -0.00000260 0.00057023 -0.00530860 -0.00218562 -0.28774049 17.15773 
0.480 0.02270458 5 -6051214.25 -1775539.47 -6911393.88 -5723503.25 -143570.11 8502792.46 205785965.94 0.00325910 -0.02160391 -0.01790802 -0.00228606 0.00079004 0.00778000 0.00826241 0.00843312 0.00841328 0.00820880 0.00783098 0.00729614 0.00662641 0.00585011 0.00500099 0.00411716 0.00323814 0.00240305 0.00080297 -0.00031435 -0.00019911 -0.00001272 0.00001003 0.00000255 -0.00000205 0.00074527 -0.00534435 -0.00210940 -0.27183934 18.30157 
0.510 0.02307514 5 -7592638.92 -2012736.40 -7895448.21 -5959217.68 -63868.05 8338631.41 154158470.23 0.00339412 -0.02188874 -0.01838985 -0.00230954 0.00100002 0.00937623 0.00995013 0.01016289 0.01015774 0.00994105 0.00952499 0.00892735 0.00817201 0.00728925 0.00631547 0.00529258 0.00426454 0.00327433 0.00127913 -0.00031723 -0.00029028 -0.00003471 0.00001287 0.00000510 -0.00000148 0.00093024 -0.00536058 -0.00201875 -0.25298662 19.44542 
0.540 0.02342999 5 6454123.12 3435930.68 6607708.70 5153131.28 -659669.82 -8082977.71 -263654844.89 -0.00319649 0.02342999 0.01960060 0.00369812 0.00023635 -0.00731244 -0.00787697 -0.00810500 -0.00811731 -0.00792396 -0.00754166 -0.00699382 -0.00631108 -0.00553032 -0.00469076 -0.00383105 -0.00298890 -0.00220192 -0.00075565 0.00021133 0.00013061 0.00000578 -0.00000214 -0.00000502 -0.00000563 -0.00071678 0.00654120 0.00268559 0.36876110 20.58927 
0.570 0.02507258 5 8122722.28 3516185.64 7120914.53 5985614.44 -948456.62 -7551535.71 -178535855.74 -0.00474409 0.02507258 0.02170762 0.00385389 0.00001439 -0.00846323 -0.00911322 -0.00938905 -0.00942976 -0.00924541 -0.00885285 -0.00827602 -0.00754703 -0.00670505 -0.00579101 -0.00484318 -0.00389720 -0.00299005 -0.00120418 0.00017549 0.00018168 0.00002110 -0.00000120 -0.00000616 -0.00000624 -0.00086884 0.00687246 0.00276010 0.38732940 21.73312 
0.600 0.02592881 5 9742048.67 3569828.90 7560228.26 6686871.73 -1196864.36 -6878015.86 -87510372.63 -0.00655450 0.02592881 0.02332940 0.00403243 -0.00013125 -0.00943001 -0.01014376 -0.01045654 -0.01052047 -0.01034551 -0.00994844 -0.00935329 -0.00859289 -0.00770783 -0.00674039 -0.00572869 -0.00470650 -0.00370924 -0.00164844 0.00010807 0.00022425 0.00003854 -0.00000007 -0.00000734 -0.00000677 -0.00100187 0.00703498 0.00276562 0.40184529 22.87697 
0.630 0.02680562 5 11161260.41 3861933.25 7816920.76 7136334.70 -1298084.81 -6355843.48 -17534854.39 -0.00808208 0.02680562 0.02474072 0.00441418 -0.00019764 -0.01051076 -0.01130466 -0.01166663 -0.01176400 -0.01160667 -0.01121136 -0.01060235 -0.00981333 -0.00888655 -0.00786592 -0.00678958 -0.00568929 -0.00459780 -0.00223048 -0.00000648 0.00027611 0.00006303 -0.00000017 -0.00000913 -0.00000709 -0.00116063 0.00726362 0.00278846 0.41630210 24.02082 
0.660 0.02748421 5 12341905.78 4268591.10 7945674.28 7321260.04 -1329284.65 -5864334.99 37090138.70 -0.00948585 0.02748421 0.02598646 0.00495731 -0.00020017 -0.01153273 -0.01240243 -0.01281067 -0.01293962 -0.01279919 -0.01240624 -0.01178562 -0.01097255 -0.01001173 -0.00894882 -0.00782125 -0.00665755 -0.00548671 -0.00284190 -0.00015648 0.00032540 0.00009262 -0.00000115 -0.00001146 -0.00000725 -0.00131599 0.00751671 0.00282457 0.43352966 25.16466 
0.690 0.02791339 5 13258145.59 5012409.80 7619829.73 7240610.04 -1226984.74 -5387719.24 72530903.57 -0.01081678 0.02791339 0.02701724 0.00559744 -0.00015651 -0.01240715 -0.01333778 -0.01378334 -0.01393828 -0.01381246 -0.01342285 -0.01279494 -0.01196580 -0.01098292 -0.00989373 -0.00873411 -0.00752836 -0.00630085 -0.00343231 -0.00032886 0.00036327 0.00012261 -0.00000247 -0.00001392 -0.00000733 -0.00145441 0.00775360 0.00286209 0.45226420 26.30851 
0.720 0.02843394 4 12054303.83 5354304.74 7424191.72 6517838.14 -2214845.94 -5027184.83 -10625279.87 -0.01177716 0.02787148 0.02814072 0.00668991 0.00050119 -0.01132005 -0.01219670 -0.01261152 -0.01274616 -0.01261043 -0.01222149 -0.01160570 -0.01080232 -0.00986225 -0.00883548 -0.00775657 -0.00664454 -0.00551648 -0.00289751 -0.00017901 0.00032685 0.00009552 -0.00000073 -0.00001161 -0.00000732 -0.00130306 0.00835714 0.00322541 0.53413608 27.45236 
0.750 0.02904211 4 12123517.05 6064257.58 7056328.34 6019304.57 -2437316.20 -4579057.24 -24296015.94 -0.01293868 0.02758589 0.02875673 0.00756488 0.00078852 -0.01140504 -0.01229048 -0.01270966 -0.01284637 -0.01271042 -0.01231912 -0.01169955 -0.01089295 -0.00995363 -0.00893422 -0.00786842 -0.00677112 -0.00565373 -0.00301538 -0.00021742 0.00033167 0.00010001 -0.00000106 -0.00001209 -0.00000738 -0.00132084 0.00861631 0.00333746 0.57129812 28.59621 
0.780 0.02949983 4 12119975.10 6577855.02 6833400.88 5448998.70 -2579943.49 -4160336.01 -34452444.97 -0.01408420 0.02718849 0.02923062 0.00854755 0.00107057 -0.01142925 -0.01231204 -0.01272743 -0.01285962 -0.01271838 -0.01232113 -0.01169549 -0.01088440 -0.00994516 -0.00893303 -0.00788149 -0.00680239 -0.00570209 -0.00307142 -0.00023745 0.00033460 0.00010261 -0.00000114 -0.00001239 -0.00000745 -0.00132488 0.00886382 0.00345134 0.60953621 29.74006 
0.810 0.02979071 4 12138287.16 7011122.75 6721903.85 4830791.81 -2652309.42 -3773221.83 -41544476.72 -0.01521669 0.02667023 0.02954586 0.00959065 0.00139510 -0.01143679 -0.01231789 -0.01273015 -0.01285836 -0.01271230 -0.01230945 -0.01167797 -0.01086238 -0.00992280 -0.00891703 -0.00787869 -0.00681717 -0.00573425 -0.00311671 -0.00025403 0.00034017 0.00010628 -0.00000146 -0.00001279 -0.00000748 -0.00132652 0.00909813 0.00356031 0.64762494 30.88391 
0.840 0.02988789 4 12167416.67 7417877.99 6680433.29 4168660.92 -2658735.07 -3440820.46 -48849970.49 -0.01631668 0.02601555 0.02967584 0.01069225 0.00180916 -0.01140311 -0.01228758 -0.01270052 -0.01282809 -0.01268005 -0.01227404 -0.01163883 -0.01082063 -0.00988254 -0.00888498 -0.00786182 -0.00682003 -0.00575654 -0.00315863 -0.00027276 0.00034492 0.00010982 -0.00000182 -0.00001318 -0.00000752 -0.00132563 0.00932986 0.00366941 0.68646711 32.02776 
0.870 0.02978822 4 12224127.27 7806889.72 6670709.05 3513915.48 -2611978.82 -3155408.15 -55069920.12 -0.01737458 0.02523697 0.02961118 0.01182941 0.00231845 -0.01131971 -0.01221421 -0.01263308 -0.01276485 -0.01261930 -0.01221418 -0.01157896 -0.01076165 -0.00982852 -0.00884265 -0.00783835 -0.00682012 -0.00577954 -0.00320987 -0.00030617 0.00034326 0.00011269 -0.00000202 -0.00001352 -0.00000757 -0.00132363 0.00955581 0.00377640 0.72545201 33.17160 
0.900 0.02951366 4 12240100.40 8142564.18 6648241.46 2937951.12 -2555714.20 -2932942.15 -62367981.59 -0.01838282 0.02433900 0.02936828 0.01294141 0.00295520 -0.01107586 -0.01198447 -0.01241388 -0.01255515 -0.01241804 -0.01202042 -0.01139242 -0.01058388 -0.00966421 -0.00869918 -0.00772379 -0.00674007 -0.00573367 -0.00322082 -0.00033582 0.00033287 0.00010972 -0.00000177 -0.00001330 -0.00000758 -0.00130659 0.00977840 0.00388979 0.76612895 34.31545 
0.930 0.02908520 4 12143386.04 8378398.79 6584385.94 2511207.96 -2586034.19 -2744572.45 -72370626.60 -0.01934550 0.02331865 0.02896172 0.01397959 0.00375261 -0.01057162 -0.01149629 -0.01193996 -0.01209586 -0.01197374 -0.01159157 -0.01098012 -0.01019105 -0.00929688 -0.00836616 -0.00743482 -0.00650222 -0.00554726 -0.00313259 -0.00032389 0.00032717 0.00010372 -0.00000140 -0.00001280 -0.00000757 -0.00125928 0.01000057 0.00401907 0.81031762 35.45930 
0.960 0.02759411 4 11725426.42 8427965.26 6502370.03 2211780.76 -2703274.79 -2713414.83 -96319791.94 -0.01975706 0.02148145 0.02743615 0.01471366 0.00491360 -0.00955735 -0.01049731 -0.01095856 -0.01113487 -0.01103618 -0.01068075 -0.01010018 -0.00934830 -0.00850136 -0.00763164 -0.00677678 -0.00593241 -0.00506826 -0.00284878 -0.00025938 0.00030864 0.00008782 -0.00000027 -0.00001133 -0.00000750 -0.00115232 0.01004110 0.00409489 0.84449751 36.60315 
0.990 0.02714892 4 11494922.30 8406060.27 6405257.11 2016654.40 -2775755.12 -2557294.34 -101356708.94 -0.02071071 0.02051900 0.02699983 0.01565876 0.00577824 -0.00891436 -0.00987684 -0.01035856 -0.01055503 -0.01047646 -0.01014156 -0.00958288 -0.00885615 -0.00804052 -0.00721090 -0.00640632 -0.00561974 -0.00481489 -0.00271453 -0.00023531 0.00030301 0.00008105 -0.00000001 -0.00001075 -0.00000746 -0.00109098 0.01026495 0.00423241 0.88971488 37.74700 
1.020 0.02711317 5 -1493926.40 1760246.65 -8274739.63 4245246.98 3172524.49 -2397204.90 -7707013.74 0.00522666 0.02711317 0.01110026 -0.00580541 -0.00444773 -0.00201115 -0.00198747 -0.00196426 -0.00193792 -0.00190730 -0.00187270 -0.00184277 -0.00184245 -0.00190627 -0.00204932 -0.00225373 -0.00247169 -0.00264081 -0.00257081 -0.00135554 0.00002368 0.00018441 -0.00000951 -0.00001830 -0.00000386 -0.00038562 0.00246239 0.00094946 -0.09212856 38.89085 
1.050 0.02813530 5 -1828167.36 1782444.33 -8613352.57 4707183.72 3271495.66 -2975938.51 -36595409.87 0.00503116 0.02813530 0.01218252 -0.00625254 -0.00429444 -0.00139706 -0.00136962 -0.00134414 -0.00131853 -0.00129167 -0.00126407 -0.00124536 -0.00126258 -0.00135234 -0.00153078 -0.00178001 -0.00204953 -0.00227433 -0.00235458 -0.00135152 -0.00000518 0.00018061 -0.00000966 -0.00001814 -0.00000381 -0.00031423 0.00270357 0.00110044 -0.06865872 40.03469 
1.080 0.02899793 5 -2091096.62 1796856.88 -8890678.51 5151860.36 3323814.57 -3472949.92 -60802737.24 0.00482542 0.02899793 0.01324795 -0.00663225 -0.00417765 -0.00089140 -0.00086459 -0.00084025 -0.00081762 -0.00079558 -0.00077482 -0.00076571 -0.00079699 -0.00090723 -0.00111386 -0.00139926 -0.00171062 -0.00198096 -0.00218580 -0.00136153 -0.00003771 0.00017625 -0.00000943 -0.00001787 -0.00000379 -0.00025780 0.00292856 0.00123589 -0.04678490 41.17854 
