0.001 0.00013573 5 29074.30 -9343.05 -25272.93 -8131.54 4456.45 67365.38 4911583.68 -0.00001064 -0.00006820 -0.00012543 -0.00003420 0.00000669 0.00006243 0.00006628 0.00006164 0.00005521 0.00004769 0.00003947 0.00003118 0.00002337 0.00001642 0.00001041 0.00000530 0.00000109 -0.00000230 -0.00000486 0.00000048 0.00001027 0.00000004 -0.00001035 -0.00000144 0.00000188 0.00000402 -0.00003818 -0.00001576 -0.00246811 0.08016 
0.030 0.00227966 5 804558.11 -313175.66 -743331.97 -244078.55 127756.62 1977387.67 143555256.59 -0.00080498 -0.00220860 -0.00117123 -0.00065071 -0.00021080 0.00026908 0.00028668 0.00028048 0.00026054 0.00023010 0.00019284 0.00015331 0.00011508 0.00008069 0.00005163 0.00002848 0.00001114 -0.00000104 -0.00001160 -0.00000552 0.00000554 -0.00000140 -0.00000913 -0.00000242 0.00000038 0.00001610 -0.00075645 -0.00034605 -0.04032850 2.40466 
0.060 0.00437897 5 1568552.06 -544720.38 -1388042.84 -546439.24 214173.06 3833581.45 273787812.32 -0.00158452 -0.00430257 -0.00217668 -0.00121168 -0.00041516 0.00036917 0.00039018 0.00037542 0.00033678 0.00027952 0.00021097 0.00014050 0.00007769 0.00002946 -0.00000336 -0.00002296 -0.00003263 -0.00003553 -0.00002631 -0.00000585 0.00000314 -0.00000228 -0.00000710 -0.00000309 -0.00000116 0.00001581 -0.00144482 -0.00066890 -0.07730234 4.80931 
0.090 0.00637787 5 2237600.74 -773375.96 -1987051.78 -831636.01 280605.92 5549058.57 392759818.59 -0.00234180 -0.00629800 -0.00312019 -0.00174092 -0.00061281 0.00049545 0.00052219 0.00049970 0.00044224 0.00035607 0.00025103 0.00013973 0.00003624 -0.00004624 -0.00009864 -0.00012156 -0.00012277 -0.00011093 -0.00006279 -0.00000731 0.00000304 -0.00000217 -0.00000455 -0.00000348 -0.00000257 0.00001422 -0.00209864 -0.00097624 -0.11232575 7.21397 
0.120 0.00823321 5 2873368.21 -1120517.90 -2466430.60 -969202.18 361296.01 7068222.87 507079987.72 -0.00306980 -0.00814453 -0.00401084 -0.00229809 -0.00085360 0.00073991 0.00078877 0.00077239 0.00070959 0.00060563 0.00047004 0.00031482 0.00015563 0.00001049 -0.00010405 -0.00017632 -0.00020548 -0.00020179 -0.00012801 -0.00002122 0.00000361 -0.00000045 -0.00000177 -0.00000373 -0.00000381 0.00002463 -0.00274316 -0.00127284 -0.14679521 9.61863 
0.150 0.01002104 5 3475594.07 -1366811.37 -2588084.99 -1284175.61 423620.86 8291045.18 596322138.32 -0.00366701 -0.00984887 -0.00501394 -0.00274302 -0.00108665 0.00098712 0.00106507 0.00106529 0.00101180 0.00090829 0.00076226 0.00058271 0.00038345 0.00018301 0.00000170 -0.00014088 -0.00023031 -0.00026636 -0.00020491 -0.00004922 0.00000324 0.00000277 0.00000098 -0.00000380 -0.00000475 0.00004177 -0.00335234 -0.00154931 -0.17997524 12.02328 
0.180 0.01218623 5 3474681.08 -1321123.43 -2739661.25 -2083213.11 250376.79 9368302.08 630158692.90 -0.00339216 -0.01172980 -0.00691052 -0.00296122 -0.00113039 0.00125128 0.00136354 0.00138756 0.00135269 0.00126138 0.00111905 0.00093137 0.00070892 0.00046879 0.00023194 0.00002038 -0.00014569 -0.00025141 -0.00026633 -0.00009138 0.00000017 0.00000702 0.00000268 -0.00000358 -0.00000499 0.00006804 -0.00393674 -0.00180931 -0.21842905 14.42794 
0.210 0.01422051 5 3156275.46 -1366035.64 -2592519.83 -2659201.30 204748.13 9569284.09 618291095.95 -0.00250725 -0.01358859 -0.00946567 -0.00305241 -0.00113710 0.00149754 0.00165534 0.00171255 0.00170486 0.00163419 0.00150428 0.00131928 0.00108650 0.00082038 0.00054155 0.00027282 0.00003540 -0.00015082 -0.00030110 -0.00014284 -0.00000550 0.00001157 0.00000401 -0.00000301 -0.00000473 0.00010041 -0.00453667 -0.00207334 -0.26474685 16.83260 
0.240 0.01694270 5 2118082.57 -1686592.91 -2503975.51 -3166187.10 -16103.38 9490941.47 571139770.87 -0.00101004 -0.01616943 -0.01215025 -0.00306751 -0.00107782 0.00201543 0.00223353 0.00232734 0.00234317 0.00228281 0.00214964 0.00194757 0.00168328 0.00137039 0.00102947 0.00068560 0.00036246 0.00008171 -0.00027691 -0.00020937 -0.00001592 0.00001653 0.00000458 -0.00000222 -0.00000385 0.00016031 -0.00510583 -0.00230833 -0.30657239 19.23726 
0.270 0.01919685 5 467892.89 -2395106.11 -2665618.87 -3455516.18 -192385.22 9176519.26 509921172.12 0.00098268 -0.01830393 -0.01464727 -0.00355398 -0.00102369 0.00303172 0.00332850 0.00345851 0.00348726 0.00341678 0.00325174 0.00299696 0.00266143 0.00226122 0.00181909 0.00136253 0.00091882 0.00051332 -0.00013975 -0.00029466 -0.00004701 0.00001939 0.00000492 -0.00000145 -0.00000282 0.00026786 -0.00564159 -0.00250235 -0.34952114 21.64191 
0.300 0.02011716 5 689025.40 -2154187.05 -2065981.38 -3728408.88 -339655.52 8977258.23 486649532.68 0.00253878 -0.01919527 -0.01568048 -0.00333368 -0.00160969 0.00188361 0.00220038 0.00237074 0.00246032 0.00247050 0.00240371 0.00226313 0.00205301 0.00178027 0.00145884 0.00110966 0.00075455 0.00041676 -0.00016673 -0.00029844 -0.00003414 0.00002433 0.00000425 -0.00000118 -0.00000192 0.00019224 -0.00589478 -0.00266121 -0.39091329 24.04657 
0.330 0.02109347 5 389128.63 -2279882.21 -1709328.39 -4034967.46 -374144.72 8787451.41 462379093.83 0.00386611 -0.02013431 -0.01678486 -0.00340722 -0.00200482 0.00160654 0.00196149 0.00216505 0.00228955 0.00233628 0.00230752 0.00220629 0.00203650 0.00180357 0.00151703 0.00119401 0.00085345 0.00051841 -0.00010951 -0.00031903 -0.00003856 0.00002857 0.00000381 -0.00000120 -0.00000137 0.00018825 -0.00618912 -0.00280131 -0.42558747 26.45123 
