0.001 0.00011376 4 43202.64 -5731.30 -1588.51 -189.20 3519.15 47192.50 4257732.53 0.00000025 -0.00004402 -0.00011376 -0.00002919 0.00000443 0.00005179 0.00005583 0.00005191 0.00004652 0.00004025 0.00003339 0.00002645 0.00001992 0.00001406 0.00000895 0.00000453 0.00000081 -0.00000227 -0.00000457 0.00000064 0.00001028 0.00000002 -0.00001036 -0.00000144 0.00000189 0.00000350 -0.00003199 -0.00001314 -0.00227649 0.03409 
0.030 0.00154367 5 1300012.50 -133032.83 -44868.18 -6145.80 105336.25 1378723.05 124643021.35 -0.00045945 -0.00147396 -0.00081490 -0.00049040 -0.00027194 -0.00014290 -0.00012952 -0.00011857 -0.00010462 -0.00008865 -0.00007180 -0.00005530 -0.00004024 -0.00002737 -0.00001716 -0.00000973 -0.00000489 -0.00000228 -0.00000016 0.00000174 0.00000619 -0.00000192 -0.00000927 -0.00000239 0.00000042 -0.00000607 -0.00056363 -0.00026744 -0.03488916 1.02269 
0.060 0.00292781 5 2581710.81 -230222.13 -120838.69 36354.65 229555.89 2666861.09 244487442.17 -0.00090215 -0.00285436 -0.00150089 -0.00095538 -0.00054611 -0.00042619 -0.00041441 -0.00039670 -0.00036909 -0.00033197 -0.00028689 -0.00023640 -0.00018472 -0.00013615 -0.00009373 -0.00005908 -0.00003280 -0.00001445 0.00000490 0.00000701 0.00000324 -0.00000344 -0.00000744 -0.00000303 -0.00000109 -0.00002428 -0.00108753 -0.00052271 -0.06828712 2.04537 
0.090 0.00425912 5 3867605.16 -264929.99 -221202.84 92933.42 365277.92 3895526.65 360118195.14 -0.00132197 -0.00418265 -0.00216116 -0.00140754 -0.00081003 -0.00076968 -0.00076734 -0.00074846 -0.00071203 -0.00065824 -0.00058853 -0.00050545 -0.00041360 -0.00032001 -0.00023243 -0.00015636 -0.00009508 -0.00004928 0.00000515 0.00001608 0.00000181 -0.00000464 -0.00000513 -0.00000339 -0.00000248 -0.00005025 -0.00159342 -0.00077366 -0.10153626 3.06806 
0.120 0.00555839 5 5149893.54 -232830.94 -349379.83 145013.55 516534.19 5070556.58 471248912.85 -0.00174059 -0.00548008 -0.00280456 -0.00184725 -0.00106370 -0.00114226 -0.00115353 -0.00113626 -0.00109329 -0.00102453 -0.00093144 -0.00081683 -0.00068621 -0.00054763 -0.00041125 -0.00028737 -0.00018367 -0.00010320 -0.00000080 0.00002719 0.00000191 -0.00000540 -0.00000255 -0.00000352 -0.00000371 -0.00008057 -0.00208722 -0.00102124 -0.13440329 4.09075 
0.150 0.00683323 5 6403636.56 -205113.32 -462931.85 195893.64 676483.29 6199304.78 579385247.02 -0.00216133 -0.00675231 -0.00343601 -0.00228211 -0.00131723 -0.00155483 -0.00157862 -0.00156220 -0.00151255 -0.00142998 -0.00131548 -0.00117176 -0.00100443 -0.00082239 -0.00063670 -0.00046074 -0.00030766 -0.00018460 -0.00001783 0.00003989 0.00000421 -0.00000543 0.00000021 -0.00000345 -0.00000475 -0.00011584 -0.00257612 -0.00126916 -0.16752805 5.11343 
0.180 0.00808565 5 7598317.15 -164665.82 -566834.50 226108.37 843500.20 7260208.90 681397338.30 -0.00256819 -0.00799540 -0.00406412 -0.00270235 -0.00155926 -0.00204418 -0.00208138 -0.00206597 -0.00200995 -0.00191332 -0.00177712 -0.00160358 -0.00139827 -0.00117073 -0.00093345 -0.00070105 -0.00048972 -0.00031267 -0.00005563 0.00005367 0.00000985 -0.00000437 0.00000300 -0.00000313 -0.00000550 -0.00016004 -0.00305426 -0.00151678 -0.20100524 6.13612 
0.210 0.00925827 5 8752457.03 -165198.43 -478021.00 495887.15 858433.58 8041355.73 766888332.26 -0.00288422 -0.00905065 -0.00485552 -0.00308651 -0.00180313 -0.00261733 -0.00267534 -0.00266551 -0.00260611 -0.00249695 -0.00233872 -0.00213309 -0.00188541 -0.00160648 -0.00131100 -0.00101570 -0.00073867 -0.00049695 -0.00012101 0.00006697 0.00001909 -0.00000223 0.00000564 -0.00000246 -0.00000580 -0.00021526 -0.00353162 -0.00176989 -0.23810420 7.15881 
0.240 0.01054563 5 8857177.94 -166788.56 -315696.62 -127299.93 893541.90 8573421.15 787432259.45 -0.00252642 -0.01012530 -0.00637522 -0.00316500 -0.00182937 -0.00283181 -0.00289778 -0.00289569 -0.00284651 -0.00274937 -0.00260352 -0.00240861 -0.00216673 -0.00188511 -0.00157674 -0.00125859 -0.00095011 -0.00067031 -0.00020217 0.00006764 0.00002810 0.00000085 0.00000738 -0.00000144 -0.00000532 -0.00024652 -0.00392649 -0.00197160 -0.27272488 8.18149 
0.270 0.01142826 5 8916450.65 -222681.64 -177716.15 -252451.89 774038.27 8795262.06 795582621.95 -0.00213798 -0.01092385 -0.00764078 -0.00322127 -0.00184850 -0.00302470 -0.00310001 -0.00310624 -0.00306631 -0.00297913 -0.00284348 -0.00265814 -0.00242336 -0.00214331 -0.00182833 -0.00149495 -0.00116327 -0.00085251 -0.00029681 0.00006279 0.00003743 0.00000399 0.00000831 -0.00000061 -0.00000460 -0.00027665 -0.00423273 -0.00213117 -0.30173265 9.20418 
0.300 0.01184622 5 8310083.38 -338661.58 -320364.51 -444957.99 653319.11 8760748.35 769210968.67 -0.00161296 -0.01128293 -0.00849567 -0.00314855 -0.00171805 -0.00277043 -0.00283760 -0.00284706 -0.00281930 -0.00275323 -0.00264739 -0.00250010 -0.00231024 -0.00207869 -0.00181075 -0.00151797 -0.00121670 -0.00092527 -0.00036712 0.00004009 0.00003981 0.00000663 0.00000835 -0.00000053 -0.00000433 -0.00026657 -0.00431106 -0.00216253 -0.31090338 10.22687 
0.330 0.01209998 5 6340299.23 -735703.49 -1050431.58 -863172.44 846933.86 8142672.89 684457849.61 -0.00003729 -0.01147186 -0.01030834 -0.00301418 -0.00131713 -0.00163579 -0.00165242 -0.00165273 -0.00164316 -0.00162232 -0.00158812 -0.00153798 -0.00146903 -0.00137857 -0.00126465 -0.00112693 -0.00096783 -0.00079470 -0.00039070 -0.00001716 0.00002779 0.00000855 0.00000792 -0.00000150 -0.00000506 -0.00017727 -0.00432290 -0.00212064 -0.31905751 11.24956 
0.360 0.01158184 4 -7416663.55 -13705.63 1257065.80 -382560.65 -1563776.72 -6713686.34 -673049955.78 -0.00273097 0.01039386 0.01146835 0.00374893 0.00150284 0.00348267 0.00359020 0.00359947 0.00355090 0.00344408 0.00327842 0.00305335 0.00276921 0.00242924 0.00204335 0.00163128 0.00121985 0.00083850 0.00020028 -0.00013196 -0.00004965 -0.00000276 -0.00000804 -0.00000405 -0.00000252 0.00030585 0.00439367 0.00222213 0.37899329 12.27224 
0.390 0.01273066 4 -6824896.76 748829.60 1178358.68 -176951.93 -1585512.03 -6989621.08 -688701473.37 -0.00317515 0.01179168 0.01261989 0.00420687 0.00154164 0.00278993 0.00285753 0.00285350 0.00281134 0.00273054 0.00261015 0.00244896 0.00224588 0.00200085 0.00171688 0.00140343 0.00107702 0.00076095 0.00019765 -0.00011640 -0.00004601 -0.00000325 -0.00000808 -0.00000391 -0.00000241 0.00024890 0.00480916 0.00238664 0.40472021 13.29493 
0.420 0.01532089 5 -5670438.69 923385.37 1000322.65 811281.18 -946309.04 -7459118.84 -636513932.25 -0.00366702 0.01532089 0.01445854 0.00314828 0.00129926 0.00222501 0.00222866 0.00219347 0.00213912 0.00206496 0.00196977 0.00185187 0.00170938 0.00154066 0.00134522 0.00112516 0.00088666 0.00064392 0.00017716 -0.00009929 -0.00003900 -0.00000308 -0.00000810 -0.00000386 -0.00000235 0.00019254 0.00509340 0.00248995 0.40204542 14.31762 
0.450 0.01666717 5 -5364853.78 652128.43 1346356.45 689372.86 -935310.11 -7117401.40 -602463241.39 -0.00441934 0.01666717 0.01590183 0.00396208 0.00106756 0.00187302 0.00192045 0.00193239 0.00192775 0.00190559 0.00186428 0.00180164 0.00171506 0.00160182 0.00145969 0.00128777 0.00108737 0.00086600 0.00035285 -0.00007520 -0.00005780 -0.00000693 -0.00000561 -0.00000072 -0.00000009 0.00019626 0.00553198 0.00269752 0.44015244 15.34030 
0.480 0.01650266 5 -5110343.61 785079.65 1316993.10 729196.60 -924011.02 -7017601.95 -591613884.41 -0.00489925 0.01650266 0.01613720 0.00447981 0.00102802 0.00158797 0.00162502 0.00163378 0.00162999 0.00161288 0.00158097 0.00153222 0.00146411 0.00137381 0.00125872 0.00111705 0.00094842 0.00075721 0.00029578 -0.00009259 -0.00005963 -0.00000579 -0.00000562 -0.00000075 -0.00000004 0.00016583 0.00561349 0.00271956 0.45119630 16.36299 
0.510 0.01695531 4 12046148.13 1329690.79 1288191.26 1154084.20 1841008.99 6433172.88 790028975.98 0.00721483 -0.01327320 -0.01695531 -0.00797943 -0.00235524 -0.00717815 -0.00761109 -0.00780258 -0.00784898 -0.00774987 -0.00750568 -0.00711777 -0.00659204 -0.00594377 -0.00519963 -0.00439669 -0.00357778 -0.00278579 -0.00120504 0.00008584 0.00015576 0.00002773 0.00000407 -0.00000183 -0.00000313 -0.00075674 -0.00658547 -0.00348911 -0.65301786 17.38568 
0.540 0.01930631 4 11529960.27 1550546.04 651622.58 1138040.24 1761712.54 6428038.88 763834876.07 0.00888541 -0.01542613 -0.01930631 -0.00967455 -0.00227898 -0.00672370 -0.00718024 -0.00740079 -0.00748454 -0.00743076 -0.00723907 -0.00690946 -0.00644469 -0.00585494 -0.00516223 -0.00440026 -0.00361053 -0.00283620 -0.00125605 0.00007531 0.00016332 0.00003068 0.00000376 -0.00000155 -0.00000246 -0.00073759 -0.00742889 -0.00387431 -0.72946885 18.40836 
0.570 0.02158846 4 11131563.29 1608332.07 177510.32 1237211.50 1693707.17 6414802.24 748558532.88 0.01057520 -0.01747980 -0.02158846 -0.01162800 -0.00226683 -0.00623077 -0.00670660 -0.00695190 -0.00706901 -0.00705706 -0.00691525 -0.00664289 -0.00624085 -0.00571513 -0.00508181 -0.00437004 -0.00361839 -0.00286956 -0.00130257 0.00006276 0.00017068 0.00003369 0.00000280 -0.00000150 -0.00000175 -0.00071314 -0.00832931 -0.00428342 -0.81156343 19.43105 
0.600 0.02403034 4 10542170.19 1003800.27 37844.73 1394161.60 1701822.38 6404541.22 751210835.12 0.01230103 -0.01965466 -0.02403034 -0.01397125 -0.00237034 -0.00537070 -0.00583064 -0.00608011 -0.00622105 -0.00625255 -0.00617353 -0.00598282 -0.00567972 -0.00526565 -0.00474825 -0.00414549 -0.00348675 -0.00281047 -0.00133178 0.00003121 0.00017157 0.00003690 0.00000164 -0.00000159 -0.00000113 -0.00065166 -0.00939336 -0.00474956 -0.90411447 20.45374 
0.630 0.02657838 4 9316584.50 -407904.15 64574.39 1552153.81 1688155.96 6419604.49 758299060.77 0.01400146 -0.02195527 -0.02657838 -0.01655866 -0.00255615 -0.00373679 -0.00411897 -0.00434304 -0.00449556 -0.00457540 -0.00458105 -0.00451060 -0.00436189 -0.00413350 -0.00382642 -0.00344273 -0.00298983 -0.00249017 -0.00127977 -0.00002963 0.00015346 0.00003851 0.00000268 -0.00000137 -0.00000093 -0.00050889 -0.01056452 -0.00522273 -0.99661961 21.47642 
0.660 0.02934111 4 7934774.20 -1304050.69 -858157.29 1987622.12 1672516.21 6436843.85 751718155.62 0.01570925 -0.02436334 -0.02934111 -0.01980188 -0.00264523 -0.00137225 -0.00165088 -0.00183954 -0.00199650 -0.00212060 -0.00221004 -0.00226254 -0.00227537 -0.00224604 -0.00217350 -0.00205614 -0.00188737 -0.00166710 -0.00097881 -0.00008246 0.00011154 0.00003443 0.00000342 -0.00000087 -0.00000066 -0.00027300 -0.01190261 -0.00572469 -1.09379098 22.49911 
0.690 0.03284984 4 3796296.02 -2191966.30 -3148672.87 1699827.96 1363230.77 6073876.46 611001141.84 0.01786251 -0.02723586 -0.03284984 -0.02311181 -0.00233292 0.00381898 0.00384556 0.00382012 0.00374622 0.00362511 0.00345885 0.00325014 0.00300221 0.00271809 0.00239929 0.00204917 0.00168169 0.00131198 0.00055056 -0.00000404 -0.00003460 -0.00000324 0.00000718 0.00000328 0.00000029 0.00035839 -0.01321467 -0.00600434 -1.14861461 23.52180 
