0.001 0.00011693 5 15904.81 9365.98 -22219.85 -19503.07 -1754.15 50015.90 2494709.51 -0.00000535 -0.00004941 -0.00011406 -0.00002186 0.00001342 0.00006021 0.00006363 0.00005888 0.00005255 0.00004527 0.00003739 0.00002948 0.00002207 0.00001548 0.00000979 0.00000493 0.00000091 -0.00000235 -0.00000476 0.00000058 0.00001034 0.00000007 -0.00001034 -0.00000142 0.00000191 0.00000386 -0.00002841 -0.00001127 -0.00180815 0.10982 
0.030 0.00165727 5 554108.59 248959.96 -592895.50 -503058.67 -13120.13 1414222.93 76767237.69 -0.00060754 -0.00158771 -0.00081985 -0.00030576 -0.00003885 0.00012559 0.00012794 0.00011964 0.00010689 0.00009090 0.00007316 0.00005572 0.00003982 0.00002615 0.00001501 0.00000633 -0.00000009 -0.00000464 -0.00000745 -0.00000126 0.00000796 -0.00000086 -0.00000973 -0.00000191 0.00000116 0.00000658 -0.00046881 -0.00021627 -0.02239431 3.29453 
0.060 0.00307514 5 1319887.42 494449.98 -956771.82 -911147.81 1802.56 2691554.52 155783563.05 -0.00113005 -0.00300200 -0.00147220 -0.00057728 -0.00013223 -0.00001531 -0.00002407 -0.00003850 -0.00005493 -0.00007213 -0.00008791 -0.00009899 -0.00010182 -0.00009537 -0.00008260 -0.00006684 -0.00005094 -0.00003682 -0.00001285 0.00000391 0.00000757 -0.00000185 -0.00000898 -0.00000240 0.00000033 -0.00000781 -0.00089135 -0.00042199 -0.04502813 6.58906 
0.090 0.00439597 5 2163034.90 729189.28 -1224656.63 -1248845.40 26251.90 3881095.74 234556399.61 -0.00159893 -0.00432039 -0.00207517 -0.00084155 -0.00024378 -0.00023028 -0.00025332 -0.00027454 -0.00029375 -0.00030972 -0.00032045 -0.00032288 -0.00031287 -0.00028654 -0.00024503 -0.00019533 -0.00014558 -0.00010130 -0.00002957 0.00001154 0.00000892 -0.00000254 -0.00000798 -0.00000284 -0.00000057 -0.00003006 -0.00129401 -0.00062257 -0.06805235 9.88359 
0.120 0.00564817 5 2968679.91 857719.50 -1442469.52 -1500115.83 60372.25 4993173.51 313257826.68 -0.00204523 -0.00557133 -0.00264445 -0.00111789 -0.00037395 -0.00041811 -0.00045182 -0.00047847 -0.00050073 -0.00051759 -0.00052700 -0.00052600 -0.00051058 -0.00047613 -0.00042010 -0.00034741 -0.00026840 -0.00019366 -0.00006403 0.00001653 0.00001153 -0.00000258 -0.00000674 -0.00000323 -0.00000149 -0.00005213 -0.00168934 -0.00081961 -0.09119430 13.17812 
0.150 0.00684486 5 3706614.24 817240.62 -1594611.66 -1658642.66 100968.78 6041659.16 393564095.22 -0.00247819 -0.00676584 -0.00319312 -0.00141812 -0.00053190 -0.00054105 -0.00057778 -0.00060611 -0.00062988 -0.00064843 -0.00066007 -0.00066268 -0.00065216 -0.00062266 -0.00056898 -0.00049142 -0.00039768 -0.00030086 -0.00011497 0.00001591 0.00001458 -0.00000191 -0.00000527 -0.00000358 -0.00000242 -0.00006961 -0.00208724 -0.00101543 -0.11470412 16.47265 
0.180 0.00812279 5 -10513518.88 -154095.93 -2081433.05 -653873.23 -328375.55 -7295741.12 -752300105.55 0.00249184 0.00812279 0.00405650 0.00251055 0.00212166 0.00416834 0.00424007 0.00416933 0.00399699 0.00372899 0.00337629 0.00295492 0.00248670 0.00199861 0.00151971 0.00107768 0.00069705 0.00039367 0.00000141 -0.00010816 -0.00001538 0.00000249 -0.00001310 -0.00000438 -0.00000090 0.00029304 0.00322772 0.00166875 0.23040069 19.76718 
0.210 0.00976325 5 -11150292.59 114797.36 -2195034.43 -353166.17 -354745.91 -8362143.45 -833424948.74 0.00207310 0.00976325 0.00563639 0.00280641 0.00230605 0.00458562 0.00466725 0.00460306 0.00443601 0.00416990 0.00381293 0.00337787 0.00288375 0.00235609 0.00182446 0.00132041 0.00087400 0.00050736 0.00001793 -0.00013088 -0.00002254 0.00000299 -0.00001289 -0.00000442 -0.00000099 0.00033322 0.00378425 0.00195098 0.27679284 23.06171 
0.240 0.01132902 5 -11278875.26 434627.53 -2381577.31 -197742.97 -380786.94 -8753395.57 -866064449.52 0.00129651 0.01132902 0.00783969 0.00298513 0.00237958 0.00486500 0.00494987 0.00489322 0.00473769 0.00448503 0.00414025 0.00371198 0.00321531 0.00267294 0.00211365 0.00156988 0.00107467 0.00065558 0.00006087 -0.00015120 -0.00003271 0.00000265 -0.00001224 -0.00000438 -0.00000116 0.00036653 0.00435172 0.00223469 0.32814777 26.35624 
0.270 0.01302007 5 -10580405.60 948165.04 -2007318.67 -341167.16 -351300.32 -8828784.49 -865636742.22 0.00038956 0.01302007 0.00992239 0.00319599 0.00232779 0.00459808 0.00467333 0.00462962 0.00450476 0.00429900 0.00401334 0.00365024 0.00321656 0.00272688 0.00220423 0.00167830 0.00118194 0.00074567 0.00008556 -0.00017245 -0.00004155 0.00000269 -0.00001156 -0.00000438 -0.00000136 0.00035952 0.00484651 0.00246292 0.36921210 29.65077 
0.300 0.01476189 5 -9366753.25 1133992.70 -719354.60 -710271.38 -457805.69 -8613314.28 -834157561.50 -0.00085906 0.01476189 0.01206760 0.00368894 0.00211610 0.00387727 0.00394169 0.00391547 0.00382878 0.00368123 0.00347234 0.00320172 0.00287039 0.00248340 0.00205348 0.00160285 0.00115984 0.00075445 0.00009947 -0.00017953 -0.00004518 0.00000261 -0.00001146 -0.00000451 -0.00000152 0.00031533 0.00532464 0.00266357 0.40836969 32.94530 
0.330 0.01671027 5 -8255604.40 663340.56 798881.19 -807841.34 -404437.36 -8505547.45 -780226036.45 -0.00204610 0.01671027 0.01401121 0.00406752 0.00175509 0.00318074 0.00324776 0.00324218 0.00318977 0.00308976 0.00294098 0.00274206 0.00249203 0.00219185 0.00184726 0.00147252 0.00108905 0.00072353 0.00009280 -0.00018554 -0.00004434 0.00000352 -0.00001158 -0.00000465 -0.00000157 0.00026926 0.00571201 0.00282069 0.43670547 36.23983 
0.360 0.01795370 5 -8034222.65 337229.67 1329419.83 -621183.37 -134366.47 -8945322.31 -773232268.27 -0.00217099 0.01795370 0.01448268 0.00465571 0.00146349 0.00267993 0.00278277 0.00281342 0.00280145 0.00274586 0.00264518 0.00249761 0.00230151 0.00205650 0.00176597 0.00144021 0.00109590 0.00075627 0.00013150 -0.00018375 -0.00004886 0.00000275 -0.00001169 -0.00000444 -0.00000135 0.00024572 0.00594280 0.00291638 0.44675044 39.53436 
0.390 0.01969520 5 -6833617.85 -370064.92 2238109.87 -32114.57 -219635.22 -8449913.00 -678673074.88 -0.00383238 0.01969520 0.01678680 0.00488378 0.00086280 0.00209931 0.00222564 0.00228729 0.00231511 0.00230809 0.00226457 0.00218248 0.00205947 0.00189347 0.00168406 0.00143473 0.00115373 0.00085827 0.00024629 -0.00015250 -0.00005767 -0.00000153 -0.00001078 -0.00000361 -0.00000105 0.00022145 0.00621614 0.00303162 0.47404788 42.82889 
0.420 0.01976181 5 -6708839.11 -905527.00 2731675.80 217777.76 -346416.32 -8406349.34 -656497619.53 -0.00398995 0.01976181 0.01695435 0.00509580 0.00066730 0.00197260 0.00213272 0.00222111 0.00227412 0.00229117 0.00227123 0.00221302 0.00211494 0.00197519 0.00179256 0.00156794 0.00130605 0.00102005 0.00037244 -0.00013182 -0.00007180 -0.00000615 -0.00000994 -0.00000266 -0.00000057 0.00023148 0.00622326 0.00304028 0.47705755 46.12342 
0.450 0.01962604 5 -6765707.99 -1379883.53 3084775.60 462443.53 -762655.21 -8170388.38 -642918937.23 -0.00416280 0.01962604 0.01727421 0.00514214 0.00057323 0.00214415 0.00232023 0.00241686 0.00247550 0.00249598 0.00247794 0.00242115 0.00232522 0.00218949 0.00201333 0.00179685 0.00154208 0.00125713 0.00055937 -0.00008960 -0.00009249 -0.00001413 -0.00000780 -0.00000125 -0.00000027 0.00026410 0.00624002 0.00306547 0.48510083 49.41795 
0.480 0.01884741 5 -6790363.27 914836.43 24973.09 1295389.28 -1314246.75 -7711315.31 -689107861.27 -0.00466887 0.01884741 0.01728722 0.00480726 0.00148614 0.00264199 0.00272027 0.00274517 0.00274459 0.00271821 0.00266521 0.00258444 0.00247440 0.00233333 0.00215947 0.00195147 0.00170896 0.00143507 0.00072065 -0.00004032 -0.00010665 -0.00002176 -0.00000751 -0.00000007 0.00000041 0.00029588 0.00633153 0.00312525 0.50873386 52.71248 
0.510 0.01861597 5 -7119001.28 1145384.48 -467998.78 1016153.65 -862891.27 -7949649.36 -706926473.02 -0.00462921 0.01861597 0.01666348 0.00475923 0.00186469 0.00316355 0.00323912 0.00325793 0.00324771 0.00320842 0.00313964 0.00304068 0.00291054 0.00274798 0.00255179 0.00232123 0.00205623 0.00175886 0.00095792 0.00001986 -0.00013129 -0.00003376 -0.00000621 0.00000149 0.00000089 0.00035696 0.00630676 0.00314609 0.51430989 56.00701 
0.540 0.01835112 5 -7335707.81 1245267.91 -741514.56 821801.53 -535812.35 -8125450.34 -717219058.36 -0.00448351 0.01835112 0.01606766 0.00466145 0.00215714 0.00363011 0.00370543 0.00371978 0.00370065 0.00364827 0.00356262 0.00344351 0.00329050 0.00310292 0.00288022 0.00262254 0.00233070 0.00200676 0.00112823 0.00005687 -0.00015228 -0.00004266 -0.00000524 0.00000272 0.00000130 0.00040792 0.00625740 0.00315002 0.51565687 59.30154 
0.570 0.01829071 5 -7525396.44 1239903.82 -906719.12 667802.33 -268158.92 -8258224.54 -722760925.43 -0.00436005 0.01829071 0.01565868 0.00443682 0.00240063 0.00411426 0.00418914 0.00419782 0.00416772 0.00409944 0.00399358 0.00385073 0.00367136 0.00345560 0.00320376 0.00291717 0.00259803 0.00224873 0.00130055 0.00009797 -0.00017522 -0.00005277 -0.00000388 0.00000408 0.00000164 0.00045944 0.00621577 0.00315787 0.51638987 62.59607 
0.600 0.01832395 5 -7714143.00 1170305.13 -1084353.35 635740.33 -105359.38 -8330475.73 -724633216.92 -0.00440567 0.01832395 0.01548494 0.00432344 0.00261691 0.00457176 0.00464886 0.00465331 0.00461350 0.00453037 0.00440504 0.00423885 0.00403305 0.00378842 0.00350601 0.00318856 0.00284005 0.00246373 0.00144762 0.00012702 -0.00020327 -0.00006454 -0.00000224 0.00000563 0.00000199 0.00050672 0.00622751 0.00318849 0.52273884 65.89060 
0.630 0.01817123 5 -7774612.67 1158000.73 -1173211.58 681213.01 -148196.37 -8292418.46 -724769014.95 -0.00462124 0.01817123 0.01545173 0.00447000 0.00281206 0.00488140 0.00496201 0.00496640 0.00492415 0.00483624 0.00470386 0.00452841 0.00431102 0.00405204 0.00375233 0.00341556 0.00304751 0.00265231 0.00158112 0.00015297 -0.00023040 -0.00007573 -0.00000063 0.00000708 0.00000231 0.00054297 0.00628406 0.00323425 0.53543441 69.18513 
0.660 0.01855613 5 -7897256.86 1073593.51 -1285951.46 654230.82 4394.24 -8343523.97 -723304301.37 -0.00496733 0.01855613 0.01565824 0.00444878 0.00310791 0.00546090 0.00554924 0.00555601 0.00551265 0.00541998 0.00527899 0.00509069 0.00485545 0.00457207 0.00424020 0.00386465 0.00345350 0.00301269 0.00181518 0.00020449 -0.00025334 -0.00008719 0.00000102 0.00000846 0.00000250 0.00061350 0.00641778 0.00333441 0.55582717 72.47966 
0.690 0.01799066 4 1781926.66 -1738322.25 -2177555.60 -1411199.10 1388633.56 5720370.04 448720319.98 0.01182465 -0.01240366 -0.01799066 -0.01016642 -0.00465841 -0.00095845 -0.00070488 -0.00053487 -0.00040350 -0.00030943 -0.00025040 -0.00022366 -0.00022714 -0.00026095 -0.00032296 -0.00040302 -0.00048746 -0.00056543 -0.00069916 -0.00054347 -0.00007158 0.00004615 0.00000422 -0.00000300 -0.00000133 -0.00009560 -0.00729764 -0.00347174 -0.70746812 75.77419 
0.720 0.01738689 4 2061597.39 -2248431.90 -1629795.32 -957661.61 1322822.25 5574663.97 471380824.33 0.01310115 -0.01040891 -0.01738689 -0.01281683 -0.00565027 -0.00113272 -0.00087312 -0.00069865 -0.00056234 -0.00046291 -0.00039817 -0.00036554 -0.00036381 -0.00039515 -0.00045813 -0.00054009 -0.00062413 -0.00069799 -0.00080985 -0.00063821 -0.00011341 0.00004496 0.00000508 -0.00000268 -0.00000105 -0.00012219 -0.00780048 -0.00372159 -0.78609697 79.06872 
0.750 0.01660179 4 2470584.23 -2626523.07 -1052302.01 -636036.50 1212144.89 5573300.91 497469226.48 0.01383393 -0.00874767 -0.01660179 -0.01460001 -0.00659857 -0.00162958 -0.00137013 -0.00119428 -0.00105381 -0.00094751 -0.00087322 -0.00082853 -0.00081306 -0.00083084 -0.00088137 -0.00095030 -0.00101679 -0.00106769 -0.00109860 -0.00078999 -0.00015339 0.00005089 0.00000594 -0.00000320 -0.00000121 -0.00019296 -0.00814532 -0.00392084 -0.84608858 82.36325 
0.780 0.01689327 3 2331390.22 -681622.98 -4422865.47 1502671.27 2068366.96 3864840.45 423637716.75 0.01730240 -0.00198795 -0.01453014 -0.01689327 -0.00691548 -0.00345874 -0.00342393 -0.00339670 -0.00337575 -0.00335959 -0.00334587 -0.00333222 -0.00331922 -0.00331323 -0.00331541 -0.00331012 -0.00327307 -0.00318883 -0.00272760 -0.00140498 -0.00015664 0.00010488 0.00000205 -0.00000819 -0.00000119 -0.00055146 -0.00738075 -0.00375287 -0.90685866 85.65778 
0.810 0.01871157 3 2554155.97 -1218605.94 -3992962.40 2047704.52 2098557.40 3619462.39 445716520.60 0.01820790 0.00102096 -0.01305236 -0.01871157 -0.00812733 -0.00405086 -0.00399241 -0.00394375 -0.00390067 -0.00386176 -0.00382480 -0.00378766 -0.00375223 -0.00372810 -0.00371954 -0.00370902 -0.00366550 -0.00356727 -0.00304316 -0.00158246 -0.00019358 0.00011427 0.00000271 -0.00000897 -0.00000130 -0.00062511 -0.00753716 -0.00386532 -0.96277669 88.95231 
0.840 0.01953715 3 3069146.52 -680047.87 -4089623.47 2320113.06 2292040.76 3226664.05 437966670.26 0.01960611 0.00370031 -0.01180523 -0.01953715 -0.00935254 -0.00593714 -0.00593356 -0.00591048 -0.00587551 -0.00582724 -0.00576355 -0.00568293 -0.00559023 -0.00550149 -0.00542485 -0.00533801 -0.00520497 -0.00499240 -0.00405663 -0.00187376 -0.00015886 0.00014711 0.00000031 -0.00001198 -0.00000119 -0.00088303 -0.00749688 -0.00398345 -1.02314202 92.24684 
0.870 0.02117293 3 3210522.86 -1183098.57 -3691127.42 2767293.64 2309113.38 3008341.84 455366839.87 0.02028955 0.00616906 -0.01072713 -0.02117293 -0.01000665 -0.00617435 -0.00618211 -0.00616731 -0.00613982 -0.00609827 -0.00604055 -0.00596537 -0.00587912 -0.00580129 -0.00574154 -0.00567387 -0.00555683 -0.00535598 -0.00441578 -0.00214032 -0.00024471 0.00014919 0.00000240 -0.00001198 -0.00000132 -0.00094506 -0.00758163 -0.00405613 -1.06421100 95.54137 
0.900 0.02262511 3 3749700.62 -1110194.74 -3549695.78 3120922.35 2375002.81 2913665.97 475057635.73 0.02102524 0.00733379 -0.01051091 -0.02262511 -0.01020419 -0.00672583 -0.00681571 -0.00685755 -0.00687711 -0.00687296 -0.00684301 -0.00678621 -0.00671053 -0.00663932 -0.00658386 -0.00651472 -0.00638762 -0.00616441 -0.00508775 -0.00248537 -0.00031848 0.00016092 0.00000400 -0.00001308 -0.00000180 -0.00107871 -0.00776771 -0.00421436 -1.11209132 98.83590 
0.930 0.02370837 3 4214992.66 -1153858.84 -3191812.43 3370729.55 2514631.95 2675302.43 488605096.72 0.02190587 0.01002596 -0.00922159 -0.02370837 -0.01117842 -0.00793862 -0.00806418 -0.00812286 -0.00814849 -0.00813971 -0.00809458 -0.00801254 -0.00790399 -0.00779730 -0.00770444 -0.00759238 -0.00741506 -0.00712752 -0.00580987 -0.00277301 -0.00035516 0.00017513 0.00000453 -0.00001443 -0.00000208 -0.00125547 -0.00775161 -0.00430071 -1.16011635 102.13043 
0.960 0.02468740 3 4610921.17 -1306717.41 -2730976.31 3634316.80 2587891.66 2426406.43 500207402.01 0.02275841 0.01244090 -0.00793902 -0.02468740 -0.01216423 -0.00906569 -0.00921391 -0.00928007 -0.00930355 -0.00928306 -0.00921683 -0.00910479 -0.00895976 -0.00881469 -0.00868154 -0.00852806 -0.00830383 -0.00795770 -0.00641967 -0.00300238 -0.00038544 0.00018367 0.00000505 -0.00001525 -0.00000228 -0.00141054 -0.00774169 -0.00437843 -1.20397327 105.42496 
0.990 0.02621724 3 5462812.35 -779816.65 -2608897.68 3909699.42 2711210.70 2230616.55 511321327.39 0.02407917 0.01523590 -0.00678895 -0.02621724 -0.01326990 -0.01081559 -0.01104076 -0.01114673 -0.01118947 -0.01116774 -0.01107990 -0.01092641 -0.01072221 -0.01050440 -0.01028824 -0.01004588 -0.00971115 -0.00923043 -0.00725940 -0.00322154 -0.00038163 0.00019706 0.00000485 -0.00001664 -0.00000267 -0.00164920 -0.00785055 -0.00455625 -1.27578408 108.71949 
1.020 0.02698009 3 6005576.63 -1079933.86 -1841386.57 4003732.20 2775919.98 2147244.87 536846011.33 0.02467941 0.01731963 -0.00557622 -0.02693126 -0.01438139 -0.01201113 -0.01223663 -0.01233185 -0.01235480 -0.01230433 -0.01217889 -0.01197927 -0.01172209 -0.01144788 -0.01117917 -0.01088006 -0.01048319 -0.00992741 -0.00771351 -0.00334597 -0.00038627 0.00020206 0.00000504 -0.00001721 -0.00000292 -0.00178793 -0.00789305 -0.00464986 -1.31736949 112.01402 
1.050 0.02735584 3 6435445.54 -1433712.80 -1203465.03 4044032.70 2809711.91 2218878.75 566622401.88 0.02518931 0.01841569 -0.00473199 -0.02727605 -0.01582221 -0.01311706 -0.01328251 -0.01332101 -0.01328243 -0.01316578 -0.01296977 -0.01269559 -0.01236119 -0.01201366 -0.01167710 -0.01131309 -0.01084976 -0.01022163 -0.00782675 -0.00327828 -0.00031969 0.00021734 0.00000299 -0.00001880 -0.00000306 -0.00186560 -0.00812419 -0.00479948 -1.36133334 115.30855 
1.080 0.02844845 3 7038098.81 -1677428.38 -504620.98 4120548.15 2844093.98 2255506.03 597394060.64 0.02590347 0.02042509 -0.00365419 -0.02828545 -0.01713964 -0.01427595 -0.01442330 -0.01443594 -0.01436236 -0.01420174 -0.01395301 -0.01361757 -0.01321400 -0.01279224 -0.01237727 -0.01193470 -0.01139364 -0.01068346 -0.00808394 -0.00330990 -0.00030393 0.00022208 0.00000259 -0.00001933 -0.00000322 -0.00197544 -0.00832359 -0.00495130 -1.41503731 118.60308 
1.110 0.02957243 3 7658200.78 -1932505.74 185770.03 4063417.31 2921778.41 2419740.77 634945576.31 0.02654908 0.02207016 -0.00300317 -0.02930234 -0.01844864 -0.01532648 -0.01544807 -0.01543161 -0.01532228 -0.01511931 -0.01482170 -0.01443084 -0.01396526 -0.01347569 -0.01298953 -0.01247685 -0.01186824 -0.01108888 -0.00832542 -0.00337157 -0.00031431 0.00022015 0.00000347 -0.00001924 -0.00000358 -0.00207554 -0.00864876 -0.00515691 -1.47531414 121.89761 
1.140 0.03065810 3 8094321.79 -1859614.67 346878.32 4097047.80 2928542.34 2581468.01 656254543.53 0.02727771 0.02370100 -0.00223746 -0.03029691 -0.01974452 -0.01634549 -0.01643841 -0.01639079 -0.01624450 -0.01599875 -0.01565252 -0.01520709 -0.01468071 -0.01412436 -0.01356806 -0.01298625 -0.01231139 -0.01146681 -0.00855719 -0.00343779 -0.00032637 0.00021846 0.00000411 -0.00001906 -0.00000368 -0.00217143 -0.00893096 -0.00534014 -1.53207140 125.19214 
1.170 0.03212723 3 8435053.12 -1681955.28 232311.28 4238747.88 2925787.52 2720161.72 672287213.78 0.02799674 0.02421397 -0.00213740 -0.03171053 -0.02047822 -0.01658729 -0.01669083 -0.01664581 -0.01649866 -0.01624857 -0.01589449 -0.01543729 -0.01489393 -0.01431640 -0.01374227 -0.01315323 -0.01248219 -0.01164546 -0.00872525 -0.00353233 -0.00035650 0.00021272 0.00000535 -0.00001849 -0.00000386 -0.00220801 -0.00935700 -0.00555929 -1.58662411 128.48667 
1.200 0.03319133 3 8347916.52 -2077668.46 494418.57 4130646.39 2839237.89 2961282.12 688605564.17 0.02876305 0.02532787 -0.00135567 -0.03270972 -0.02204939 -0.01714932 -0.01715265 -0.01703131 -0.01681447 -0.01650138 -0.01609094 -0.01558399 -0.01499734 -0.01438263 -0.01377844 -0.01316899 -0.01248910 -0.01165356 -0.00874341 -0.00355388 -0.00036851 0.00020969 0.00000557 -0.00001833 -0.00000399 -0.00222949 -0.00975741 -0.00575840 -1.64275966 131.78120 
