0.001 0.00010548 4 42458.77 1203.00 2945.41 3433.17 3764.86 31112.33 3229632.12 0.00000558 -0.00002650 -0.00010548 -0.00002487 0.00000598 0.00004856 0.00005249 0.00004871 0.00004359 0.00003767 0.00003122 0.00002473 0.00001860 0.00001312 0.00000833 0.00000416 0.00000062 -0.00000233 -0.00000451 0.00000067 0.00001024 -0.00000003 -0.00001039 -0.00000147 0.00000187 0.00000331 -0.00002660 -0.00001071 -0.00200582 0.05734 
0.030 0.00105814 5 1232165.17 32330.24 72640.49 87285.80 107707.56 932201.08 95093223.28 -0.00031718 -0.00098942 -0.00058365 -0.00036742 -0.00022423 -0.00020765 -0.00019645 -0.00018217 -0.00016241 -0.00013895 -0.00011354 -0.00008820 -0.00006474 -0.00004442 -0.00002801 -0.00001575 -0.00000740 -0.00000244 0.00000173 0.00000292 0.00000590 -0.00000219 -0.00000919 -0.00000265 0.00000001 -0.00000962 -0.00041169 -0.00019810 -0.02693230 1.72012 
0.060 0.00201905 5 2454486.75 50080.79 169646.76 184161.27 215830.84 1834767.09 188889476.41 -0.00063047 -0.00194829 -0.00106165 -0.00071373 -0.00046435 -0.00050932 -0.00049431 -0.00046354 -0.00041643 -0.00035692 -0.00029060 -0.00022431 -0.00016331 -0.00011078 -0.00006833 -0.00003630 -0.00001399 0.00000001 0.00001074 0.00000659 0.00000251 -0.00000347 -0.00000728 -0.00000318 -0.00000145 -0.00002491 -0.00080014 -0.00038832 -0.05255722 3.44024 
0.090 0.00288948 5 3664883.45 78173.88 263954.12 320144.96 340585.98 2662024.51 279372863.21 -0.00089146 -0.00281627 -0.00150588 -0.00105223 -0.00070127 -0.00086548 -0.00085352 -0.00081146 -0.00074154 -0.00064898 -0.00054091 -0.00042677 -0.00031672 -0.00021951 -0.00013932 -0.00007734 -0.00003283 -0.00000361 0.00002101 0.00001294 -0.00000000 -0.00000455 -0.00000518 -0.00000335 -0.00000257 -0.00004562 -0.00116520 -0.00057045 -0.07794224 5.16037 
0.120 0.00375701 5 4816504.11 96076.62 345088.40 441733.21 457228.07 3476377.81 366978543.80 -0.00115251 -0.00368187 -0.00194534 -0.00138389 -0.00093170 -0.00120751 -0.00120005 -0.00114918 -0.00105939 -0.00093702 -0.00079116 -0.00063396 -0.00047836 -0.00033650 -0.00021738 -0.00012401 -0.00005585 -0.00001008 0.00003062 0.00001989 -0.00000205 -0.00000542 -0.00000295 -0.00000333 -0.00000348 -0.00006636 -0.00152508 -0.00075017 -0.10288200 6.88049 
0.150 0.00461895 5 5934611.22 107715.54 431279.40 553670.53 569839.09 4272106.66 452323318.11 -0.00141475 -0.00454268 -0.00237907 -0.00170997 -0.00116118 -0.00153966 -0.00153675 -0.00147810 -0.00137037 -0.00122056 -0.00103942 -0.00084156 -0.00064284 -0.00045837 -0.00030035 -0.00017486 -0.00008216 -0.00001897 0.00003945 0.00002726 -0.00000358 -0.00000603 -0.00000065 -0.00000318 -0.00000423 -0.00008699 -0.00188167 -0.00092829 -0.12753998 8.60061 
0.180 0.00548195 5 7048823.37 120895.58 524130.03 669350.23 679506.90 5054940.62 536749487.35 -0.00168640 -0.00540457 -0.00281236 -0.00203757 -0.00139479 -0.00189632 -0.00189793 -0.00183146 -0.00170622 -0.00152960 -0.00131327 -0.00107297 -0.00082713 -0.00059392 -0.00038886 -0.00022355 -0.00010159 -0.00001890 0.00005582 0.00003677 -0.00000504 -0.00000662 0.00000172 -0.00000289 -0.00000484 -0.00010888 -0.00224158 -0.00110864 -0.15251678 10.32073 
0.210 0.00633685 5 8164207.33 164212.18 608081.21 786313.79 788385.76 5817214.39 619188958.26 -0.00195771 -0.00625752 -0.00324320 -0.00236443 -0.00162365 -0.00233206 -0.00233898 -0.00226459 -0.00212148 -0.00191728 -0.00166424 -0.00137900 -0.00108156 -0.00079340 -0.00053360 -0.00031718 -0.00015387 -0.00004099 0.00006670 0.00004944 -0.00000470 -0.00000689 0.00000405 -0.00000244 -0.00000528 -0.00013816 -0.00259994 -0.00129218 -0.17819987 12.04086 
0.240 0.00718302 5 -9519585.22 86002.28 -582120.29 -1049487.84 -1133164.32 -6840815.05 -744905059.54 0.00177719 0.00718302 0.00365131 0.00270288 0.00187570 0.00408293 0.00422630 0.00423816 0.00416538 0.00400836 0.00376879 0.00345024 0.00306158 0.00261986 0.00214922 0.00167760 0.00123407 0.00084276 0.00021989 -0.00010572 -0.00004001 -0.00000170 -0.00000914 -0.00000239 -0.00000027 0.00034691 0.00293843 0.00156175 0.22544514 13.76098 
0.270 0.00855878 5 -9084053.91 -141253.74 -29582.86 -382363.46 -1220167.95 -7310685.91 -739844269.23 0.00098928 0.00855878 0.00594810 0.00275793 0.00173718 0.00412819 0.00428060 0.00430962 0.00426246 0.00413877 0.00393840 0.00366174 0.00331169 0.00289736 0.00243717 0.00195791 0.00149068 0.00106360 0.00033413 -0.00010058 -0.00005190 -0.00000491 -0.00000866 -0.00000214 -0.00000023 0.00037330 0.00340485 0.00179442 0.26856244 15.48110 
0.300 0.00950386 5 -7174675.84 -383150.73 682165.94 895909.55 -1226713.13 -7142887.49 -636824204.53 -0.00041327 0.00950386 0.00851495 0.00246388 0.00127891 0.00320783 0.00331667 0.00333625 0.00330240 0.00321447 0.00307171 0.00287330 0.00261939 0.00231307 0.00196399 0.00159115 0.00121979 0.00087525 0.00027964 -0.00007963 -0.00004179 -0.00000425 -0.00000772 -0.00000172 -0.00000004 0.00029417 0.00360743 0.00184735 0.28711241 17.20122 
0.330 0.01013068 4 -6545190.25 -241051.49 721894.03 1109013.47 -1204114.75 -6930931.51 -604190417.77 -0.00154189 0.00996355 0.00993146 0.00236121 0.00112635 0.00304249 0.00313790 0.00315223 0.00311764 0.00303355 0.00289923 0.00271384 0.00247726 0.00219189 0.00186573 0.00151516 0.00116249 0.00083285 0.00026262 -0.00007766 -0.00003933 -0.00000318 -0.00000679 -0.00000132 0.00000010 0.00027822 0.00372249 0.00189281 0.30503030 18.92135 
0.360 0.01024133 4 -8458559.90 160416.80 -14849.10 -537562.08 -1674159.48 -6392406.05 -700269750.18 -0.00225716 0.00897343 0.01004386 0.00278966 0.00152656 0.00432934 0.00447026 0.00448646 0.00442366 0.00428200 0.00406241 0.00376637 0.00339834 0.00296892 0.00249669 0.00200767 0.00153122 0.00109631 0.00035717 -0.00008975 -0.00005062 -0.00000476 -0.00000767 -0.00000123 0.00000046 0.00038677 0.00382514 0.00199860 0.34163682 20.64147 
0.390 0.01257087 5 6592792.02 -387816.88 -882426.90 -311951.86 593807.41 7581180.26 652737153.14 0.00074572 -0.01190301 -0.01168345 -0.00298924 -0.00129761 -0.00222681 -0.00227085 -0.00227888 -0.00226515 -0.00222826 -0.00216613 -0.00207619 -0.00195567 -0.00180198 -0.00161364 -0.00139181 -0.00114254 -0.00088185 -0.00034148 0.00005860 0.00004326 0.00000433 0.00000617 -0.00000090 -0.00000362 -0.00022417 -0.00454558 -0.00224994 -0.34965311 22.36159 
0.420 0.01639658 5 5803531.35 -855755.40 -841429.11 -827886.28 322665.52 8005936.62 643237867.66 0.00161638 -0.01554526 -0.01418651 -0.00321934 -0.00127533 -0.00142026 -0.00140167 -0.00137947 -0.00135401 -0.00132387 -0.00128690 -0.00124044 -0.00118149 -0.00110676 -0.00101292 -0.00089714 -0.00075848 -0.00060204 -0.00024030 0.00004791 0.00003147 0.00000276 0.00000649 -0.00000068 -0.00000352 -0.00013837 -0.00530742 -0.00256150 -0.39071851 24.08171 
0.450 0.01817713 5 5045580.37 -886590.67 -1115188.78 -1136859.45 211144.19 7973075.08 607624311.41 0.00238276 -0.01725387 -0.01549877 -0.00313553 -0.00113855 -0.00084719 -0.00078866 -0.00074599 -0.00071012 -0.00067963 -0.00065232 -0.00062547 -0.00059596 -0.00056034 -0.00051482 -0.00045556 -0.00037965 -0.00028821 -0.00006625 0.00007636 0.00001971 -0.00000244 0.00000675 -0.00000023 -0.00000341 -0.00006755 -0.00555811 -0.00264140 -0.40116431 25.80184 
0.480 0.01912917 5 4157405.62 -881710.71 -1578993.40 -1293200.49 191531.21 7719779.01 561820519.08 0.00310644 -0.01815726 -0.01643436 -0.00279479 -0.00094986 -0.00025354 -0.00015177 -0.00008569 -0.00003599 -0.00000124 0.00002069 0.00003258 0.00003763 0.00003939 0.00004168 0.00004863 0.00006404 0.00008928 0.00015176 0.00010918 0.00000292 -0.00000931 0.00000654 0.00000016 -0.00000329 0.00001021 -0.00558636 -0.00261333 -0.39660534 27.52196 
0.510 0.01963873 5 6514357.00 -835703.37 -921162.15 -378859.21 764142.18 7885939.54 685750256.54 0.00428735 -0.01869530 -0.01745235 -0.00335295 -0.00132629 -0.00245619 -0.00248832 -0.00248615 -0.00246011 -0.00240879 -0.00233008 -0.00222134 -0.00207970 -0.00190262 -0.00168916 -0.00144177 -0.00116783 -0.00088308 -0.00029266 0.00011407 0.00005495 0.00000232 0.00000652 -0.00000013 -0.00000301 -0.00023415 -0.00599316 -0.00293384 -0.46814915 29.24208 
0.540 0.02110255 5 5574677.34 -836503.69 -1647129.70 -576728.15 963589.62 7671449.27 648693636.52 0.00499931 -0.02009159 -0.01878325 -0.00315315 -0.00109360 -0.00184178 -0.00184638 -0.00183903 -0.00182326 -0.00179759 -0.00175972 -0.00170675 -0.00163521 -0.00154128 -0.00142153 -0.00127337 -0.00109581 -0.00089314 -0.00038477 0.00006978 0.00005722 0.00000629 0.00000583 -0.00000059 -0.00000290 -0.00019143 -0.00616745 -0.00299285 -0.47649555 30.96220 
0.570 0.02110009 5 4573872.66 -930103.75 -2153036.12 -825467.44 1090896.06 7391583.90 604765052.77 0.00532450 -0.02006311 -0.01900838 -0.00303256 -0.00089702 -0.00111653 -0.00108681 -0.00106780 -0.00105516 -0.00104733 -0.00104190 -0.00103575 -0.00102508 -0.00100557 -0.00097271 -0.00092200 -0.00084919 -0.00075179 -0.00042073 0.00000210 0.00005094 0.00001012 0.00000491 -0.00000081 -0.00000240 -0.00012981 -0.00606511 -0.00291214 -0.46471551 32.68233 
0.600 0.02051026 5 3606249.32 -1057472.34 -2478747.02 -1168099.42 1242231.49 7068336.61 559345149.53 0.00524585 -0.01945558 -0.01868526 -0.00284957 -0.00073350 -0.00028027 -0.00020555 -0.00016698 -0.00014952 -0.00015162 -0.00017089 -0.00020424 -0.00024788 -0.00029755 -0.00034918 -0.00039810 -0.00043701 -0.00046027 -0.00039595 -0.00010295 0.00002856 0.00001607 0.00000492 -0.00000108 -0.00000219 -0.00004987 -0.00584251 -0.00276532 -0.44007283 34.40245 
0.630 0.01931470 5 3015229.53 -1161739.27 -2487584.10 -1314571.13 1092859.13 6886264.90 524754960.95 0.00484305 -0.01825875 -0.01780925 -0.00279535 -0.00055261 0.00031998 0.00041868 0.00046744 0.00048717 0.00047931 0.00044614 0.00039064 0.00031650 0.00022748 0.00012454 0.00001078 -0.00010043 -0.00019729 -0.00032974 -0.00018301 0.00000343 0.00001831 0.00000470 -0.00000124 -0.00000214 0.00000998 -0.00552443 -0.00258442 -0.40984936 36.12257 
0.660 0.01716138 5 2509699.60 -1209808.02 -2485092.96 -1353328.82 840969.17 6716960.23 490063713.13 0.00430662 -0.01613441 -0.01631972 -0.00280789 -0.00039870 0.00074540 0.00085176 0.00090106 0.00091656 0.00089972 0.00085282 0.00077886 0.00068149 0.00056395 0.00042458 0.00026595 0.00010524 -0.00004118 -0.00030502 -0.00027526 -0.00002749 0.00002208 0.00000499 -0.00000169 -0.00000249 0.00004644 -0.00504289 -0.00233931 -0.37305305 37.84269 
0.690 0.01740594 4 -3695839.33 1348818.88 1854545.39 599414.10 -1961883.25 -5536734.46 -527351270.86 -0.00835734 0.01424953 0.01733380 0.00652531 0.00226876 0.00257387 0.00257712 0.00256443 0.00255091 0.00253556 0.00251662 0.00249171 0.00245761 0.00240694 0.00232171 0.00219550 0.00204300 0.00188056 0.00135856 0.00033384 -0.00014150 -0.00007344 -0.00000014 0.00000218 -0.00000347 0.00033458 0.00614119 0.00305658 0.57424290 39.56282 
0.720 0.01791581 4 -3990189.42 1283116.39 2000842.75 130389.58 -2008241.16 -5396296.98 -538912289.47 -0.00986507 0.01427761 0.01785102 0.00765344 0.00303446 0.00349393 0.00351997 0.00351848 0.00350987 0.00349308 0.00346627 0.00342698 0.00337144 0.00328485 0.00313694 0.00291636 0.00265513 0.00239633 0.00169749 0.00042724 -0.00017007 -0.00009349 0.00000113 0.00000415 -0.00000321 0.00044821 0.00659761 0.00333090 0.64446578 41.28294 
0.750 0.01825121 4 -4528016.21 1062110.05 1668947.32 108484.54 -2027576.44 -5339981.67 -547187650.72 -0.01132260 0.01424778 0.01818411 0.00857127 0.00392503 0.00494778 0.00501601 0.00503454 0.00503394 0.00501314 0.00497036 0.00490321 0.00480709 0.00465824 0.00440989 0.00405157 0.00363166 0.00320898 0.00219281 0.00053641 -0.00021115 -0.00011779 0.00000310 0.00000655 -0.00000298 0.00062509 0.00701627 0.00362112 0.71773649 43.00306 
0.780 0.01858755 4 -5040710.76 794113.48 1421029.55 41390.05 -2053644.65 -5243599.19 -552364711.59 -0.01292522 0.01410123 0.01852075 0.00967952 0.00488252 0.00643008 0.00653638 0.00657231 0.00657719 0.00654996 0.00648887 0.00639158 0.00625236 0.00603759 0.00568524 0.00519569 0.00462425 0.00403508 0.00267363 0.00063728 -0.00025038 -0.00014048 0.00000490 0.00000881 -0.00000273 0.00080280 0.00747533 0.00393073 0.79733507 44.72318 
0.810 0.01883623 3 -5395656.77 615495.81 3212566.87 -2772374.79 -1974167.05 -4477177.60 -574193665.75 -0.01529560 0.00972313 0.01820309 0.01865538 0.00417536 0.00337127 0.00367466 0.00388347 0.00406802 0.00422690 0.00435801 0.00445855 0.00452059 0.00449919 0.00432540 0.00401173 0.00360875 0.00318585 0.00225147 0.00074614 -0.00005812 -0.00008814 0.00000064 0.00000854 0.00000168 0.00058508 0.00861746 0.00435047 0.93947331 46.44331 
0.840 0.02049103 3 -5066860.03 767514.17 3288129.53 -2996672.11 -1949790.69 -4176040.92 -555706337.10 -0.01696744 0.00867754 0.01815420 0.02028807 0.00511607 0.00379623 0.00407534 0.00426766 0.00443822 0.00458569 0.00470805 0.00480250 0.00485886 0.00482038 0.00461548 0.00425288 0.00377935 0.00330253 0.00232682 0.00081355 -0.00004093 -0.00009449 0.00000111 0.00000907 0.00000145 0.00062683 0.00901099 0.00455713 1.00677366 48.16343 
0.870 0.02202583 3 -4570238.89 1019710.95 3355808.64 -3256466.20 -1959318.68 -3729973.59 -529078175.34 -0.01857323 0.00792535 0.01811798 0.02180080 0.00597999 0.00399480 0.00423599 0.00440328 0.00455451 0.00468844 0.00480311 0.00489577 0.00495336 0.00490732 0.00468634 0.00428449 0.00375836 0.00324372 0.00229881 0.00085965 -0.00002497 -0.00009965 0.00000164 0.00000945 0.00000110 0.00063676 0.00938336 0.00473696 1.06578408 49.88355 
0.900 0.02319281 3 -4189594.33 1295987.05 3384577.86 -3663820.88 -2009154.28 -3197184.08 -506794748.53 -0.02020157 0.00542912 0.01628628 0.02301602 0.00787689 0.00526054 0.00543315 0.00554310 0.00563822 0.00571750 0.00577923 0.00582068 0.00582296 0.00570111 0.00538393 0.00484796 0.00418608 0.00354675 0.00244782 0.00089120 -0.00004681 -0.00011273 0.00000293 0.00001067 0.00000114 0.00073960 0.00950764 0.00484985 1.12625102 51.60367 
0.930 0.02476449 3 -3880184.66 1439018.45 3393595.16 -3637111.86 -2050896.19 -3024790.22 -492965773.57 -0.02198531 0.00602135 0.01764434 0.02455424 0.00848810 0.00529099 0.00543446 0.00552569 0.00560716 0.00567786 0.00573610 0.00577904 0.00578553 0.00566469 0.00534027 0.00478333 0.00409799 0.00343541 0.00235627 0.00089025 -0.00003299 -0.00011188 0.00000268 0.00001035 0.00000080 0.00073118 0.01018590 0.00516333 1.20244986 53.32380 
0.960 0.02662132 3 -3298049.14 1796001.65 3393034.28 -3743138.39 -2079865.86 -2664080.82 -468903365.19 -0.02384666 0.00610590 0.01876223 0.02638474 0.00908668 0.00491294 0.00500200 0.00505876 0.00511571 0.00517190 0.00522563 0.00527391 0.00529323 0.00518708 0.00487307 0.00432043 0.00364332 0.00299121 0.00202011 0.00081469 -0.00001316 -0.00010313 0.00000194 0.00000926 0.00000040 0.00066076 0.01081929 0.00542284 1.27310235 55.04392 
0.990 0.02839593 3 -2930599.46 2029827.91 3373552.44 -3770129.20 -2104300.37 -2459550.24 -454620078.96 -0.02573047 0.00655686 0.02007547 0.02813496 0.00973488 0.00482502 0.00487517 0.00490675 0.00494507 0.00498923 0.00503753 0.00508686 0.00511115 0.00500783 0.00468642 0.00411757 0.00342552 0.00275855 0.00181053 0.00076233 0.00000462 -0.00009596 0.00000124 0.00000846 0.00000022 0.00063005 0.01152432 0.00573703 1.35168602 56.76404 
1.020 0.03013541 3 -2589210.46 2296105.34 3355600.26 -3812353.92 -2115812.18 -2312749.96 -445098692.23 -0.02747345 0.00730469 0.02148628 0.02985506 0.01028202 0.00461429 0.00462189 0.00462622 0.00464482 0.00467684 0.00472060 0.00477289 0.00480592 0.00471186 0.00439086 0.00381603 0.00311881 0.00244585 0.00152573 0.00066831 0.00001775 -0.00008523 0.00000046 0.00000738 0.00000008 0.00058128 0.01225124 0.00605189 1.42645645 58.48416 
1.050 0.03184754 3 -2285101.35 2493982.38 3356057.21 -3872238.58 -2137094.54 -2125807.83 -433292214.14 -0.02920725 0.00778774 0.02272371 0.03155019 0.01087425 0.00449223 0.00446427 0.00444557 0.00444714 0.00446816 0.00450694 0.00456016 0.00459755 0.00450614 0.00417934 0.00359685 0.00289503 0.00221826 0.00131045 0.00060029 0.00003267 -0.00007708 -0.00000012 0.00000658 -0.00000004 0.00054716 0.01293029 0.00635208 1.50038414 60.20429 
1.080 0.03364208 3 -2007765.18 2684548.66 3381039.34 -3975311.15 -2156223.64 -1941818.39 -423123937.58 -0.03090530 0.00826902 0.02396498 0.03333356 0.01141340 0.00427802 0.00421825 0.00417967 0.00416733 0.00418045 0.00421733 0.00427446 0.00431865 0.00423174 0.00390149 0.00331796 0.00262052 0.00195052 0.00107409 0.00052409 0.00004648 -0.00006963 -0.00000066 0.00000586 -0.00000011 0.00050368 0.01361707 0.00665093 1.57367216 61.92441 
1.110 0.03519647 3 -1691994.34 2589750.02 3847314.23 -4393742.61 -2196282.05 -1539033.92 -399106455.93 -0.03170740 0.00921689 0.02517355 0.03486530 0.01092183 0.00325908 0.00320567 0.00318087 0.00318985 0.00323175 0.00330476 0.00340507 0.00349687 0.00345798 0.00317252 0.00263991 0.00199894 0.00138817 0.00066597 0.00041597 0.00008378 -0.00004836 -0.00000228 0.00000377 -0.00000031 0.00038957 0.01404405 0.00679047 1.60203618 63.64453 
