0.001 0.00011741 4 70003.07 -1352.47 2294.83 8191.40 8831.18 52038.13 5625694.98 0.00000267 -0.00004742 -0.00011741 -0.00003494 -0.00000011 0.00004349 0.00004770 0.00004437 0.00003980 0.00003448 0.00002866 0.00002275 0.00001718 0.00001216 0.00000774 0.00000385 0.00000051 -0.00000231 -0.00000441 0.00000069 0.00001016 -0.00000008 -0.00001039 -0.00000150 0.00000184 0.00000307 -0.00003574 -0.00001512 -0.00265996 0.02635 
0.030 0.00160495 5 2026985.23 -54697.53 90427.20 240641.92 253428.99 1497184.66 162796783.41 -0.00036774 -0.00153483 -0.00089654 -0.00063768 -0.00039498 -0.00041756 -0.00040582 -0.00038314 -0.00034760 -0.00030220 -0.00025069 -0.00019773 -0.00014751 -0.00010312 -0.00006637 -0.00003797 -0.00001766 -0.00000450 0.00000712 0.00000609 0.00000419 -0.00000307 -0.00000829 -0.00000302 -0.00000082 -0.00002130 -0.00065456 -0.00031816 -0.04525646 0.79055 
0.060 0.00297852 5 3914526.35 -103579.89 163451.65 516369.29 504183.98 2834101.32 312891061.28 -0.00071211 -0.00290441 -0.00162033 -0.00121313 -0.00077333 -0.00096971 -0.00096532 -0.00092898 -0.00086290 -0.00077133 -0.00066051 -0.00053898 -0.00041664 -0.00030313 -0.00020495 -0.00012540 -0.00006535 -0.00002346 0.00001864 0.00001693 0.00000045 -0.00000491 -0.00000484 -0.00000347 -0.00000287 -0.00005581 -0.00123816 -0.00061007 -0.08695259 1.58109 
0.090 0.00424575 5 5594172.36 -149268.77 232127.38 742828.54 721481.05 4047004.16 447154363.32 -0.00103560 -0.00416909 -0.00227851 -0.00172847 -0.00111564 -0.00148677 -0.00149318 -0.00144880 -0.00136043 -0.00123335 -0.00107567 -0.00089852 -0.00071443 -0.00053628 -0.00037615 -0.00024172 -0.00013660 -0.00006028 0.00002360 0.00002952 -0.00000123 -0.00000591 -0.00000110 -0.00000339 -0.00000431 -0.00009140 -0.00176963 -0.00087812 -0.12511567 2.37164 
0.120 0.00542713 5 7073930.85 -171965.36 275162.46 917774.20 904871.56 5148088.00 565866818.38 -0.00135587 -0.00534846 -0.00288180 -0.00219116 -0.00142023 -0.00198076 -0.00199779 -0.00194784 -0.00184191 -0.00168574 -0.00148864 -0.00126356 -0.00102548 -0.00078970 -0.00057064 -0.00038071 -0.00022776 -0.00011325 0.00002133 0.00004296 -0.00000060 -0.00000595 0.00000257 -0.00000296 -0.00000526 -0.00012759 -0.00225662 -0.00112563 -0.16003095 3.16219 
0.150 0.00652481 5 -9122697.88 -21096.92 -666770.39 -1212504.12 -1066286.38 -6156040.07 -692392782.12 0.00183655 0.00652481 0.00327851 0.00264132 0.00184639 0.00299118 0.00302352 0.00294278 0.00277954 0.00254322 0.00224783 0.00191224 0.00155812 0.00120734 0.00087955 0.00059194 0.00035735 0.00017912 -0.00003269 -0.00006732 -0.00000258 0.00000227 -0.00001189 -0.00000381 -0.00000082 0.00019258 0.00276629 0.00139907 0.19825564 3.95273 
0.180 0.00763371 5 -10449752.68 -18598.67 -770100.41 -1419187.27 -1154589.97 -7087276.37 -793204383.57 0.00216167 0.00763371 0.00388565 0.00305950 0.00213851 0.00353812 0.00358232 0.00349680 0.00331676 0.00305182 0.00271668 0.00233127 0.00191960 0.00150708 0.00111716 0.00076979 0.00048105 0.00025747 -0.00001977 -0.00008186 -0.00000706 0.00000264 -0.00001193 -0.00000371 -0.00000068 0.00023431 0.00323470 0.00164082 0.23259981 4.74328 
0.210 0.00860458 5 10007698.01 -8172.52 491258.19 799219.63 1207076.59 7518316.12 792808846.45 -0.00201429 -0.00831667 -0.00504872 -0.00314377 -0.00203664 -0.00342165 -0.00348060 -0.00343699 -0.00331460 -0.00311664 -0.00285028 -0.00252660 -0.00216200 -0.00177679 -0.00139223 -0.00102897 -0.00070690 -0.00044140 -0.00006546 0.00008450 0.00001719 -0.00000307 0.00000770 -0.00000108 -0.00000521 -0.00025398 -0.00350196 -0.00177655 -0.25512547 5.53383 
0.240 0.00979941 5 10552218.47 -45647.86 575180.96 913303.20 1070925.09 8038457.08 836520940.23 -0.00160727 -0.00935948 -0.00665185 -0.00339749 -0.00216011 -0.00386100 -0.00393534 -0.00389841 -0.00377796 -0.00357604 -0.00329819 -0.00295350 -0.00255717 -0.00213049 -0.00169723 -0.00128117 -0.00090509 -0.00058720 -0.00011634 0.00009563 0.00002551 -0.00000145 0.00000891 -0.00000001 -0.00000443 -0.00029756 -0.00398283 -0.00202513 -0.29964217 6.32437 
0.270 0.01036945 5 9947335.43 -109931.79 305076.38 669881.56 1104579.15 7977730.14 812405189.58 -0.00087068 -0.00985304 -0.00811811 -0.00340873 -0.00204136 -0.00372418 -0.00379769 -0.00377051 -0.00366868 -0.00349279 -0.00324545 -0.00293167 -0.00256223 -0.00215517 -0.00173335 -0.00132159 -0.00094466 -0.00062221 -0.00013511 0.00009467 0.00002811 -0.00000044 0.00000903 0.00000062 -0.00000365 -0.00029478 -0.00419898 -0.00212498 -0.32342200 7.11492 
0.300 0.01067746 5 9011410.07 -254652.26 -77891.67 335390.21 1180739.00 7827824.79 775209844.81 -0.00025111 -0.01010889 -0.00910296 -0.00336219 -0.00186885 -0.00322205 -0.00327354 -0.00324483 -0.00315568 -0.00300600 -0.00279675 -0.00253025 -0.00221332 -0.00185988 -0.00148989 -0.00112672 -0.00079448 -0.00051230 -0.00009684 0.00008651 0.00002251 -0.00000086 0.00000896 0.00000085 -0.00000332 -0.00025266 -0.00427146 -0.00213658 -0.33061651 7.90546 
0.330 0.01062972 5 7039400.12 -517465.39 -768287.55 -375553.14 1432447.92 7268258.29 685659281.58 0.00091108 -0.01003759 -0.01034358 -0.00316995 -0.00148960 -0.00215383 -0.00216171 -0.00212839 -0.00206113 -0.00195925 -0.00182217 -0.00164956 -0.00144290 -0.00120798 -0.00095661 -0.00070607 -0.00047648 -0.00028495 -0.00002398 0.00006569 0.00001039 -0.00000193 0.00000822 0.00000061 -0.00000333 -0.00016233 -0.00418816 -0.00204954 -0.32741810 8.69601 
0.360 0.01163095 5 -9159253.16 247132.07 153492.63 -158746.52 -786973.54 -8614157.80 -803286660.93 0.00160812 0.01163095 0.00839096 0.00325891 0.00198921 0.00358869 0.00367353 0.00366647 0.00360152 0.00347840 0.00329685 0.00305686 0.00276013 0.00241335 0.00203033 0.00163099 0.00124009 0.00088177 0.00027266 -0.00008585 -0.00004223 -0.00000508 -0.00001029 -0.00000363 -0.00000157 0.00031352 0.00444832 0.00225182 0.32557812 9.48656 
0.390 0.01297123 5 -8507742.38 283204.92 297400.14 341903.30 -966255.88 -8463994.87 -772221852.60 0.00044027 0.01297123 0.01058704 0.00326033 0.00188389 0.00352722 0.00359934 0.00359077 0.00353313 0.00342598 0.00326862 0.00306023 0.00280055 0.00249138 0.00214015 0.00176210 0.00137901 0.00101501 0.00035528 -0.00007485 -0.00005034 -0.00000784 -0.00000888 -0.00000343 -0.00000199 0.00031992 0.00483908 0.00243839 0.36432903 10.27710 
0.420 0.01507143 5 -6617133.61 542285.06 820786.58 1059813.87 -992221.31 -8047797.80 -683680567.99 -0.00150769 0.01507143 0.01321001 0.00314208 0.00161124 0.00278876 0.00281095 0.00278590 0.00273484 0.00265725 0.00255210 0.00241794 0.00225308 0.00205584 0.00182566 0.00156531 0.00128369 0.00099691 0.00041263 -0.00003673 -0.00005075 -0.00001135 -0.00000665 -0.00000319 -0.00000272 0.00026387 0.00519226 0.00257418 0.39595423 11.06765 
0.450 0.01800931 5 -5196343.57 706487.71 1191836.12 1556361.86 -827618.29 -7823410.97 -614606091.20 -0.00333424 0.01800931 0.01590105 0.00307844 0.00141430 0.00220636 0.00218162 0.00213553 0.00208045 0.00201586 0.00194064 0.00185307 0.00175091 0.00163164 0.00149255 0.00133127 0.00114699 0.00094218 0.00045172 -0.00000256 -0.00005039 -0.00001423 -0.00000473 -0.00000293 -0.00000327 0.00021374 0.00568875 0.00278030 0.43312759 11.85820 
0.480 0.02021093 5 -3254388.80 1199509.50 1652647.85 2146747.69 -1225926.53 -7027367.30 -528171837.21 -0.00600313 0.02021093 0.01915135 0.00387872 0.00116168 0.00095709 0.00086702 0.00079664 0.00074382 0.00070804 0.00068795 0.00068141 0.00068537 0.00069584 0.00070644 0.00070758 0.00068994 0.00064246 0.00040121 0.00004870 -0.00003698 -0.00001586 -0.00000324 -0.00000272 -0.00000370 0.00009870 0.00630949 0.00301017 0.49027295 12.64874 
0.510 0.02276751 5 -1958132.57 1540528.36 2056375.29 2551810.71 -1317793.58 -6789053.35 -479768021.96 -0.00736479 0.02276751 0.02146242 0.00399946 0.00099027 0.00003722 -0.00011807 -0.00021845 -0.00027968 -0.00030233 -0.00028793 -0.00023898 -0.00015921 -0.00005451 0.00006393 0.00018080 0.00028081 0.00034738 0.00031102 0.00007680 -0.00002278 -0.00001526 -0.00000285 -0.00000269 -0.00000378 0.00000557 0.00679854 0.00318995 0.52003157 13.43929 
0.540 0.02517275 5 -1414643.73 1960046.65 2223286.22 2651844.12 -1337874.97 -6911945.75 -480679986.93 -0.00766829 0.02517275 0.02302576 0.00384519 0.00095723 -0.00060756 -0.00082287 -0.00095424 -0.00102951 -0.00104927 -0.00101521 -0.00092992 -0.00079766 -0.00062649 -0.00043137 -0.00023251 -0.00005036 0.00009470 0.00021064 0.00008926 -0.00000803 -0.00001326 -0.00000371 -0.00000278 -0.00000346 -0.00006571 0.00723494 0.00335666 0.53645968 14.22984 
0.570 0.02767891 5 -1171658.04 1780126.90 2526758.43 2844249.69 -785154.49 -7537638.56 -475956888.74 -0.00725674 0.02767891 0.02360223 0.00313504 0.00078014 -0.00098145 -0.00122348 -0.00136737 -0.00144720 -0.00146365 -0.00141852 -0.00131435 -0.00115540 -0.00095053 -0.00071631 -0.00047561 -0.00025242 -0.00006960 0.00012578 0.00008835 0.00000466 -0.00001039 -0.00000525 -0.00000271 -0.00000263 -0.00010730 0.00739029 0.00340739 0.52149083 15.02038 
0.600 0.02503354 5 173995.35 2359560.98 3633256.34 2682602.40 -824856.65 -7676567.73 -464263493.71 -0.00553914 0.02503354 0.02110388 0.00299415 0.00054175 -0.00267812 -0.00298802 -0.00314210 -0.00319438 -0.00314671 -0.00300429 -0.00277253 -0.00246218 -0.00209153 -0.00168555 -0.00127424 -0.00088845 -0.00055586 -0.00007420 0.00011322 0.00003733 -0.00000521 -0.00000742 -0.00000211 -0.00000091 -0.00026158 0.00671420 0.00300850 0.44562877 15.81093 
0.630 0.02208144 5 1143996.33 3145775.37 3858637.25 2599708.32 -868579.98 -7591544.63 -456149733.94 -0.00434000 0.02208144 0.01874901 0.00263460 0.00044408 -0.00366934 -0.00403286 -0.00420189 -0.00424435 -0.00416350 -0.00396698 -0.00366411 -0.00326983 -0.00280614 -0.00230101 -0.00178707 -0.00129799 -0.00086536 -0.00018984 0.00013447 0.00005675 -0.00000246 -0.00000808 -0.00000138 0.00000035 -0.00035556 0.00598133 0.00261502 0.37923585 16.60148 
0.660 0.02354761 5 2920210.82 -1169912.19 -2178206.04 -1881943.25 1727504.75 6422767.55 509702393.89 0.00859454 -0.02245947 -0.02313898 -0.00481742 -0.00106605 -0.00027973 -0.00017347 -0.00010365 -0.00005538 -0.00002782 -0.00001954 -0.00002863 -0.00005276 -0.00008911 -0.00013386 -0.00018037 -0.00021987 -0.00023852 -0.00017610 -0.00003524 0.00001108 0.00000789 0.00000356 0.00000141 -0.00000008 -0.00002073 -0.00719058 -0.00338178 -0.57348505 17.39202 
0.690 0.02690762 5 1357341.68 -1660349.67 -2682242.27 -2167380.13 1512146.13 6355167.63 457029405.42 0.01010996 -0.02572082 -0.02589344 -0.00537825 -0.00094464 0.00112066 0.00132967 0.00145255 0.00152475 0.00154722 0.00152162 0.00145011 0.00133548 0.00118129 0.00099366 0.00078579 0.00057401 0.00037965 0.00008296 -0.00004967 -0.00001813 0.00000295 0.00000360 0.00000209 0.00000046 0.00013702 -0.00792749 -0.00364343 -0.61513475 18.18257 
0.720 0.02932564 5 344465.29 -2015184.87 -3058821.89 -2342002.93 1360037.42 6400437.55 428633803.86 0.01088924 -0.02808137 -0.02770584 -0.00563441 -0.00085757 0.00218245 0.00247021 0.00263453 0.00272723 0.00274921 0.00270212 0.00258818 0.00241030 0.00217278 0.00188460 0.00156378 0.00123183 0.00091430 0.00034314 -0.00004048 -0.00004497 -0.00000364 0.00000437 0.00000278 0.00000056 0.00026248 -0.00842621 -0.00381057 -0.63733461 18.97312 
0.750 0.03156461 5 -4798227.28 -4388868.29 -4960007.69 -2705204.50 624761.38 6631091.81 314175578.04 0.00961306 -0.02999545 -0.02822358 -0.00526940 -0.00041131 0.00742668 0.00806194 0.00837144 0.00849062 0.00842485 0.00818387 0.00777984 0.00722982 0.00655704 0.00579042 0.00496335 0.00411055 0.00326819 0.00150100 -0.00003334 -0.00018119 -0.00003578 0.00000621 0.00000365 -0.00000036 0.00083719 -0.00853149 -0.00355463 -0.55711241 19.76366 
