0.001 0.00010959 4 48164.07 -417.78 1448.01 3560.49 4919.59 38653.76 3921226.36 0.00000411 -0.00003422 -0.00010959 -0.00002778 0.00000455 0.00004831 0.00005230 0.00004856 0.00004346 0.00003756 0.00003113 0.00002464 0.00001853 0.00001305 0.00000827 0.00000411 0.00000058 -0.00000236 -0.00000454 0.00000063 0.00001017 -0.00000008 -0.00001041 -0.00000150 0.00000184 0.00000329 -0.00002947 -0.00001207 -0.00219005 0.07716 
0.030 0.00125787 5 1433595.14 -12105.94 48439.62 108952.99 149074.02 1139234.44 116251262.34 -0.00033520 -0.00118863 -0.00069308 -0.00044987 -0.00026864 -0.00025366 -0.00024298 -0.00022786 -0.00020534 -0.00017746 -0.00014642 -0.00011490 -0.00008529 -0.00005933 -0.00003804 -0.00002182 -0.00001046 -0.00000337 0.00000286 0.00000351 0.00000475 -0.00000262 -0.00000861 -0.00000295 -0.00000062 -0.00001246 -0.00048908 -0.00023589 -0.03244984 2.31476 
0.060 0.00234798 5 2816035.86 -19078.60 105312.94 252119.82 298180.43 2179501.28 226034886.83 -0.00066308 -0.00227600 -0.00124486 -0.00086036 -0.00053878 -0.00062212 -0.00061293 -0.00058483 -0.00053683 -0.00047214 -0.00039599 -0.00031542 -0.00023772 -0.00016812 -0.00010973 -0.00006385 -0.00003035 -0.00000795 0.00001256 0.00000945 0.00000112 -0.00000402 -0.00000595 -0.00000338 -0.00000231 -0.00003359 -0.00093229 -0.00045488 -0.06245529 4.62951 
0.090 0.00334573 5 -4143623.10 15771.69 -181314.99 -370969.36 -428512.88 -3178597.57 -330243316.67 0.00101442 0.00334573 0.00158923 0.00122000 0.00082221 0.00108904 0.00108741 0.00103877 0.00095589 0.00084466 0.00071332 0.00057259 0.00043396 0.00030822 0.00020150 0.00011638 0.00005280 0.00000857 -0.00003163 -0.00001875 0.00000675 0.00000002 -0.00001062 -0.00000346 -0.00000082 0.00006000 0.00132786 0.00065434 0.08855400 6.94427 
0.120 0.00436414 5 -5519528.76 11417.20 -290879.56 -526411.08 -572891.06 -4140764.26 -435235663.13 0.00130613 0.00436414 0.00210107 0.00161003 0.00109426 0.00151428 0.00151560 0.00145456 0.00134709 0.00120023 0.00102435 0.00083319 0.00064136 0.00046278 0.00030901 0.00018470 0.00009059 0.00002421 -0.00003979 -0.00002775 0.00000597 0.00000081 -0.00001061 -0.00000350 -0.00000093 0.00008603 0.00174896 0.00086557 0.11806091 9.25903 
0.150 0.00549565 5 7808064.73 197315.11 734984.29 883145.46 812362.63 5180257.23 574986866.56 -0.00148603 -0.00541796 -0.00286321 -0.00214280 -0.00150674 -0.00236867 -0.00239142 -0.00232713 -0.00219220 -0.00199479 -0.00174735 -0.00146681 -0.00117317 -0.00088651 -0.00062444 -0.00040136 -0.00022629 -0.00009891 0.00004121 0.00005094 -0.00000043 -0.00000678 0.00000206 -0.00000290 -0.00000503 -0.00014782 -0.00229839 -0.00115596 -0.16388472 11.57378 
0.180 0.00675055 5 9180308.55 190116.15 754497.77 994054.92 955863.47 6285776.25 687149134.55 -0.00188606 -0.00666940 -0.00349415 -0.00260175 -0.00180218 -0.00289865 -0.00292810 -0.00285603 -0.00270288 -0.00247667 -0.00219008 -0.00186031 -0.00150889 -0.00115963 -0.00083442 -0.00055131 -0.00032358 -0.00015436 0.00004023 0.00006602 0.00000153 -0.00000651 0.00000518 -0.00000225 -0.00000554 -0.00018630 -0.00280422 -0.00141352 -0.19927881 13.88854 
0.210 0.00803372 5 10681570.95 160539.86 877009.27 1158406.57 1116587.98 7369027.27 804576953.38 -0.00223386 -0.00792954 -0.00418436 -0.00308545 -0.00213588 -0.00359656 -0.00364537 -0.00357463 -0.00340968 -0.00315803 -0.00283212 -0.00244890 -0.00203023 -0.00160211 -0.00119105 -0.00082049 -0.00051018 -0.00027165 0.00002184 0.00008824 0.00000770 -0.00000577 0.00000810 -0.00000117 -0.00000553 -0.00024375 -0.00333790 -0.00169421 -0.23970875 16.20329 
0.240 0.00899914 5 11792683.52 294312.93 1198452.55 1258634.36 1354729.68 7686554.01 864450068.40 -0.00193554 -0.00864573 -0.00563906 -0.00336947 -0.00231567 -0.00441090 -0.00449478 -0.00443680 -0.00427126 -0.00400492 -0.00364939 -0.00322071 -0.00274002 -0.00223361 -0.00173093 -0.00126069 -0.00084858 -0.00051251 -0.00005238 0.00011239 0.00002138 -0.00000397 0.00000961 0.00000000 -0.00000481 -0.00032196 -0.00380534 -0.00195489 -0.28798457 18.51805 
0.270 0.00948712 5 10524715.34 79975.75 695412.29 915471.80 1234599.45 7599256.05 814341878.50 -0.00069442 -0.00900250 -0.00742269 -0.00328708 -0.00206243 -0.00430061 -0.00441289 -0.00439956 -0.00429573 -0.00410294 -0.00382546 -0.00347002 -0.00304870 -0.00258043 -0.00209039 -0.00160832 -0.00116391 -0.00078075 -0.00019001 0.00010663 0.00003630 0.00000023 0.00000923 0.00000055 -0.00000379 -0.00034987 -0.00394673 -0.00203599 -0.31502011 20.83281 
0.300 0.01029268 4 -9322941.56 24213.76 -276198.32 -559102.23 -1670370.39 -6841484.39 -748190144.82 -0.00157628 0.00987691 0.01010185 0.00314319 0.00190575 0.00480213 0.00494212 0.00494718 0.00486452 0.00469429 0.00443725 0.00409506 0.00367276 0.00318237 0.00264543 0.00209277 0.00155969 0.00107905 0.00028900 -0.00013826 -0.00005829 -0.00000359 -0.00000854 -0.00000335 -0.00000161 0.00041321 0.00421742 0.00219654 0.36512299 23.14756 
0.330 0.01521546 4 -6776157.53 365623.33 1239241.47 -4659.36 -1832534.91 -6543828.05 -657565094.46 -0.00445779 0.01421576 0.01506413 0.00418159 0.00149767 0.00329926 0.00339276 0.00340508 0.00337154 0.00329162 0.00316442 0.00298878 0.00276361 0.00248894 0.00216806 0.00181065 0.00143353 0.00106249 0.00036217 -0.00009863 -0.00006010 -0.00000753 -0.00000695 -0.00000301 -0.00000201 0.00031174 0.00535605 0.00267639 0.45614079 25.46232 
0.360 0.01876386 4 -5616532.31 771943.64 1228929.15 678199.23 -1798443.86 -6497160.48 -614669857.66 -0.00637625 0.01825393 0.01858857 0.00437051 0.00131084 0.00260849 0.00265952 0.00265874 0.00263121 0.00257628 0.00249279 0.00237910 0.00223322 0.00205338 0.00183908 0.00159222 0.00131781 0.00102877 0.00041572 -0.00005154 -0.00005139 -0.00000950 -0.00000658 -0.00000240 -0.00000156 0.00025882 0.00617221 0.00303088 0.51426027 27.77708 
0.390 0.01958663 5 -5808669.49 625000.34 1342689.01 503395.91 -1396130.22 -6883624.53 -625227928.53 -0.00642995 0.01958663 0.01901293 0.00397998 0.00120189 0.00291754 0.00299415 0.00301131 0.00299916 0.00295690 0.00288317 0.00277603 0.00263306 0.00245189 0.00223153 0.00197356 0.00168246 0.00137024 0.00066392 0.00003138 -0.00005200 -0.00001631 -0.00000629 -0.00000075 -0.00000035 0.00031520 0.00624675 0.00309577 0.51677254 30.09183 
0.420 0.01975432 5 -4806866.54 466317.93 1534842.37 1168104.02 -1219074.03 -6757056.83 -560888213.53 -0.00620576 0.01975432 0.01872494 0.00292931 0.00095695 0.00259233 0.00263538 0.00263957 0.00262552 0.00259231 0.00253836 0.00246127 0.00235762 0.00222359 0.00205679 0.00185795 0.00163013 0.00137955 0.00075681 0.00010697 -0.00004031 -0.00001992 -0.00000517 0.00000045 0.00000022 0.00029325 0.00589129 0.00291748 0.47824015 32.40659 
0.450 0.01870400 4 -3401502.56 979382.84 2093340.75 1159150.13 -1399815.32 -6233560.96 -511020734.42 -0.00691005 0.01860873 0.01840246 0.00326807 0.00094791 0.00161147 0.00158672 0.00155898 0.00153417 0.00151128 0.00148844 0.00146256 0.00142884 0.00138114 0.00131476 0.00122918 0.00112708 0.00101071 0.00066031 0.00016339 -0.00001812 -0.00001994 -0.00000444 0.00000083 0.00000024 0.00019187 0.00569677 0.00277244 0.46713928 34.72135 
0.480 0.01919488 4 -1734745.15 1442093.05 2541685.83 1293746.64 -1217185.27 -5795085.40 -438394477.67 -0.00778927 0.01883932 0.01884226 0.00323729 0.00100638 0.00048103 0.00034862 0.00025754 0.00019279 0.00015347 0.00013769 0.00014227 0.00016181 0.00018894 0.00021735 0.00024565 0.00027706 0.00031356 0.00035175 0.00018176 0.00001071 -0.00001627 -0.00000383 0.00000053 -0.00000015 0.00004584 0.00568822 0.00269085 0.45928255 37.03610 
0.510 0.02137510 5 -6684283.06 671619.10 994482.90 182644.30 -1416781.68 -7116247.68 -674370469.75 -0.00729558 0.02137510 0.02012430 0.00426278 0.00181252 0.00461508 0.00476147 0.00482815 0.00485445 0.00483947 0.00478154 0.00467789 0.00452354 0.00431143 0.00403587 0.00369771 0.00330491 0.00287033 0.00172561 0.00029536 -0.00012088 -0.00005381 -0.00000100 0.00000445 0.00000023 0.00057180 0.00682114 0.00350135 0.59127313 39.35086 
0.540 0.02308732 5 -6319424.91 715968.09 1122377.99 318229.12 -1361267.57 -7114732.53 -659094674.46 -0.00804265 0.02308732 0.02123878 0.00432138 0.00181390 0.00436881 0.00449342 0.00455002 0.00457314 0.00456202 0.00451519 0.00443009 0.00430184 0.00412289 0.00388633 0.00359145 0.00324487 0.00285709 0.00179118 0.00036315 -0.00010871 -0.00005805 -0.00000172 0.00000529 0.00000113 0.00055446 0.00711858 0.00363157 0.61121049 41.66562 
0.570 0.02282797 5 -507368.88 1862410.19 3058406.27 1847787.68 -936118.44 -6339854.58 -419438834.81 -0.00799329 0.02282797 0.02098937 0.00372990 0.00132418 -0.00138926 -0.00171713 -0.00193048 -0.00207931 -0.00216435 -0.00218743 -0.00215173 -0.00206319 -0.00193134 -0.00176634 -0.00157275 -0.00134764 -0.00108766 -0.00040119 0.00015870 0.00007898 -0.00000183 -0.00000655 -0.00000091 0.00000020 -0.00022034 0.00664283 0.00299695 0.48862743 43.98037 
0.600 0.02343293 5 -1082935.65 1605400.31 2959179.90 1875383.41 -863798.56 -6659100.70 -443864124.97 -0.00811731 0.02343293 0.02119784 0.00417266 0.00132183 -0.00109125 -0.00136469 -0.00154394 -0.00166797 -0.00173760 -0.00175468 -0.00172237 -0.00164654 -0.00153704 -0.00140474 -0.00125473 -0.00108349 -0.00088479 -0.00032673 0.00013521 0.00006339 -0.00000211 -0.00000669 -0.00000120 0.00000008 -0.00017628 0.00683561 0.00311073 0.50734636 46.29513 
0.630 0.02303309 5 -1566581.49 1584664.15 2837957.85 1666144.54 -901418.15 -6753929.88 -469559493.93 -0.00760386 0.02303309 0.02087856 0.00407537 0.00125985 -0.00085026 -0.00110216 -0.00126970 -0.00138732 -0.00145583 -0.00147706 -0.00145409 -0.00139266 -0.00130267 -0.00119544 -0.00107642 -0.00094194 -0.00078482 -0.00031829 0.00009823 0.00005179 -0.00000144 -0.00000685 -0.00000121 0.00000021 -0.00015096 0.00675973 0.00308861 0.50050373 48.60988 
0.660 0.02253004 5 -1787657.33 1587934.58 2851070.38 1426857.85 -955874.38 -6697645.76 -480820672.10 -0.00700960 0.02253004 0.02061363 0.00417645 0.00091920 -0.00113583 -0.00136445 -0.00151373 -0.00161415 -0.00166655 -0.00167284 -0.00163606 -0.00156169 -0.00145920 -0.00133975 -0.00120910 -0.00106488 -0.00090114 -0.00042110 0.00004278 0.00002971 -0.00000441 -0.00000626 -0.00000072 0.00000039 -0.00017903 0.00664501 0.00301992 0.48460523 50.92464 
0.690 0.02163455 5 -9420710.89 255874.71 -361904.33 -358283.10 -503254.01 -8453144.15 -795479269.29 -0.00623688 0.02163455 0.01791713 0.00486234 0.00390277 0.00772692 0.00791127 0.00796986 0.00795733 0.00787330 0.00771729 0.00748867 0.00718574 0.00680441 0.00633950 0.00579033 0.00516495 0.00448078 0.00270187 0.00044169 -0.00025329 -0.00010705 0.00000066 0.00000752 0.00000015 0.00091159 0.00739330 0.00395006 0.66493952 53.23940 
0.720 0.02191297 5 -9062288.92 577811.63 -455668.04 -37730.28 -669097.82 -8477604.41 -794872884.88 -0.00681458 0.02191297 0.01836441 0.00561221 0.00382608 0.00730599 0.00749170 0.00756277 0.00757309 0.00752181 0.00740752 0.00722809 0.00698003 0.00665781 0.00625298 0.00575924 0.00518332 0.00454260 0.00281579 0.00051857 -0.00024449 -0.00011325 0.00000054 0.00000813 0.00000042 0.00089463 0.00758706 0.00403189 0.68506996 55.55415 
