0.001 0.00011884 5 42744.46 -2558.88 -8279.87 -3489.10 3793.21 53279.10 4427934.11 -0.00000330 -0.00005131 -0.00011715 -0.00003019 0.00000528 0.00005369 0.00005765 0.00005359 0.00004800 0.00004147 0.00003434 0.00002713 0.00002035 0.00001428 0.00000902 0.00000449 0.00000070 -0.00000241 -0.00000473 0.00000050 0.00001009 -0.00000012 -0.00001042 -0.00000153 0.00000181 0.00000355 -0.00003371 -0.00001391 -0.00232672 0.05365 
0.030 0.00172393 5 1123372.74 -96828.43 -267220.62 -130170.20 95453.49 1522138.50 122983456.88 -0.00056179 -0.00165394 -0.00089051 -0.00049401 -0.00022216 -0.00001287 0.00000045 0.00000630 0.00001097 0.00001421 0.00001582 0.00001557 0.00001391 0.00001140 0.00000847 0.00000542 0.00000247 -0.00000027 -0.00000326 -0.00000128 0.00000338 -0.00000253 -0.00000805 -0.00000315 -0.00000109 0.00000099 -0.00059035 -0.00027622 -0.03396401 1.60951 
0.060 0.00324416 5 2225396.30 -145061.39 -465261.83 -248438.98 174431.59 2909726.91 236012707.53 -0.00110364 -0.00317001 -0.00161576 -0.00092394 -0.00044508 -0.00015988 -0.00014444 -0.00013281 -0.00011910 -0.00010274 -0.00008381 -0.00006293 -0.00004228 -0.00002543 -0.00001300 -0.00000457 0.00000047 0.00000280 0.00000299 0.00000041 -0.00000117 -0.00000358 -0.00000484 -0.00000344 -0.00000281 -0.00000718 -0.00111923 -0.00052848 -0.06455668 3.21901 
0.090 0.00468375 5 3356720.80 -141419.49 -607452.47 -340794.85 244597.91 4201789.69 343340283.57 -0.00162904 -0.00460719 -0.00228997 -0.00132732 -0.00066714 -0.00036256 -0.00034908 -0.00033323 -0.00031060 -0.00028075 -0.00024372 -0.00020017 -0.00015296 -0.00010717 -0.00006856 -0.00003861 -0.00001706 -0.00000294 0.00000922 0.00000500 -0.00000423 -0.00000420 -0.00000158 -0.00000327 -0.00000391 -0.00002043 -0.00162291 -0.00077163 -0.09421320 4.82852 
0.120 0.00609542 5 4409897.22 -213137.15 -702370.20 -417240.09 307644.61 5435000.05 447245068.45 -0.00216424 -0.00601670 -0.00294637 -0.00172762 -0.00089901 -0.00051342 -0.00049753 -0.00047620 -0.00044538 -0.00040497 -0.00035507 -0.00029635 -0.00023065 -0.00016269 -0.00009947 -0.00004850 -0.00001284 0.00000933 0.00002405 0.00000990 -0.00000742 -0.00000460 0.00000165 -0.00000284 -0.00000465 -0.00002883 -0.00212314 -0.00101059 -0.12316790 6.43802 
0.150 0.00745264 5 5522289.71 -245207.90 -703764.34 -494204.70 360291.37 6605175.28 547883702.51 -0.00266151 -0.00736898 -0.00357068 -0.00210488 -0.00113579 -0.00079824 -0.00078497 -0.00075966 -0.00071980 -0.00066521 -0.00059595 -0.00051249 -0.00041702 -0.00031470 -0.00021352 -0.00012334 -0.00005351 -0.00000619 0.00003508 0.00002068 -0.00000810 -0.00000476 0.00000471 -0.00000218 -0.00000509 -0.00004898 -0.00260547 -0.00124740 -0.15261166 8.04753 
0.180 0.00870710 5 6831559.19 -172968.63 -518120.78 -539546.36 412195.56 7649999.39 645253893.52 -0.00306223 -0.00860279 -0.00415807 -0.00244639 -0.00139129 -0.00135236 -0.00135234 -0.00132381 -0.00126915 -0.00118830 -0.00108151 -0.00094937 -0.00079452 -0.00062404 -0.00044979 -0.00028643 -0.00014937 -0.00004899 0.00005213 0.00004304 -0.00000603 -0.00000519 0.00000756 -0.00000125 -0.00000519 -0.00008974 -0.00306009 -0.00148217 -0.18372159 9.65703 
0.210 0.00968756 5 8111521.99 24947.13 -189454.15 -592076.73 439610.86 8428494.88 722116168.67 -0.00336446 -0.00952069 -0.00457110 -0.00267390 -0.00161036 -0.00198622 -0.00200689 -0.00197655 -0.00190420 -0.00179020 -0.00163566 -0.00144229 -0.00121474 -0.00096337 -0.00070436 -0.00045801 -0.00024560 -0.00008315 0.00008533 0.00007281 -0.00000336 -0.00000622 0.00000988 -0.00000011 -0.00000492 -0.00013497 -0.00340088 -0.00166595 -0.20859571 11.26654 
0.240 0.00935814 5 8281923.37 -393853.15 -558212.91 299551.63 821657.86 8112779.94 757199213.88 -0.00308726 -0.00920991 -0.00477610 -0.00312149 -0.00184429 -0.00235916 -0.00240477 -0.00239663 -0.00234825 -0.00225917 -0.00212903 -0.00195785 -0.00174774 -0.00150520 -0.00124115 -0.00097105 -0.00071361 -0.00048629 -0.00012659 0.00006013 0.00001929 -0.00000358 0.00000154 -0.00000325 -0.00000476 -0.00019801 -0.00357141 -0.00177938 -0.23638007 12.87605 
0.270 0.01053388 5 9016872.97 -41724.75 -329155.54 -48151.17 806677.52 8629226.91 790012553.31 -0.00288697 -0.01015525 -0.00603045 -0.00323366 -0.00191777 -0.00295160 -0.00302521 -0.00302685 -0.00297672 -0.00287457 -0.00272030 -0.00251424 -0.00225892 -0.00196201 -0.00163685 -0.00130137 -0.00097718 -0.00068492 -0.00020148 0.00007212 0.00002991 -0.00000167 0.00000265 -0.00000315 -0.00000509 -0.00025632 -0.00395015 -0.00198790 -0.27157960 14.48555 
0.300 0.01179132 5 9383399.03 -74228.76 -283224.18 34838.75 632707.69 9073305.53 821648269.11 -0.00260329 -0.01128414 -0.00751848 -0.00343058 -0.00201008 -0.00331405 -0.00340409 -0.00341605 -0.00337401 -0.00327731 -0.00312523 -0.00291711 -0.00265376 -0.00234032 -0.00198879 -0.00161729 -0.00124884 -0.00090664 -0.00030451 0.00007363 0.00004123 0.00000138 0.00000372 -0.00000299 -0.00000527 -0.00030161 -0.00440509 -0.00222523 -0.31184441 16.09506 
0.330 0.01309941 5 9502871.84 -18693.07 -134706.01 -157580.00 656153.52 9157697.41 825121369.18 -0.00189005 -0.01247883 -0.00942794 -0.00350759 -0.00202906 -0.00366941 -0.00377598 -0.00379908 -0.00376622 -0.00367638 -0.00352830 -0.00332060 -0.00305278 -0.00272743 -0.00235415 -0.00195097 -0.00154215 -0.00115320 -0.00043074 0.00006816 0.00005392 0.00000534 0.00000440 -0.00000277 -0.00000519 -0.00034863 -0.00484652 -0.00245714 -0.35541344 17.70456 
0.360 0.01492524 5 8987415.52 48712.57 -57803.10 -665014.15 753245.08 8908275.13 786224354.26 -0.00037038 -0.01417679 -0.01185975 -0.00343455 -0.00191914 -0.00387559 -0.00399408 -0.00402868 -0.00400881 -0.00393335 -0.00380082 -0.00360944 -0.00335775 -0.00304589 -0.00267875 -0.00227042 -0.00184316 -0.00142309 -0.00058829 0.00005068 0.00006813 0.00001063 0.00000430 -0.00000251 -0.00000470 -0.00038719 -0.00525901 -0.00267098 -0.40060926 19.31407 
0.390 0.01740799 5 8124195.97 3335.79 -151993.80 -1000490.65 646519.69 8626824.94 733597279.94 0.00152617 -0.01653673 -0.01443733 -0.00335528 -0.00177253 -0.00391943 -0.00404492 -0.00409065 -0.00408613 -0.00403024 -0.00392140 -0.00375766 -0.00353704 -0.00325810 -0.00292164 -0.00253526 -0.00211545 -0.00168684 -0.00077091 0.00001628 0.00008249 0.00001730 0.00000352 -0.00000232 -0.00000391 -0.00041413 -0.00569652 -0.00289039 -0.44586147 20.92357 
0.420 0.02037545 5 7362409.65 -43064.12 -267675.07 -1311726.98 541833.90 8443041.92 690164932.25 0.00326376 -0.01941077 -0.01712506 -0.00331980 -0.00164650 -0.00390892 -0.00403833 -0.00409407 -0.00410513 -0.00407041 -0.00398826 -0.00385662 -0.00367322 -0.00343588 -0.00314333 -0.00279694 -0.00240417 -0.00198375 -0.00099977 -0.00003598 0.00009986 0.00002606 0.00000235 -0.00000237 -0.00000303 -0.00043964 -0.00623803 -0.00315779 -0.49451451 22.53308 
0.450 0.02306245 5 6609389.29 -104669.18 -393188.82 -1672150.44 682274.72 8097123.00 647346357.44 0.00498522 -0.02200648 -0.01978198 -0.00338790 -0.00153802 -0.00379890 -0.00392324 -0.00398214 -0.00400282 -0.00398417 -0.00392454 -0.00382188 -0.00367377 -0.00347769 -0.00323142 -0.00293345 -0.00258507 -0.00219644 -0.00120483 -0.00010560 0.00011169 0.00003510 0.00000092 -0.00000255 -0.00000207 -0.00045094 -0.00677951 -0.00341763 -0.54371126 24.14258 
0.480 0.02504782 5 5735208.15 -355909.50 -609311.93 -1955523.50 1044132.45 7611820.62 609290430.47 0.00657169 -0.02391659 -0.02215756 -0.00370053 -0.00147206 -0.00336603 -0.00346040 -0.00350786 -0.00352866 -0.00352170 -0.00348534 -0.00341747 -0.00331556 -0.00317681 -0.00299840 -0.00277758 -0.00251226 -0.00220367 -0.00132020 -0.00018164 0.00011509 0.00004309 -0.00000039 -0.00000277 -0.00000119 -0.00042076 -0.00728621 -0.00363912 -0.58937655 25.75209 
0.510 0.02715699 5 4360633.63 -134112.38 -1337517.70 -2342060.19 1261725.32 6912598.58 522028411.36 0.00905887 -0.02593865 -0.02488205 -0.00415240 -0.00122408 -0.00278447 -0.00286267 -0.00290849 -0.00293710 -0.00294738 -0.00293771 -0.00290599 -0.00284966 -0.00276582 -0.00265143 -0.00250343 -0.00231893 -0.00209595 -0.00137510 -0.00026792 0.00011065 0.00005065 -0.00000242 -0.00000312 -0.00000019 -0.00037541 -0.00773499 -0.00382541 -0.63748939 27.36160 
