0.001 0.00012437 5 75599.65 -3052.26 976.93 7819.44 9305.50 60550.04 6331431.70 -0.00000103 -0.00005683 -0.00012189 -0.00003777 -0.00000150 0.00004393 0.00004824 0.00004496 0.00004037 0.00003498 0.00002907 0.00002306 0.00001738 0.00001227 0.00000778 0.00000384 0.00000047 -0.00000237 -0.00000448 0.00000060 0.00001003 -0.00000017 -0.00001042 -0.00000155 0.00000179 0.00000309 -0.00003908 -0.00001668 -0.00284355 0.07935 
0.030 0.00185759 5 2444879.24 -93132.46 132275.47 357331.66 314280.22 1734124.34 194992503.46 -0.00045467 -0.00178691 -0.00103367 -0.00077039 -0.00048766 -0.00052755 -0.00051415 -0.00048571 -0.00044074 -0.00038261 -0.00031648 -0.00024882 -0.00018495 -0.00012868 -0.00008222 -0.00004634 -0.00002067 -0.00000397 0.00001041 0.00000753 0.00000267 -0.00000349 -0.00000719 -0.00000321 -0.00000155 -0.00002699 -0.00077974 -0.00037986 -0.05420319 2.38050 
0.060 0.00353187 5 4649655.41 -223595.04 290368.27 670283.66 581927.47 3330671.04 373158591.97 -0.00092584 -0.00345663 -0.00190199 -0.00145603 -0.00095549 -0.00114708 -0.00113799 -0.00109160 -0.00101087 -0.00090092 -0.00076927 -0.00062612 -0.00048272 -0.00035012 -0.00023571 -0.00014321 -0.00007349 -0.00002492 0.00002339 0.00001986 -0.00000122 -0.00000516 -0.00000288 -0.00000333 -0.00000351 -0.00006519 -0.00149197 -0.00073403 -0.10412982 4.76101 
0.090 0.00511843 5 6469460.39 -349891.35 338348.88 877880.09 806731.31 4796391.46 528016932.52 -0.00138467 -0.00504075 -0.00271247 -0.00207130 -0.00135913 -0.00165380 -0.00165110 -0.00159458 -0.00149076 -0.00134527 -0.00116711 -0.00096882 -0.00076465 -0.00056894 -0.00039446 -0.00024938 -0.00013702 -0.00005622 0.00003019 0.00003222 -0.00000280 -0.00000570 0.00000132 -0.00000294 -0.00000472 -0.00009909 -0.00214351 -0.00105747 -0.14894019 7.14151 
0.120 0.00664009 5 7962683.92 -432686.44 259190.30 1002538.83 997310.57 6136330.66 661345845.84 -0.00186673 -0.00655796 -0.00348387 -0.00263897 -0.00169997 -0.00211334 -0.00211153 -0.00204536 -0.00192369 -0.00175126 -0.00153688 -0.00129310 -0.00103590 -0.00078256 -0.00054918 -0.00034984 -0.00019393 -0.00008115 0.00004087 0.00004553 -0.00000296 -0.00000549 0.00000520 -0.00000209 -0.00000528 -0.00013003 -0.00275147 -0.00135890 -0.18976872 9.52201 
0.150 0.00809813 5 8792290.33 -535754.49 -59279.24 931350.85 1138250.96 7317722.25 759688844.53 -0.00229143 -0.00798386 -0.00426043 -0.00310618 -0.00191918 -0.00235089 -0.00235468 -0.00229336 -0.00217658 -0.00200667 -0.00178916 -0.00153215 -0.00124901 -0.00095849 -0.00068093 -0.00043521 -0.00023723 -0.00009381 0.00005819 0.00005944 -0.00000255 -0.00000527 0.00000823 -0.00000082 -0.00000508 -0.00014980 -0.00327791 -0.00161619 -0.22342557 11.90252 
0.180 0.00943248 5 8115042.61 -384283.67 -603202.12 156075.77 1113621.07 7832831.55 744973141.67 -0.00190474 -0.00903719 -0.00596333 -0.00313050 -0.00172591 -0.00223577 -0.00226018 -0.00223174 -0.00216079 -0.00204701 -0.00189063 -0.00169223 -0.00145506 -0.00118807 -0.00090734 -0.00063422 -0.00039121 -0.00019628 0.00003871 0.00007729 0.00000398 -0.00000490 0.00000903 0.00000002 -0.00000442 -0.00016176 -0.00361553 -0.00178080 -0.25133865 14.28302 
0.210 0.01073046 5 9263750.23 139173.55 -126919.20 -266294.69 848434.06 8669356.52 791483458.91 -0.00233201 -0.01028356 -0.00665180 -0.00304870 -0.00178050 -0.00349502 -0.00362188 -0.00365963 -0.00363947 -0.00356039 -0.00342122 -0.00322066 -0.00295845 -0.00263740 -0.00226683 -0.00186531 -0.00145809 -0.00107383 -0.00038150 0.00007083 0.00004699 0.00000517 0.00000856 -0.00000049 -0.00000430 -0.00033488 -0.00394182 -0.00202573 -0.28426016 16.66352 
0.240 0.01095933 5 9089985.08 175648.06 66594.72 -454604.31 847360.79 8454985.82 768977489.80 -0.00120917 -0.01042856 -0.00799940 -0.00288099 -0.00164878 -0.00413212 -0.00431923 -0.00440249 -0.00442450 -0.00438410 -0.00427982 -0.00410989 -0.00387307 -0.00356977 -0.00320423 -0.00278737 -0.00233653 -0.00187773 -0.00090036 -0.00004189 0.00007114 0.00002034 0.00000745 -0.00000135 -0.00000369 -0.00045689 -0.00402161 -0.00212795 -0.31577907 19.04403 
0.270 0.01041462 5 -4074934.11 1547804.44 2303467.58 1079155.69 -316425.17 -8688936.65 -642289465.09 0.00409038 0.01041462 0.00479720 0.00288410 0.00127743 -0.00144609 -0.00159436 -0.00167529 -0.00170808 -0.00169372 -0.00163423 -0.00153245 -0.00139210 -0.00121788 -0.00101597 -0.00079527 -0.00056695 -0.00035147 -0.00002276 0.00006144 0.00001291 -0.00000581 -0.00001145 -0.00000279 -0.00000050 -0.00014544 0.00349691 0.00156201 0.17305190 21.42453 
0.300 0.01157274 5 -5123746.98 1516352.14 2074672.69 756991.95 -132145.38 -9339618.39 -709394330.91 0.00437002 0.01157274 0.00551685 0.00312547 0.00148973 -0.00088410 -0.00101225 -0.00108995 -0.00112960 -0.00113216 -0.00109959 -0.00103467 -0.00094100 -0.00082305 -0.00068596 -0.00053543 -0.00037747 -0.00022098 0.00002886 0.00004331 -0.00001280 -0.00001044 -0.00001099 -0.00000234 -0.00000041 -0.00009582 0.00391911 0.00178628 0.20425216 23.80503 
0.330 0.01262032 5 -5909261.98 1686732.10 2025474.38 560188.94 -639316.34 -9542341.06 -774800879.89 0.00430216 0.01262032 0.00686923 0.00349108 0.00170586 -0.00056812 -0.00069668 -0.00077748 -0.00082390 -0.00083689 -0.00081841 -0.00077124 -0.00069901 -0.00060622 -0.00049802 -0.00037994 -0.00025761 -0.00013690 0.00006842 0.00003977 -0.00003940 -0.00001834 -0.00001057 -0.00000162 -0.00000027 -0.00006873 0.00444544 0.00204741 0.24742457 26.18554 
0.360 0.01320032 5 -6848389.20 1278966.07 1912975.38 190266.86 -750124.22 -9480473.30 -801076482.78 0.00357926 0.01320032 0.00816564 0.00362121 0.00154143 0.00044081 0.00040627 0.00038470 0.00037804 0.00038519 0.00040413 0.00043210 0.00046555 0.00050017 0.00053110 0.00055330 0.00056179 0.00055200 0.00041480 0.00004284 -0.00007852 -0.00002624 -0.00000943 -0.00000073 -0.00000014 0.00006789 0.00467145 0.00222593 0.28582561 28.56604 
0.390 0.01350020 5 -8040413.82 436202.46 1492770.56 4746.50 -814447.87 -9159685.47 -802151371.56 0.00208801 0.01350020 0.00953747 0.00338291 0.00137807 0.00246953 0.00258555 0.00264724 0.00268501 0.00269881 0.00268827 0.00265286 0.00259169 0.00250322 0.00238528 0.00223552 0.00205189 0.00183309 0.00114848 0.00015254 -0.00012910 -0.00004731 -0.00000664 0.00000146 -0.00000007 0.00033102 0.00472271 0.00238974 0.33238634 30.94654 
0.420 0.01331891 5 -8817479.33 43022.72 704259.03 94986.02 -820081.01 -8839666.08 -795113060.89 0.00091103 0.01331891 0.01005477 0.00302874 0.00134575 0.00395276 0.00416666 0.00427805 0.00433820 0.00434751 0.00430653 0.00421609 0.00407728 0.00389087 0.00365723 0.00337689 0.00305136 0.00268348 0.00164178 0.00026426 -0.00013209 -0.00005591 -0.00000569 0.00000247 0.00000012 0.00051752 0.00459826 0.00243047 0.35508873 33.32705 
0.450 0.01215347 5 -9258621.73 46758.40 384757.76 145356.99 -841140.16 -8994354.72 -817150062.05 0.00165159 0.01215347 0.00836778 0.00263054 0.00128970 0.00435778 0.00461636 0.00475588 0.00483632 0.00485807 0.00482175 0.00472838 0.00457928 0.00437533 0.00411683 0.00380479 0.00344248 0.00303522 0.00189110 0.00036644 -0.00010509 -0.00005629 -0.00000650 0.00000268 0.00000054 0.00058640 0.00413331 0.00224911 0.32067777 35.70755 
0.480 0.01264578 5 6878648.83 -779344.89 -1428492.37 -685853.04 661668.25 9110670.88 752423574.27 -0.00198223 -0.01203703 -0.00904423 -0.00356539 -0.00134697 -0.00156868 -0.00162035 -0.00165455 -0.00168776 -0.00171851 -0.00174447 -0.00176266 -0.00176947 -0.00176084 -0.00173244 -0.00167966 -0.00159744 -0.00148139 -0.00102354 -0.00021405 0.00007840 0.00003645 0.00000357 -0.00000415 -0.00000432 -0.00024065 -0.00449631 -0.00223560 -0.31503419 38.08805 
0.510 0.01386553 5 5805603.88 -901309.95 -1847892.42 -957895.07 624200.33 8888500.99 703072927.98 -0.00056317 -0.01315420 -0.01091654 -0.00360405 -0.00146053 -0.00108071 -0.00106056 -0.00104959 -0.00105001 -0.00106034 -0.00107827 -0.00110081 -0.00112435 -0.00114479 -0.00115784 -0.00115881 -0.00114231 -0.00110306 -0.00085952 -0.00025687 0.00004116 0.00003195 0.00000384 -0.00000337 -0.00000374 -0.00016971 -0.00484040 -0.00235922 -0.34593863 40.46856 
0.540 0.01509733 5 4482424.38 -1031544.86 -2230788.52 -1399112.86 520944.40 8622926.21 637445747.08 0.00061712 -0.01432102 -0.01246670 -0.00367634 -0.00126253 -0.00008034 0.00000959 0.00005986 0.00008331 0.00008145 0.00005667 0.00001205 -0.00004869 -0.00012133 -0.00020148 -0.00028415 -0.00036341 -0.00043316 -0.00050249 -0.00026399 -0.00001366 0.00001984 0.00000507 -0.00000190 -0.00000323 -0.00004127 -0.00505101 -0.00238972 -0.35558594 42.84906 
0.570 0.01562493 5 3505438.03 -1147728.46 -2384651.18 -1799016.46 512773.17 8324060.95 585006555.56 0.00149233 -0.01481899 -0.01344889 -0.00374127 -0.00108459 0.00064661 0.00077943 0.00085239 0.00088820 0.00088838 0.00085532 0.00079213 0.00070258 0.00059091 0.00046164 0.00031997 0.00017202 0.00002417 -0.00026818 -0.00029776 -0.00006767 0.00001006 0.00000604 -0.00000079 -0.00000283 0.00004647 -0.00513340 -0.00238173 -0.35966349 45.22956 
0.600 0.01523848 5 2783435.17 -1311326.29 -2437390.50 -2083460.32 645139.68 7970472.60 547027715.33 0.00201094 -0.01444077 -0.01376930 -0.00380981 -0.00098687 0.00116429 0.00133119 0.00142411 0.00147165 0.00147534 0.00143759 0.00136156 0.00125108 0.00111056 0.00094476 0.00075920 0.00056016 0.00035427 -0.00009882 -0.00032442 -0.00010578 0.00000450 0.00000650 -0.00000019 -0.00000255 0.00011016 -0.00507711 -0.00232151 -0.35667360 47.61007 
0.630 0.01411759 5 2362666.91 -1413068.51 -2469484.61 -2256957.10 846800.92 7655376.22 523928963.79 0.00213878 -0.01335747 -0.01341233 -0.00388555 -0.00098908 0.00142377 0.00161129 0.00171759 0.00177420 0.00178253 0.00174490 0.00166436 0.00154467 0.00139022 0.00120586 0.00099717 0.00077036 0.00053264 -0.00000596 -0.00033564 -0.00012232 0.00000276 0.00000616 -0.00000009 -0.00000231 0.00014426 -0.00490633 -0.00222334 -0.34766201 49.99057 
0.660 0.01284000 4 1583358.55 -1535366.08 -2594995.24 -2539890.11 937039.40 7316570.58 482120987.14 0.00226521 -0.01207152 -0.01284000 -0.00396570 -0.00096197 0.00199688 0.00222474 0.00235418 0.00242427 0.00243643 0.00239298 0.00229697 0.00215222 0.00196325 0.00173518 0.00147387 0.00118594 0.00088094 0.00017966 -0.00034133 -0.00015381 -0.00000306 0.00000652 0.00000039 -0.00000218 0.00021575 -0.00465928 -0.00206955 -0.32938649 52.37107 
0.690 0.01215890 4 657643.36 -1743896.91 -2702314.19 -2738161.19 979521.54 6862494.11 431827387.77 0.00242483 -0.01075691 -0.01215890 -0.00412122 -0.00091549 0.00271203 0.00298389 0.00313640 0.00321805 0.00323016 0.00317497 0.00305548 0.00287548 0.00263952 0.00235285 0.00202157 0.00165358 0.00126419 0.00037185 -0.00035083 -0.00018424 -0.00000701 0.00000686 0.00000070 -0.00000208 0.00030008 -0.00439251 -0.00189970 -0.30861132 54.75157 
0.720 0.01456506 3 9848265.66 -539971.16 39622.28 3324485.41 1922411.86 5101717.26 753856343.44 0.01020888 -0.00224615 -0.01058607 -0.01448560 -0.00478535 -0.00686495 -0.00728522 -0.00751938 -0.00765590 -0.00769419 -0.00763348 -0.00747365 -0.00721844 -0.00687999 -0.00647257 -0.00599883 -0.00545024 -0.00482475 -0.00303652 -0.00064914 0.00008101 0.00005276 0.00000581 -0.00000493 -0.00000414 -0.00093646 -0.00627405 -0.00343860 -0.76480198 57.13208 
0.750 0.01455804 3 9440213.46 -770096.78 478090.73 3378640.49 1898807.98 4454771.03 712282715.56 0.01125260 -0.00023415 -0.00890979 -0.01441514 -0.00609237 -0.00775991 -0.00810412 -0.00826779 -0.00832627 -0.00828004 -0.00813012 -0.00788009 -0.00754211 -0.00713749 -0.00668141 -0.00617253 -0.00559675 -0.00495083 -0.00313070 -0.00069927 0.00005790 0.00004686 0.00000599 -0.00000433 -0.00000397 -0.00099130 -0.00603901 -0.00335755 -0.77688065 59.51258 
0.780 0.01477053 3 -7967799.55 1016511.32 -412771.08 -4382899.25 -1930326.43 -2258314.11 -575488276.64 -0.01431516 -0.00830910 0.00122372 0.01477053 0.01144972 0.01226460 0.01240298 0.01238606 0.01226261 0.01203355 0.01169990 0.01126126 0.01071337 0.01004740 0.00925136 0.00833199 0.00732109 0.00626530 0.00371365 0.00059623 -0.00036648 -0.00016207 0.00000949 0.00001596 0.00000254 0.00135144 0.00520461 0.00315771 0.84322947 61.89308 
0.810 0.01804787 3 -7598299.11 1454931.41 -345508.95 -4522074.17 -1965722.36 -2219925.03 -579237671.91 -0.01688388 -0.00933432 0.00220074 0.01804787 0.01258210 0.01192583 0.01201665 0.01197174 0.01182961 0.01159120 0.01125749 0.01082842 0.01030139 0.00966875 0.00891998 0.00805946 0.00710783 0.00610382 0.00364260 0.00058253 -0.00037991 -0.00016592 0.00000985 0.00001604 0.00000231 0.00130557 0.00614479 0.00357408 0.96137748 64.27359 
0.840 0.02098179 3 -8195749.01 1268039.64 -632949.35 -3700023.84 -1956149.00 -3174666.46 -626752731.10 -0.02010578 -0.00580355 0.00750086 0.02098179 0.01277477 0.01183203 0.01196595 0.01195557 0.01184542 0.01163631 0.01132921 0.01092468 0.01042162 0.00981467 0.00909607 0.00826945 0.00735294 0.00637769 0.00391414 0.00069962 -0.00039337 -0.00018349 0.00001055 0.00001792 0.00000275 0.00133257 0.00791697 0.00441918 1.13358676 66.65409 
0.870 0.02361746 3 -8295031.34 926095.32 -122888.33 -3267804.21 -2000325.05 -3830109.09 -648555736.32 -0.02245948 0.00045481 0.01354611 0.02360725 0.01198014 0.01062238 0.01082091 0.01087267 0.01083160 0.01069745 0.01046972 0.01014730 0.00972765 0.00920420 0.00857017 0.00783181 0.00700976 0.00613016 0.00385008 0.00074043 -0.00037495 -0.00018274 0.00000933 0.00001727 0.00000256 0.00124818 0.00977973 0.00524757 1.27070507 69.03459 
0.900 0.02557610 3 -8649410.83 910601.73 -121608.41 -2989309.08 -1855276.30 -4593818.76 -689399353.03 -0.02433689 0.00655194 0.01833917 0.02550470 0.01191442 0.01023562 0.01045396 0.01052845 0.01051693 0.01041870 0.01023272 0.00995725 0.00958904 0.00912061 0.00854247 0.00785633 0.00707928 0.00623943 0.00404450 0.00091960 -0.00034319 -0.00019706 0.00000856 0.00001830 0.00000266 0.00124618 0.01150196 0.00605385 1.39933997 71.41510 
0.930 0.02588481 3 -9166437.62 694244.80 -492746.14 -2947390.46 -1829776.84 -4590768.98 -696896769.97 -0.02467394 0.00386788 0.01645738 0.02586247 0.01339360 0.01157623 0.01174697 0.01176693 0.01168831 0.01151129 0.01123620 0.01086306 0.01039041 0.00981218 0.00912088 0.00832149 0.00743649 0.00650038 0.00414862 0.00090659 -0.00039084 -0.00021724 0.00001030 0.00002029 0.00000290 0.00134297 0.01142064 0.00606714 1.42751209 73.79560 
0.960 0.02629012 3 -5524328.12 2664987.13 326895.74 -3495066.25 -1968704.06 -3052440.68 -574339982.43 -0.02403767 -0.00316500 0.01207720 0.02627571 0.01331090 0.00829856 0.00825490 0.00816756 0.00804240 0.00788004 0.00768078 0.00744396 0.00716499 0.00683113 0.00642782 0.00595329 0.00542205 0.00485614 0.00333276 0.00086499 -0.00033020 -0.00020618 0.00001102 0.00002008 0.00000290 0.00096019 0.00998954 0.00519294 1.30673286 76.17610 
0.990 0.02728497 3 -4884215.92 2504332.89 755237.46 -3429589.06 -2009680.14 -2704517.07 -530855512.66 -0.02479121 -0.00373753 0.01232783 0.02724707 0.01323719 0.00776858 0.00772130 0.00763989 0.00752756 0.00738470 0.00721125 0.00700559 0.00676020 0.00645737 0.00607868 0.00562241 0.00510868 0.00456658 0.00314738 0.00082627 -0.00034192 -0.00021326 0.00001220 0.00002086 0.00000281 0.00090184 0.01009841 0.00521298 1.32383268 78.55661 
1.020 0.02833896 3 -4562538.09 173240.00 3979372.35 -3209336.52 -2569450.44 -2936363.48 -483956729.80 -0.02690118 -0.00343857 0.01353522 0.02814982 0.01458804 0.00927012 0.00919470 0.00908188 0.00893293 0.00874739 0.00852422 0.00826015 0.00794440 0.00755485 0.00706964 0.00648787 0.00583436 0.00514420 0.00335131 0.00063351 -0.00053602 -0.00026307 0.00001868 0.00002448 0.00000135 0.00102616 0.01078955 0.00560301 1.42217089 80.93711 
1.050 0.03049224 3 -4227213.60 137362.14 4306071.45 -3593202.86 -2631433.12 -2446011.21 -456320934.36 -0.02840748 -0.00524264 0.01311225 0.03029590 0.01522775 0.00913466 0.00904613 0.00892383 0.00876734 0.00857623 0.00834943 0.00808338 0.00776609 0.00737365 0.00688371 0.00629570 0.00563676 0.00494463 0.00317413 0.00054537 -0.00054097 -0.00025375 0.00001915 0.00002385 0.00000121 0.00099528 0.01107721 0.00572145 1.47669472 83.31761 
1.080 0.03255199 3 -3664307.97 113772.17 4780500.63 -4155692.97 -2714088.41 -1688799.39 -411983785.69 -0.02976988 -0.00895831 0.01084328 0.03235941 0.01654171 0.00943205 0.00929451 0.00913348 0.00894164 0.00871863 0.00846341 0.00817178 0.00782957 0.00740915 0.00688581 0.00626346 0.00557362 0.00485662 0.00306709 0.00048705 -0.00054287 -0.00024628 0.00002003 0.00002350 0.00000104 0.00099768 0.01103770 0.00570420 1.51855221 85.69812 
1.110 0.03383500 3 -2512753.32 222179.47 5579518.24 -4792154.87 -2788999.52 -733296.64 -343656365.53 -0.03002127 -0.01186601 0.00838209 0.03359782 0.01692884 0.00851279 0.00830514 0.00810038 0.00787953 0.00764231 0.00738764 0.00711129 0.00679939 0.00642476 0.00596207 0.00541199 0.00479602 0.00416284 0.00263741 0.00040953 -0.00050814 -0.00022704 0.00001997 0.00002175 0.00000049 0.00086765 0.01064913 0.00545298 1.49576395 88.07862 
1.140 0.03469353 3 -1374160.38 268691.33 6313175.83 -5476896.44 -2688209.92 209078.82 -268558675.77 -0.03000543 -0.01373003 0.00638554 0.03441080 0.01702628 0.00750722 0.00723006 0.00698280 0.00673415 0.00648381 0.00623073 0.00597080 0.00569051 0.00536239 0.00495672 0.00446929 0.00392956 0.00338356 0.00213199 0.00030486 -0.00047990 -0.00021178 0.00002005 0.00002022 -0.00000014 0.00072354 0.01028430 0.00520540 1.46235223 90.45912 
1.170 0.03521042 3 -371736.85 341695.22 6796323.90 -6072282.51 -2545934.74 1108461.28 -197157378.60 -0.02987369 -0.01486102 0.00504294 0.03491711 0.01692923 0.00659828 0.00625431 0.00596528 0.00568778 0.00542151 0.00516542 0.00491567 0.00465918 0.00436827 0.00401169 0.00358162 0.00310524 0.00262944 0.00160681 0.00016888 -0.00047574 -0.00020877 0.00002081 0.00001983 -0.00000062 0.00058486 0.00999869 0.00499784 1.42968081 92.83963 
1.200 0.03577709 3 269844.86 411142.13 6976794.20 -6452638.70 -2442607.67 1777154.90 -146435389.87 -0.02992466 -0.01534379 0.00448194 0.03549771 0.01673278 0.00588978 0.00550662 0.00519367 0.00490022 0.00462601 0.00436998 0.00412857 0.00388919 0.00362459 0.00330284 0.00291384 0.00248264 0.00205572 0.00118641 0.00003724 -0.00046491 -0.00019617 0.00002045 0.00001862 -0.00000087 0.00047906 0.00989849 0.00489467 1.41407715 95.22013 
