0.001 0.00014520 5 49003.53 -894.48 -15968.13 -11866.99 1799.02 75934.11 5564988.27 -0.00001722 -0.00007766 -0.00012809 -0.00003392 0.00000469 0.00005671 0.00006079 0.00005668 0.00005087 0.00004400 0.00003646 0.00002882 0.00002161 0.00001516 0.00000957 0.00000479 0.00000082 -0.00000241 -0.00000484 0.00000040 0.00001001 -0.00000016 -0.00001042 -0.00000155 0.00000179 0.00000372 -0.00004106 -0.00001727 -0.00260826 0.06933 
0.030 0.00252125 5 -2048861.31 49887.57 69104.71 147528.07 -51738.04 -2263643.62 -189142347.11 0.00110018 0.00252125 0.00104981 0.00065093 0.00040874 0.00042939 0.00043477 0.00042345 0.00040304 0.00037290 0.00033309 0.00028436 0.00022992 0.00017523 0.00012471 0.00008110 0.00004590 0.00001926 -0.00001023 -0.00000917 0.00000691 -0.00000095 -0.00001107 -0.00000323 -0.00000021 0.00002817 0.00087226 0.00042386 0.04948161 2.07983 
0.060 0.00451231 5 -3973167.55 45968.09 -20357.86 157426.58 -108501.60 -4047702.77 -349478709.06 0.00194810 0.00451231 0.00193846 0.00119466 0.00077214 0.00098689 0.00100709 0.00099445 0.00096165 0.00090785 0.00083269 0.00073677 0.00062396 0.00050141 0.00037862 0.00026543 0.00016931 0.00009339 -0.00000303 -0.00002558 0.00000244 -0.00000034 -0.00001086 -0.00000353 -0.00000088 0.00007172 0.00159504 0.00078582 0.09414789 4.15966 
0.090 0.00624436 5 -5838731.00 -44538.08 -180973.05 126080.36 -176509.08 -5562791.14 -491912864.65 0.00267650 0.00624436 0.00271218 0.00168126 0.00112370 0.00161309 0.00164845 0.00163071 0.00157858 0.00149234 0.00137313 0.00122327 0.00104787 0.00085619 0.00066069 0.00047531 0.00031397 0.00018394 0.00001071 -0.00004267 -0.00000231 0.00000042 -0.00001080 -0.00000349 -0.00000093 0.00012004 0.00224007 0.00111386 0.13566659 6.23948 
0.120 0.00789180 5 -4645199.58 604840.38 892196.70 878248.27 -101564.87 -6918920.05 -529769470.57 0.00316561 0.00789180 0.00348416 0.00197840 0.00105217 0.00042113 0.00041214 0.00039973 0.00038932 0.00038004 0.00036932 0.00035320 0.00032685 0.00028712 0.00023583 0.00017970 0.00012630 0.00008002 0.00001264 -0.00001200 0.00000552 -0.00000120 -0.00001255 -0.00000375 -0.00000072 0.00003479 0.00263212 0.00125236 0.14373389 8.31931 
0.150 0.00974480 5 -5303600.15 865993.23 1327590.02 990851.77 -168507.73 -8319527.45 -635688703.80 0.00392913 0.00974480 0.00433507 0.00250587 0.00127733 0.00017381 0.00014493 0.00012617 0.00011810 0.00012038 0.00013132 0.00014877 0.00016724 0.00017804 0.00017373 0.00015355 0.00012294 0.00009008 0.00003022 -0.00000421 0.00000565 -0.00000185 -0.00001262 -0.00000369 -0.00000077 0.00001762 0.00326120 0.00153813 0.17565752 10.39914 
0.180 0.01148923 5 -5801006.50 1176411.95 1659830.94 1073667.11 -215413.59 -9495502.91 -725445626.14 0.00462957 0.01148923 0.00505582 0.00296956 0.00149522 -0.00017747 -0.00023721 -0.00027057 -0.00028379 -0.00027683 -0.00025032 -0.00020528 -0.00014441 -0.00007530 -0.00000994 0.00003954 0.00006515 0.00006993 0.00004765 0.00001197 0.00000746 -0.00000289 -0.00001250 -0.00000350 -0.00000074 -0.00001268 0.00382628 0.00178694 0.20198659 12.47897 
0.210 0.01264262 5 -5708011.74 1162671.39 1896892.75 1157863.80 -165893.22 -9759546.46 -732976731.03 0.00447665 0.01264262 0.00639887 0.00305092 0.00146091 -0.00052422 -0.00061855 -0.00067157 -0.00069699 -0.00069453 -0.00066437 -0.00060689 -0.00052320 -0.00041634 -0.00029486 -0.00017427 -0.00007109 0.00000210 0.00006096 0.00003832 0.00001193 -0.00000417 -0.00001221 -0.00000314 -0.00000059 -0.00004843 0.00418802 0.00193752 0.22366035 14.55879 
0.240 0.01361070 5 -4143923.02 1572784.34 2770621.21 1203161.79 -99997.38 -9590492.99 -683667301.67 0.00344714 0.01361070 0.00819182 0.00282821 0.00118608 -0.00162281 -0.00180034 -0.00189334 -0.00193301 -0.00191931 -0.00185300 -0.00173537 -0.00156863 -0.00135714 -0.00111079 -0.00084706 -0.00058677 -0.00035514 -0.00002379 0.00007856 0.00002682 -0.00000430 -0.00001166 -0.00000267 -0.00000032 -0.00016153 0.00435220 0.00195440 0.23076992 16.63862 
0.270 0.01447782 5 -2319873.62 2175335.67 3602540.13 1322176.69 -173040.37 -9246885.74 -626296129.33 0.00231023 0.01447782 0.00985384 0.00279288 0.00096157 -0.00302904 -0.00331552 -0.00346319 -0.00352521 -0.00350227 -0.00339633 -0.00321024 -0.00294816 -0.00261695 -0.00223052 -0.00181051 -0.00138102 -0.00097112 -0.00025009 0.00012882 0.00005570 -0.00000282 -0.00001150 -0.00000235 -0.00000001 -0.00031686 0.00452279 0.00195185 0.23605717 18.71845 
0.300 0.01485219 5 -789693.43 2763605.89 4259875.88 1445972.10 -231470.45 -9027676.84 -583768838.34 0.00191988 0.01485219 0.01051893 0.00275684 0.00085755 -0.00435594 -0.00475187 -0.00495721 -0.00504682 -0.00502162 -0.00488396 -0.00463724 -0.00428714 -0.00384525 -0.00333129 -0.00277162 -0.00219433 -0.00163124 -0.00054510 0.00017670 0.00010561 0.00000280 -0.00001224 -0.00000254 0.00000026 -0.00046991 0.00457740 0.00189615 0.22639075 20.79828 
0.330 0.01512270 5 -653176.04 3152702.86 3938450.63 1436675.64 -191762.52 -8989242.65 -587338455.95 0.00180115 0.01512270 0.01067637 0.00265983 0.00115707 -0.00454423 -0.00500502 -0.00525932 -0.00539118 -0.00540136 -0.00529201 -0.00506637 -0.00472962 -0.00429187 -0.00377171 -0.00319475 -0.00258820 -0.00198332 -0.00074339 0.00017721 0.00013111 0.00000729 -0.00001274 -0.00000275 0.00000048 -0.00052129 0.00468776 0.00192059 0.23016409 22.87810 
0.360 0.01503450 5 -8336519.47 -4441318.78 -6891802.07 -4944675.24 -207530.37 8148806.99 207839789.26 0.00027215 -0.01436751 -0.01273791 -0.00376403 0.00010267 0.01068824 0.01140622 0.01170042 0.01173320 0.01151539 0.01106466 0.01040509 0.00956742 0.00858860 0.00751015 0.00637713 0.00523599 0.00413299 0.00188493 -0.00007205 -0.00026993 -0.00005424 0.00000894 0.00000542 -0.00000147 0.00111868 -0.00453688 -0.00153251 -0.18365474 24.95793 
0.390 0.01502361 5 -9774898.40 -4705356.89 -7449811.73 -5169133.95 -358122.38 7907526.55 146747168.16 0.00027426 -0.01436492 -0.01298679 -0.00350369 0.00031889 0.01225600 0.01308399 0.01344299 0.01351765 0.01331871 0.01286386 0.01217739 0.01129042 0.01024055 0.00907030 0.00782617 0.00655652 0.00530989 0.00265069 0.00009139 -0.00034247 -0.00009142 0.00001163 0.00000904 -0.00000106 0.00133972 -0.00442617 -0.00136320 -0.15046652 27.03776 
0.420 0.01529436 5 -10842903.25 -5359545.42 -7428485.30 -5325403.89 -437551.35 7708082.70 115138321.56 0.00042076 -0.01462935 -0.01342833 -0.00334613 0.00040814 0.01353665 0.01446088 0.01487929 0.01499570 0.01482062 0.01437162 0.01367295 0.01275577 0.01165770 0.01042141 0.00909407 0.00772534 0.00636546 0.00336513 0.00026975 -0.00040229 -0.00013033 0.00001425 0.00001310 -0.00000037 0.00153124 -0.00443159 -0.00126400 -0.13044263 29.11759 
0.450 0.01550401 5 -11471120.86 -6026428.44 -6905624.97 -5540635.40 -575053.63 7576621.58 97556152.78 0.00038365 -0.01483601 -0.01366283 -0.00304035 0.00062860 0.01442963 0.01539980 0.01584592 0.01597981 0.01581197 0.01536001 0.01464826 0.01370790 0.01257639 0.01129617 0.00991483 0.00848344 0.00705388 0.00384905 0.00041639 -0.00042772 -0.00015461 0.00001568 0.00001558 0.00000006 0.00165937 -0.00434150 -0.00115370 -0.10684607 31.19742 
0.480 0.01544040 5 -12003195.33 -6538492.85 -6510442.53 -5644303.45 -687665.38 7377708.89 78152247.53 0.00043271 -0.01476669 -0.01381401 -0.00297030 0.00081923 0.01523918 0.01625655 0.01673253 0.01688786 0.01673288 0.01628507 0.01556861 0.01461434 0.01345897 0.01214392 0.01071675 0.00923018 0.00773831 0.00434515 0.00058034 -0.00044827 -0.00018116 0.00001698 0.00001834 0.00000057 0.00178322 -0.00426734 -0.00105314 -0.08834859 33.27724 
0.510 0.01505141 5 -12387607.54 -7022587.05 -6116502.93 -5677851.19 -686294.94 7115628.58 65161119.18 0.00050683 -0.01437244 -0.01377740 -0.00292570 0.00085377 0.01579577 0.01686086 0.01736952 0.01755077 0.01741482 0.01697904 0.01626743 0.01531043 0.01414361 0.01280671 0.01134699 0.00981961 0.00828206 0.00475279 0.00073448 -0.00045130 -0.00020073 0.00001786 0.00002048 0.00000105 0.00187986 -0.00418356 -0.00096253 -0.07476691 35.35707 
0.540 0.01451835 5 -12628594.44 -7434221.08 -5690337.53 -5647047.57 -649696.76 6792708.49 53950877.87 0.00056528 -0.01384244 -0.01365140 -0.00286032 0.00088460 0.01613664 0.01723152 0.01776153 0.01796067 0.01783905 0.01741390 0.01670904 0.01575428 0.01458341 0.01323379 0.01175294 0.01019860 0.00863168 0.00502585 0.00086096 -0.00043381 -0.00020871 0.00001783 0.00002147 0.00000142 0.00194352 -0.00407155 -0.00087620 -0.06304613 37.43690 
0.570 0.01492906 4 -644426.26 395597.07 4540709.27 3104128.04 -1858321.62 -6826539.01 -417947866.09 -0.00392123 0.01360419 0.01483449 0.00493624 0.00148341 -0.00120881 -0.00139356 -0.00147461 -0.00148862 -0.00143647 -0.00132131 -0.00114831 -0.00092851 -0.00068212 -0.00043353 -0.00019987 0.00001637 0.00021644 0.00052443 0.00034997 -0.00002406 -0.00005041 -0.00000500 -0.00000023 -0.00000321 -0.00006868 0.00541559 0.00250221 0.42090880 39.51673 
0.600 0.01562658 4 -1285382.80 -150636.87 4572719.05 2863272.73 -1975441.78 -6595295.92 -419021360.23 -0.00491752 0.01381995 0.01552827 0.00535875 0.00179934 -0.00044308 -0.00060799 -0.00069405 -0.00073084 -0.00071854 -0.00065834 -0.00055258 -0.00040866 -0.00024451 -0.00008462 0.00005625 0.00018457 0.00031361 0.00055341 0.00036326 -0.00003311 -0.00005770 -0.00000440 0.00000042 -0.00000323 -0.00000816 0.00567110 0.00265415 0.45999790 41.59655 
0.630 0.01625492 4 -1939171.67 -763903.35 4666654.61 2634153.38 -2106408.62 -6369667.68 -419157388.96 -0.00592379 0.01396507 0.01615572 0.00576311 0.00215412 0.00051260 0.00038139 0.00030079 0.00025024 0.00022997 0.00023980 0.00027865 0.00034085 0.00040964 0.00045985 0.00047983 0.00048726 0.00051139 0.00061990 0.00036731 -0.00005184 -0.00006734 -0.00000346 0.00000137 -0.00000321 0.00007620 0.00591707 0.00281426 0.50141108 43.67638 
0.660 0.01683290 4 -2545649.09 -1382204.50 4832786.55 2413932.54 -2273130.78 -6137032.90 -418561844.07 -0.00693398 0.01401672 0.01673302 0.00618701 0.00251464 0.00159983 0.00151821 0.00145736 0.00140772 0.00136973 0.00134378 0.00132943 0.00132085 0.00129875 0.00123466 0.00111977 0.00098342 0.00087212 0.00077152 0.00037990 -0.00007608 -0.00007849 -0.00000223 0.00000251 -0.00000318 0.00018696 0.00615300 0.00298370 0.54545364 45.75621 
0.690 0.01737075 4 -3108764.03 -1969295.57 5062057.41 2173232.06 -2483373.25 -5891384.68 -419040130.55 -0.00793657 0.01396201 0.01727126 0.00664960 0.00287809 0.00272085 0.00269630 0.00266487 0.00262855 0.00258787 0.00254353 0.00249535 0.00243639 0.00234241 0.00217784 0.00193461 0.00165247 0.00139481 0.00102900 0.00042045 -0.00009867 -0.00009096 -0.00000089 0.00000382 -0.00000312 0.00031665 0.00638339 0.00316060 0.59169428 47.83604 
0.720 0.01786834 4 -3574404.74 -2557934.18 5473226.14 1856506.20 -2715892.38 -5630310.53 -418194767.57 -0.00893526 0.01381066 0.01777582 0.00719026 0.00323325 0.00377906 0.00381094 0.00381187 0.00379487 0.00376048 0.00370954 0.00364178 0.00354839 0.00339844 0.00314757 0.00278685 0.00236402 0.00196184 0.00132009 0.00047118 -0.00012099 -0.00010557 0.00000075 0.00000537 -0.00000307 0.00044684 0.00661388 0.00333780 0.63872575 49.91586 
0.750 0.01830878 4 -3960944.51 -3101484.30 5924896.35 1523843.81 -2920423.15 -5387777.22 -416465098.41 -0.00993063 0.01363183 0.01822696 0.00776669 0.00360128 0.00483288 0.00492007 0.00495482 0.00496045 0.00493748 0.00488679 0.00480787 0.00468952 0.00449302 0.00416459 0.00369111 0.00312584 0.00257618 0.00164979 0.00053388 -0.00014280 -0.00012105 0.00000254 0.00000703 -0.00000303 0.00058180 0.00684404 0.00351739 0.68639585 51.99569 
0.780 0.01868473 4 -4267734.66 -3614515.70 6408636.93 1195826.07 -3096533.88 -5161148.08 -412790367.81 -0.01092856 0.01342983 0.01861378 0.00838334 0.00398286 0.00588225 0.00602237 0.00609116 0.00612114 0.00611279 0.00606698 0.00598286 0.00584641 0.00561045 0.00521112 0.00462670 0.00391751 0.00321693 0.00200133 0.00060098 -0.00016322 -0.00013581 0.00000429 0.00000861 -0.00000300 0.00071928 0.00707256 0.00369755 0.73438279 54.07552 
0.810 0.01981304 3 -3214893.84 4609587.70 -494397.98 -2067730.48 -1810596.25 -3451756.84 -544133426.74 -0.02287268 -0.00492830 0.00699879 0.01981304 0.01868535 0.01483099 0.01431492 0.01387608 0.01345344 0.01304731 0.01265666 0.01227418 0.01186473 0.01135489 0.01065324 0.00970236 0.00855705 0.00736195 0.00482797 0.00179463 0.00004089 -0.00025027 0.00000425 0.00002374 0.00000393 0.00160078 0.00921067 0.00516812 1.30068991 56.15535 
0.840 0.02161063 3 -2922764.75 4801463.34 -474708.79 -2303799.72 -1891883.82 -3053835.76 -527124384.88 -0.02454095 -0.00625569 0.00682635 0.02161063 0.01970193 0.01535302 0.01479984 0.01433479 0.01388784 0.01345946 0.01304863 0.01264688 0.01221437 0.01166950 0.01090748 0.00986712 0.00862395 0.00734070 0.00470631 0.00169562 0.00003060 -0.00024296 0.00000469 0.00002302 0.00000372 0.00162779 0.00962037 0.00537452 1.37033018 58.23517 
0.870 0.02399560 3 -2689921.06 4942433.85 -337290.23 -2811856.69 -2011680.82 -2471527.17 -507771672.67 -0.02651983 -0.00796344 0.00646817 0.02399560 0.02072053 0.01605005 0.01548468 0.01501127 0.01455658 0.01412118 0.01370399 0.01329486 0.01284789 0.01227170 0.01144449 0.01030604 0.00895028 0.00755619 0.00473444 0.00162894 0.00001694 -0.00024158 0.00000518 0.00002279 0.00000353 0.00169130 0.01006559 0.00561697 1.45354817 60.31500 
0.900 0.02620880 3 -2436769.65 5053468.89 -190093.57 -3287770.22 -2134867.02 -1877507.73 -485702941.94 -0.02833868 -0.00954515 0.00609512 0.02620880 0.02159757 0.01669685 0.01612083 0.01564045 0.01517961 0.01473894 0.01431722 0.01390236 0.01344231 0.01283482 0.01194128 0.01070780 0.00923806 0.00773248 0.00473938 0.00155541 -0.00000081 -0.00024080 0.00000603 0.00002271 0.00000331 0.00174859 0.01045098 0.00582806 1.52788861 62.39483 
0.930 0.02842175 3 -2188374.05 5144587.21 -17152.82 -3721800.45 -2245091.07 -1348916.93 -465385499.88 -0.03008102 -0.01091332 0.00579403 0.02842175 0.02241786 0.01731440 0.01672538 0.01623678 0.01576912 0.01532306 0.01489717 0.01447718 0.01400469 0.01336521 0.01240540 0.01107853 0.00948524 0.00785957 0.00470952 0.00147486 -0.00001420 -0.00023656 0.00000668 0.00002230 0.00000307 0.00180050 0.01086078 0.00604775 1.60128934 64.47466 
0.960 0.03057965 3 -1936759.30 5220535.71 184119.19 -4119008.00 -2331591.03 -890815.17 -446665712.18 -0.03186516 -0.01204538 0.00550648 0.03057965 0.02332360 0.01811946 0.01751411 0.01701470 0.01653779 0.01608403 0.01565167 0.01522369 0.01473469 0.01405657 0.01302366 0.01159066 0.00984411 0.00807156 0.00473682 0.00141665 -0.00002116 -0.00023129 0.00000685 0.00002175 0.00000289 0.00187412 0.01130648 0.00629579 1.67873162 66.55449 
0.990 0.03258168 3 -1678426.87 5276323.25 384343.63 -4466408.53 -2393043.86 -479641.35 -427642422.11 -0.03359119 -0.01312724 0.00509024 0.03258168 0.02426754 0.01910828 0.01848285 0.01796966 0.01748053 0.01701611 0.01657417 0.01613432 0.01562386 0.01490004 0.01378797 0.01223187 0.01030474 0.00836310 0.00482323 0.00138375 -0.00002424 -0.00022669 0.00000699 0.00002130 0.00000275 0.00196865 0.01171525 0.00653763 1.75388179 68.63431 
1.020 0.03434089 3 -1404011.65 5300801.85 575505.31 -4736257.64 -2441036.63 -103024.54 -406877499.81 -0.03512005 -0.01431243 0.00445041 0.03434089 0.02519919 0.02018147 0.01953306 0.01900369 0.01849986 0.01802220 0.01756795 0.01711293 0.01657667 0.01580188 0.01460673 0.01291270 0.01079983 0.00868552 0.00492815 0.00135423 -0.00003093 -0.00022438 0.00000722 0.00002104 0.00000265 0.00207092 0.01203228 0.00674057 1.82010377 70.71414 
1.050 0.03620125 3 -1157616.29 5385615.82 717519.31 -5071868.75 -2427727.84 238845.17 -389609920.64 -0.03664969 -0.01521930 0.00333376 0.03620125 0.02644038 0.02177429 0.02108613 0.02052687 0.01999513 0.01949155 0.01901264 0.01852831 0.01794749 0.01709419 0.01577832 0.01388108 0.01152034 0.00917121 0.00508663 0.00130630 -0.00004338 -0.00022154 0.00000765 0.00002073 0.00000247 0.00221957 0.01240865 0.00699597 1.89431508 72.79397 
1.080 0.03786052 3 -784921.43 5402008.02 946900.02 -5355963.64 -2408164.22 630298.39 -362319307.60 -0.03814800 -0.01603824 0.00235102 0.03786052 0.02749205 0.02346385 0.02272286 0.02212409 0.02155602 0.02101926 0.02050972 0.01999052 0.01936082 0.01842888 0.01699143 0.01488735 0.01227172 0.00965739 0.00518790 0.00120942 -0.00006569 -0.00021662 0.00000844 0.00002022 0.00000216 0.00236937 0.01271676 0.00721998 1.96144662 74.87380 
1.110 0.03933511 3 -385124.87 5483936.72 1156312.88 -5628335.27 -2360786.01 963746.81 -337931383.35 -0.03955116 -0.01626217 0.00141891 0.03933511 0.02861141 0.02507919 0.02426044 0.02360244 0.02298060 0.02239591 0.02184244 0.02127292 0.02057269 0.01952901 0.01791631 0.01554910 0.01267717 0.00984100 0.00510465 0.00105983 -0.00009752 -0.00020971 0.00000903 0.00001947 0.00000187 0.00248475 0.01307515 0.00744928 2.02382285 76.95362 
1.140 0.03906274 3 -180651.18 5846402.19 1027147.28 -6003716.35 -2181079.45 1130595.16 -333849664.85 -0.04029589 -0.01577364 0.00040702 0.03906274 0.03032770 0.02749372 0.02654779 0.02578687 0.02506790 0.02439232 0.02375078 0.02308062 0.02225408 0.02104868 0.01921518 0.01658356 0.01345150 0.01037813 0.00529626 0.00100379 -0.00014713 -0.00021783 0.00001063 0.00002027 0.00000183 0.00267344 0.01334519 0.00767611 2.07264326 79.03345 
1.170 0.04118718 3 604150.29 5689176.19 1525585.22 -5972713.75 -2262482.69 1624585.32 -280301765.44 -0.04172409 -0.01711915 -0.00004936 0.04118718 0.03020604 0.02789976 0.02690365 0.02611025 0.02537021 0.02468356 0.02404218 0.02337351 0.02253895 0.02129592 0.01934965 0.01653219 0.01319293 0.00993523 0.00471389 0.00063311 -0.00019061 -0.00019277 0.00001053 0.00001770 0.00000121 0.00265274 0.01343721 0.00770825 2.10615030 81.11328 
1.200 0.04167520 3 1110124.96 5784672.89 1693947.75 -6121725.75 -2232831.80 1986061.88 -249490303.92 -0.04259920 -0.01747817 -0.00043890 0.04167520 0.03065700 0.02926275 0.02818544 0.02732852 0.02653458 0.02579968 0.02512079 0.02441147 0.02352017 0.02218591 0.02006774 0.01701946 0.01343188 0.00996245 0.00451388 0.00042794 -0.00023015 -0.00018110 0.00001169 0.00001665 0.00000076 0.00273527 0.01350403 0.00778341 2.13378208 83.19311 
