0.001 0.00011442 4 66927.39 -253.39 4217.91 7649.23 8666.08 46647.58 5180932.64 0.00000740 -0.00004059 -0.00011442 -0.00003292 0.00000071 0.00004331 0.00004753 0.00004426 0.00003971 0.00003439 0.00002855 0.00002263 0.00001703 0.00001200 0.00000757 0.00000369 0.00000036 -0.00000244 -0.00000451 0.00000057 0.00000993 -0.00000024 -0.00001045 -0.00000160 0.00000175 0.00000303 -0.00003318 -0.00001395 -0.00253859 0.19553 
0.030 0.00174466 5 -2100346.32 3458.32 4050.10 -185865.52 -263331.59 -1658657.63 -171732057.17 0.00049443 0.00174466 0.00080761 0.00065075 0.00042579 0.00055240 0.00055275 0.00052620 0.00048195 0.00042353 0.00035569 0.00028456 0.00021541 0.00015276 0.00009952 0.00005692 0.00002491 0.00000241 -0.00001771 -0.00000909 0.00000708 -0.00000083 -0.00001045 -0.00000315 -0.00000033 0.00003028 0.00068605 0.00033769 0.04586028 5.86577 
0.060 0.00335535 5 -3990238.56 54937.62 3573.47 -351317.36 -504509.58 -3192922.70 -330119009.17 0.00092476 0.00335535 0.00164148 0.00126750 0.00081395 0.00105554 0.00105747 0.00101513 0.00094133 0.00084081 0.00072027 0.00058859 0.00045578 0.00033240 0.00022490 0.00013684 0.00006933 0.00002102 -0.00002694 -0.00001950 0.00000585 -0.00000005 -0.00001032 -0.00000338 -0.00000085 0.00006078 0.00133653 0.00065882 0.09036845 11.73154 
0.090 0.00487443 5 -5658964.08 130010.31 42889.77 -506451.96 -716074.10 -4609338.10 -474401626.82 0.00135232 0.00487443 0.00241695 0.00183764 0.00117029 0.00159845 0.00161348 0.00156792 0.00147897 0.00135021 0.00118870 0.00100411 0.00080871 0.00061566 0.00043779 0.00028396 0.00016136 0.00007054 -0.00003011 -0.00003508 0.00000321 0.00000091 -0.00001047 -0.00000342 -0.00000090 0.00010050 0.00194582 0.00096554 0.13285571 17.59732 
0.120 0.00622366 5 -7213157.47 170698.17 37206.44 -656168.39 -902614.66 -5862279.03 -603937766.04 0.00169779 0.00622366 0.00310655 0.00233770 0.00149883 0.00231432 0.00236156 0.00232783 0.00223801 0.00209412 0.00190098 0.00166530 0.00139866 0.00111725 0.00083880 0.00058125 0.00036201 0.00019131 -0.00001849 -0.00006225 -0.00000365 0.00000196 -0.00001067 -0.00000344 -0.00000080 0.00016269 0.00248957 0.00125348 0.17401752 23.46309 
0.150 0.00762882 5 -8384380.63 228399.26 159120.32 -704565.19 -1018355.57 -7048979.45 -713380858.63 0.00206937 0.00762882 0.00385831 0.00278765 0.00176261 0.00288594 0.00296346 0.00294659 0.00286669 0.00272459 0.00252276 0.00226483 0.00195899 0.00162008 0.00126798 0.00092543 0.00061523 0.00035681 0.00001049 -0.00009223 -0.00001322 0.00000265 -0.00001079 -0.00000340 -0.00000066 0.00022010 0.00301877 0.00153205 0.21263602 29.32886 
0.180 0.00919453 5 -8837311.48 268019.09 253748.11 -538212.33 -1062594.59 -7758271.76 -766021426.21 0.00199198 0.00919453 0.00562879 0.00301547 0.00186035 0.00320364 0.00329312 0.00328813 0.00322194 0.00309454 0.00290644 0.00265864 0.00235488 0.00200472 0.00162461 0.00123683 0.00086676 0.00053975 0.00005031 -0.00012780 -0.00002580 0.00000319 -0.00001062 -0.00000333 -0.00000055 0.00025915 0.00360455 0.00182739 0.25833237 35.19463 
0.210 0.01120086 5 -8877308.12 184343.61 326911.71 -106104.97 -1014330.49 -8268127.98 -781663538.05 0.00119623 0.01120086 0.00854954 0.00315884 0.00184511 0.00346737 0.00356060 0.00356298 0.00350803 0.00339525 0.00322408 0.00299393 0.00270533 0.00236214 0.00197493 0.00156247 0.00114963 0.00076463 0.00012054 -0.00017116 -0.00004425 0.00000316 -0.00001005 -0.00000329 -0.00000061 0.00029509 0.00431915 0.00218147 0.32007558 41.06041 
0.240 0.01527887 5 -8145287.33 85753.38 447784.51 382034.52 -772607.31 -8288252.44 -736778201.16 -0.00159292 0.01527887 0.01319562 0.00367797 0.00166589 0.00361943 0.00373002 0.00375095 0.00371691 0.00362721 0.00348089 0.00327672 0.00301379 0.00269270 0.00231839 0.00190403 0.00147088 0.00104649 0.00024932 -0.00021246 -0.00007712 -0.00000018 -0.00000838 -0.00000316 -0.00000108 0.00032869 0.00535966 0.00268709 0.41732253 46.92618 
0.270 0.02099950 5 -7961951.82 -284635.58 317938.76 751230.37 -669291.98 -8077193.40 -696299128.19 -0.00490544 0.02099950 0.01832539 0.00408391 0.00143055 0.00403767 0.00418623 0.00422835 0.00420524 0.00411727 0.00396490 0.00374875 0.00346966 0.00312913 0.00273135 0.00228728 0.00181591 0.00134414 0.00039497 -0.00024406 -0.00010942 -0.00000355 -0.00000714 -0.00000219 -0.00000042 0.00038226 0.00653886 0.00326833 0.52200481 52.79195 
0.300 0.02418793 5 -8165984.70 -304448.79 100464.55 757437.87 -964209.52 -7755228.80 -696005301.85 -0.00682603 0.02418793 0.02140838 0.00439910 0.00135168 0.00451557 0.00470362 0.00477015 0.00476452 0.00468735 0.00453956 0.00432249 0.00403779 0.00368753 0.00327529 0.00280897 0.00230371 0.00178571 0.00067680 -0.00021461 -0.00014874 -0.00001447 -0.00000509 -0.00000048 0.00000008 0.00045520 0.00727586 0.00365256 0.59299525 58.65772 
0.330 0.02527252 5 -8093816.31 -122585.59 66366.46 638423.07 -1208208.67 -7467811.57 -695672142.05 -0.00767080 0.02527252 0.02270334 0.00470898 0.00117804 0.00443088 0.00463876 0.00472395 0.00473874 0.00468363 0.00455947 0.00436751 0.00410932 0.00378675 0.00340252 0.00296182 0.00247520 0.00196494 0.00081408 -0.00019815 -0.00017078 -0.00002067 -0.00000443 0.00000036 0.00000041 0.00046718 0.00755089 0.00378786 0.62025268 64.52350 
0.360 0.02521472 5 -8038775.21 -98122.07 131166.08 610467.23 -1404765.45 -7277521.00 -692744331.48 -0.00776913 0.02521472 0.02278001 0.00442032 0.00112160 0.00464296 0.00486905 0.00496990 0.00500098 0.00496274 0.00485590 0.00468160 0.00444125 0.00413616 0.00376829 0.00334114 0.00286170 0.00234681 0.00111578 -0.00010637 -0.00018979 -0.00003332 -0.00000326 0.00000149 0.00000040 0.00051843 0.00746537 0.00377499 0.61943330 70.38927 
0.390 0.02346445 5 -7263569.26 326156.10 317461.29 388344.43 -1359172.98 -6936358.09 -665295149.23 -0.00755975 0.02346445 0.02148916 0.00396531 0.00100586 0.00425292 0.00445892 0.00455649 0.00459556 0.00457660 0.00450027 0.00436759 0.00417971 0.00393747 0.00364140 0.00329351 0.00289704 0.00245906 0.00131443 -0.00000329 -0.00020309 -0.00004787 -0.00000167 0.00000323 0.00000071 0.00050225 0.00691664 0.00350917 0.57958518 76.25504 
0.420 0.02142876 5 -9244540.77 1090871.79 -1713707.77 88894.95 -587799.22 -8122800.53 -789611021.39 -0.00508798 0.02142876 0.01847530 0.00371043 0.00139557 0.00540202 0.00566763 0.00578875 0.00583352 0.00580176 0.00569334 0.00550823 0.00524677 0.00490982 0.00449766 0.00401337 0.00346612 0.00287529 0.00144614 -0.00005771 -0.00024595 -0.00005290 -0.00000111 0.00000308 -0.00000011 0.00061849 0.00650872 0.00337969 0.54298012 82.12081 
0.450 0.02349458 5 -8607996.20 1269745.43 -1391070.89 107775.11 -515185.27 -8079260.57 -769418664.57 -0.00611364 0.02349458 0.02017125 0.00388356 0.00130286 0.00524113 0.00550808 0.00564219 0.00571034 0.00571191 0.00564592 0.00551120 0.00530648 0.00503057 0.00468207 0.00425665 0.00376036 0.00320565 0.00176063 0.00005424 -0.00027828 -0.00007363 0.00000005 0.00000476 -0.00000009 0.00063961 0.00692167 0.00358449 0.57796474 87.98658 
0.480 0.02548909 5 -8205164.09 1083119.21 -850901.04 73423.73 -483517.82 -8027288.18 -748159878.57 -0.00710986 0.02548909 0.02183548 0.00407504 0.00121739 0.00529820 0.00557978 0.00573407 0.00582744 0.00585874 0.00582627 0.00572792 0.00556118 0.00532319 0.00501098 0.00461824 0.00414196 0.00359654 0.00210033 0.00018697 -0.00029664 -0.00009611 -0.00000060 0.00000649 0.00000032 0.00068402 0.00733630 0.00380245 0.61566459 93.85236 
0.510 0.02772371 5 -11999133.01 -362210.15 -1941610.59 -1153617.52 -669562.31 -7872132.43 -848909897.45 -0.00814418 0.02772371 0.02420945 0.00524872 0.00169987 0.00850760 0.00897919 0.00921297 0.00931886 0.00929755 0.00915046 0.00887976 0.00848836 0.00797966 0.00735773 0.00662962 0.00580908 0.00491967 0.00274738 0.00023151 -0.00037493 -0.00012185 0.00000406 0.00000944 0.00000032 0.00102957 0.00839224 0.00448102 0.74152953 99.71813 
