0.001 0.00011228 4 49979.99 -1753.32 -955.18 3618.57 5753.32 43316.60 4310248.11 0.00000289 -0.00003921 -0.00011228 -0.00002968 0.00000402 0.00004972 0.00005377 0.00004999 0.00004476 0.00003864 0.00003195 0.00002520 0.00001884 0.00001316 0.00000822 0.00000396 0.00000038 -0.00000259 -0.00000476 0.00000038 0.00000974 -0.00000036 -0.00001048 -0.00000168 0.00000166 0.00000330 -0.00003122 -0.00001288 -0.00229044 0.07192 
0.030 0.00149802 5 -1806606.00 56544.38 -66947.78 -159394.73 -200861.16 -1435946.72 -148732392.48 0.00042865 0.00149802 0.00066658 0.00054250 0.00037133 0.00048031 0.00047990 0.00045573 0.00041618 0.00036430 0.00030433 0.00024154 0.00018114 0.00012702 0.00008148 0.00004541 0.00001857 -0.00000012 -0.00001605 -0.00000774 0.00000517 -0.00000102 -0.00000837 -0.00000307 -0.00000117 0.00002573 0.00058205 0.00028652 0.03867817 2.15759 
0.060 0.00282897 5 -3563824.75 98366.78 -179086.65 -353407.07 -401709.16 -2727988.65 -288283718.75 0.00078064 0.00282897 0.00134726 0.00105875 0.00071813 0.00098292 0.00098567 0.00094666 0.00087810 0.00078403 0.00067074 0.00054681 0.00042212 0.00030643 0.00020606 0.00012431 0.00006197 0.00001761 -0.00002565 -0.00001799 0.00000416 0.00000026 -0.00000753 -0.00000275 -0.00000119 0.00005629 0.00112894 0.00055913 0.07690515 4.31518 
0.090 0.00404096 5 4368625.60 -185638.77 -95047.14 362393.89 520313.91 3766603.71 378326765.57 -0.00114927 -0.00396540 -0.00210505 -0.00147090 -0.00087361 -0.00098698 -0.00098513 -0.00095491 -0.00089813 -0.00081734 -0.00071703 -0.00060353 -0.00048450 -0.00036862 -0.00026218 -0.00017140 -0.00009960 -0.00004689 0.00001298 0.00001984 -0.00000218 -0.00000398 0.00000107 -0.00000223 -0.00000374 -0.00006156 -0.00158093 -0.00077381 -0.10521434 6.47277 
0.120 0.00519941 5 5576731.03 -243248.11 -140580.29 436791.11 663769.94 4859998.38 485422175.27 -0.00146453 -0.00512255 -0.00267447 -0.00186219 -0.00111364 -0.00147294 -0.00149897 -0.00148288 -0.00143248 -0.00134860 -0.00123406 -0.00109299 -0.00093285 -0.00076290 -0.00059344 -0.00043410 -0.00029414 -0.00018029 -0.00002246 0.00003622 0.00000347 -0.00000358 0.00000353 -0.00000168 -0.00000396 -0.00010957 -0.00202024 -0.00100525 -0.13727982 8.63035 
0.150 0.00620618 5 -8027500.81 154618.42 -412224.98 -899358.04 -957255.35 -5913280.85 -638960036.26 0.00163683 0.00620618 0.00309835 0.00241414 0.00163704 0.00252386 0.00255352 0.00248859 0.00235458 0.00215721 0.00190583 0.00161318 0.00129664 0.00097835 0.00068041 0.00042216 0.00021826 0.00007232 -0.00007465 -0.00006188 0.00000236 0.00000409 -0.00000902 -0.00000221 0.00000025 0.00015741 0.00254540 0.00127684 0.17935664 10.78794 
0.180 0.00741658 5 -9000258.11 294490.63 -350358.20 -918150.27 -1099508.27 -6926732.01 -735488309.04 0.00201019 0.00741658 0.00374340 0.00282924 0.00188652 0.00283174 0.00286772 0.00280279 0.00266433 0.00245689 0.00218866 0.00187060 0.00151853 0.00115419 0.00080267 0.00048856 0.00023339 0.00004935 -0.00012256 -0.00008389 0.00000310 0.00000590 -0.00001001 -0.00000240 0.00000060 0.00017763 0.00301772 0.00150900 0.21045229 12.94553 
0.210 0.00836145 5 -9248318.38 167344.43 -266359.19 -571345.74 -1228845.17 -7349112.71 -760528754.47 0.00200433 0.00836145 0.00482004 0.00289516 0.00189841 0.00314800 0.00320795 0.00316471 0.00304835 0.00286114 0.00260806 0.00229536 0.00193427 0.00154264 0.00114419 0.00076589 0.00043408 0.00017072 -0.00012211 -0.00011939 -0.00000537 0.00000695 -0.00001027 -0.00000256 0.00000075 0.00021553 0.00334794 0.00168393 0.23693731 15.10312 
0.240 0.00877200 5 -8489409.17 323755.03 207340.07 -485952.59 -1089245.32 -7445306.36 -739482149.44 0.00158509 0.00877200 0.00569156 0.00285803 0.00173317 0.00300947 0.00308436 0.00306971 0.00299632 0.00286431 0.00267442 0.00242766 0.00212749 0.00178256 0.00140885 0.00102968 0.00067119 0.00035922 -0.00006612 -0.00014546 -0.00001768 0.00000673 -0.00000976 -0.00000221 0.00000113 0.00022898 0.00344707 0.00173754 0.24888148 17.26071 
0.270 0.00917174 5 -10131685.62 191487.74 -538850.08 -920326.74 -1255732.30 -7608264.24 -811604622.65 0.00125056 0.00917174 0.00644441 0.00308104 0.00204366 0.00436311 0.00449152 0.00448821 0.00439823 0.00422253 0.00396371 0.00362513 0.00321420 0.00274495 0.00223866 0.00172298 0.00122770 0.00078331 0.00009483 -0.00016936 -0.00003888 0.00000445 -0.00000913 -0.00000228 0.00000058 0.00035597 0.00377452 0.00195850 0.29244829 19.41830 
0.300 0.01049093 5 -8981046.35 182364.87 -47946.88 -272582.38 -1300328.83 -7542553.12 -759818288.10 -0.00046239 0.01049093 0.00947646 0.00301272 0.00176135 0.00432617 0.00446569 0.00448831 0.00443921 0.00431811 0.00412489 0.00385943 0.00352290 0.00312006 0.00266250 0.00217048 0.00166970 0.00119148 0.00033148 -0.00015602 -0.00006292 -0.00000177 -0.00000749 -0.00000159 0.00000047 0.00039273 0.00419476 0.00217503 0.34345007 21.57589 
0.330 0.01213891 4 -6264633.09 541576.71 1033579.52 442585.46 -1606169.32 -6676205.47 -635219927.36 -0.00275817 0.01111529 0.01191262 0.00279522 0.00124556 0.00311460 0.00319984 0.00321652 0.00319582 0.00313701 0.00303889 0.00289966 0.00271698 0.00248878 0.00221553 0.00190246 0.00155890 0.00120256 0.00045975 -0.00007202 -0.00005286 -0.00000583 -0.00000519 -0.00000017 0.00000079 0.00031126 0.00422535 0.00214609 0.35881473 23.73347 
0.360 0.01542923 5 -6030940.94 417842.31 909390.31 1199942.42 -1084545.17 -7473570.82 -630791437.84 -0.00346497 0.01542923 0.01446820 0.00287066 0.00128599 0.00362594 0.00374358 0.00379113 0.00380769 0.00379233 0.00374341 0.00365827 0.00353251 0.00336034 0.00313784 0.00286645 0.00255192 0.00220200 0.00126790 0.00012038 -0.00014076 -0.00004539 -0.00000180 0.00000091 -0.00000175 0.00043671 0.00508489 0.00261567 0.42385938 25.89106 
0.390 0.01777933 4 -4491160.20 1024755.22 1275924.74 1339649.42 -1661408.03 -6470081.55 -565726663.99 -0.00688377 0.01655791 0.01765092 0.00510092 0.00166866 0.00257976 0.00261095 0.00261315 0.00260640 0.00258979 0.00256159 0.00251869 0.00245543 0.00236388 0.00223813 0.00207929 0.00189441 0.00169009 0.00108797 0.00015912 -0.00013264 -0.00004917 -0.00000065 0.00000114 -0.00000221 0.00031517 0.00605695 0.00300678 0.52938755 28.04865 
0.420 0.02168250 4 -3538925.98 1332100.18 2009407.93 1013041.23 -1838095.17 -6055380.15 -536694371.68 -0.01027319 0.01943560 0.02153781 0.00841653 0.00198161 0.00117980 0.00115207 0.00112791 0.00111389 0.00110903 0.00111148 0.00111822 0.00112365 0.00111889 0.00109584 0.00105373 0.00099945 0.00093978 0.00071908 0.00015914 -0.00010295 -0.00004483 -0.00000135 0.00000071 -0.00000222 0.00015495 0.00756567 0.00362892 0.66525692 30.20624 
0.450 0.02618996 4 -2863538.61 1367436.60 2603981.02 887591.48 -1569946.17 -6152601.53 -514154257.07 -0.01345381 0.02430106 0.02601236 0.01144070 0.00207229 -0.00013173 -0.00019225 -0.00022398 -0.00023069 -0.00021350 -0.00017454 -0.00011720 -0.00004758 0.00002469 0.00009035 0.00014735 0.00020174 0.00026005 0.00035862 0.00015008 -0.00007229 -0.00004009 -0.00000293 0.00000039 -0.00000175 0.00001052 0.00925662 0.00434488 0.80103348 32.36383 
0.480 0.02853261 4 -3011548.42 1167355.95 2632401.13 969184.16 -1618806.75 -6161682.92 -513591023.28 -0.01568525 0.02650639 0.02829668 0.01361391 0.00248125 -0.00010089 -0.00013195 -0.00014037 -0.00012659 -0.00009177 -0.00003807 0.00003091 0.00010840 0.00018339 0.00024511 0.00029134 0.00033001 0.00037058 0.00043504 0.00018027 -0.00008121 -0.00004713 -0.00000282 0.00000112 -0.00000151 0.00002874 0.01030106 0.00484416 0.90554828 34.52142 
