0.001 0.00010514 4 37619.84 650.86 -412.92 2895.07 4462.81 30024.02 3052821.72 0.00000810 -0.00002469 -0.00010514 -0.00002467 0.00000687 0.00004993 0.00005380 0.00004990 0.00004463 0.00003856 0.00003196 0.00002530 0.00001904 0.00001344 0.00000855 0.00000430 0.00000070 -0.00000229 -0.00000451 0.00000069 0.00001031 0.00000003 -0.00001037 -0.00000144 0.00000189 0.00000338 -0.00002569 -0.00001024 -0.00195954 0.02021 
0.030 0.00096857 5 1096078.98 33535.00 -10797.02 76748.14 127254.47 869338.39 87940086.38 -0.00022905 -0.00089980 -0.00055568 -0.00035029 -0.00019442 -0.00018147 -0.00017310 -0.00016252 -0.00014658 -0.00012668 -0.00010446 -0.00008188 -0.00006067 -0.00004211 -0.00002698 -0.00001560 -0.00000781 -0.00000315 0.00000102 0.00000299 0.00000705 -0.00000180 -0.00000969 -0.00000234 0.00000060 -0.00000864 -0.00037285 -0.00017937 -0.02502886 0.60620 
0.060 0.00185364 5 -2325972.39 -104403.36 -201667.73 -89041.10 -180279.01 -1750581.19 -175133571.24 0.00058165 0.00185364 0.00082035 0.00061261 0.00045166 0.00064646 0.00064418 0.00061001 0.00055522 0.00048415 0.00040269 0.00031828 0.00023772 0.00016599 0.00010594 0.00005857 0.00002353 -0.00000065 -0.00002114 -0.00000981 0.00000929 -0.00000034 -0.00001197 -0.00000287 0.00000074 0.00003448 0.00070997 0.00035113 0.04658440 1.21240 
0.090 0.00270840 5 -3486347.31 -155110.57 -299195.63 -184602.85 -283880.61 -2563557.65 -260873867.18 0.00084729 0.00270840 0.00124528 0.00092109 0.00066878 0.00100521 0.00100710 0.00096379 0.00088949 0.00078948 0.00067079 0.00054270 0.00041563 0.00029887 0.00019852 0.00011746 0.00005614 0.00001288 -0.00002821 -0.00001780 0.00000824 -0.00000002 -0.00001232 -0.00000333 0.00000023 0.00005673 0.00105691 0.00052559 0.07056800 1.81860 
0.120 0.00354919 5 -4661835.05 -224197.72 -405664.63 -283706.20 -385599.60 -3362666.89 -345775778.61 0.00110256 0.00354919 0.00166223 0.00122477 0.00088677 0.00139850 0.00140645 0.00135448 0.00126024 0.00113030 0.00097339 0.00080100 0.00062573 0.00046027 0.00031464 0.00019447 0.00010174 0.00003497 -0.00003341 -0.00002711 0.00000672 0.00000038 -0.00001254 -0.00000364 -0.00000017 0.00008227 0.00139944 0.00069973 0.09472056 2.42480 
0.150 0.00438600 5 -5797970.68 -282627.01 -505285.69 -379766.13 -483783.52 -4146508.33 -428716828.93 0.00135694 0.00438600 0.00207466 0.00152512 0.00110252 0.00178693 0.00180092 0.00174069 0.00162719 0.00146812 0.00127404 0.00105889 0.00083770 0.00062534 0.00043523 0.00027598 0.00015137 0.00006041 -0.00003702 -0.00003642 0.00000506 0.00000080 -0.00001270 -0.00000386 -0.00000045 0.00010790 0.00173897 0.00087250 0.11865210 3.03100 
0.180 0.00525948 5 -7306084.44 -149033.39 -566217.02 -770739.10 -761908.49 -5058186.44 -549622605.69 0.00144318 0.00525948 0.00256408 0.00198149 0.00140471 0.00253081 0.00257823 0.00253000 0.00241346 0.00223386 0.00200063 0.00172725 0.00143053 0.00112876 0.00083946 0.00057934 0.00036257 0.00019453 -0.00001396 -0.00006052 -0.00000408 0.00000187 -0.00001020 -0.00000342 -0.00000098 0.00017206 0.00214871 0.00109867 0.15460542 3.63719 
0.210 0.00624868 5 -8806678.46 -172738.54 -746653.96 -986025.49 -928297.31 -5972963.16 -657473496.78 0.00171518 0.00624868 0.00307137 0.00238508 0.00170648 0.00323972 0.00331071 0.00326340 0.00313210 0.00292212 0.00264340 0.00231013 0.00194176 0.00156087 0.00118988 0.00084907 0.00055639 0.00032264 0.00001421 -0.00008004 -0.00001095 0.00000223 -0.00001043 -0.00000325 -0.00000072 0.00023021 0.00258194 0.00133265 0.18901765 4.24339 
0.240 0.00732602 5 -10438515.18 -227545.76 -1009949.75 -1170118.89 -1098596.19 -6932304.59 -770409754.08 0.00197545 0.00732602 0.00364672 0.00279727 0.00203550 0.00410861 0.00421063 0.00416738 0.00402189 0.00377970 0.00345116 0.00305116 0.00260052 0.00212545 0.00165364 0.00121136 0.00082227 0.00050330 0.00006006 -0.00010410 -0.00002090 0.00000214 -0.00001080 -0.00000308 -0.00000036 0.00030440 0.00304931 0.00159115 0.22763055 4.84959 
0.270 0.00838744 5 -11417556.52 -505699.60 -1164094.72 -1137904.23 -1178370.41 -7431487.56 -822736284.42 0.00167550 0.00838744 0.00505952 0.00297118 0.00217066 0.00490587 0.00503939 0.00500665 0.00485808 0.00459858 0.00423779 0.00378996 0.00327563 0.00272194 0.00215998 0.00162136 0.00113571 0.00072544 0.00012723 -0.00012753 -0.00003390 0.00000124 -0.00001069 -0.00000292 -0.00000014 0.00037903 0.00349703 0.00184067 0.27100636 5.45579 
0.300 0.00890253 5 -10544203.02 -557268.10 -835438.56 -756416.95 -1373308.98 -7021770.44 -771132222.01 -0.00012121 0.00890253 0.00776990 0.00291363 0.00194229 0.00472836 0.00484529 0.00480660 0.00465885 0.00440632 0.00405761 0.00362544 0.00312865 0.00259282 0.00204837 0.00152684 0.00105800 0.00066441 0.00010138 -0.00012571 -0.00003118 0.00000188 -0.00000993 -0.00000248 0.00000022 0.00036117 0.00378692 0.00196708 0.31175917 6.06199 
0.330 0.01034463 4 -8810118.79 30872.84 -224276.62 -531839.33 -1575770.80 -6509104.87 -709674221.64 -0.00198323 0.00939131 0.01014148 0.00292230 0.00167271 0.00401266 0.00409380 0.00405476 0.00393179 0.00372672 0.00344397 0.00309034 0.00267813 0.00222701 0.00176288 0.00131434 0.00090917 0.00056865 0.00008360 -0.00010897 -0.00002559 0.00000232 -0.00000854 -0.00000166 0.00000061 0.00030681 0.00398922 0.00203304 0.34171833 6.66819 
0.360 0.01270972 5 8556811.50 -140376.88 -233587.42 513882.37 989030.45 7427862.98 731783886.18 0.00181101 -0.01200713 -0.01237648 -0.00327833 -0.00157490 -0.00356634 -0.00366776 -0.00368016 -0.00363204 -0.00352256 -0.00335103 -0.00311708 -0.00282253 -0.00247440 -0.00208765 -0.00168429 -0.00128990 -0.00092779 -0.00030139 0.00008163 0.00004186 0.00000283 0.00000815 -0.00000032 -0.00000404 -0.00032073 -0.00474857 -0.00239640 -0.38929334 7.27439 
0.390 0.01398129 5 6935566.58 -735364.40 -590065.15 -63087.17 953718.97 7370364.33 681839511.53 0.00207496 -0.01319279 -0.01340209 -0.00365932 -0.00142142 -0.00238448 -0.00243759 -0.00244916 -0.00243483 -0.00239329 -0.00232266 -0.00222065 -0.00208487 -0.00191345 -0.00170623 -0.00146722 -0.00120707 -0.00094202 -0.00039726 0.00002789 0.00003975 0.00000678 0.00000733 -0.00000096 -0.00000412 -0.00024224 -0.00505256 -0.00249720 -0.40232406 7.88059 
0.420 0.01459518 4 -7889838.31 623109.52 939552.34 -904282.02 -1386978.46 -7161239.70 -735284882.86 -0.00374903 0.01399042 0.01449975 0.00506621 0.00155287 0.00291859 0.00301080 0.00301908 0.00297798 0.00288696 0.00274522 0.00255193 0.00230719 0.00201411 0.00168244 0.00133134 0.00098587 0.00067157 0.00016518 -0.00008973 -0.00002955 -0.00000045 -0.00000901 -0.00000173 0.00000046 0.00025600 0.00553290 0.00272969 0.46003429 8.48679 
0.450 0.01477232 4 -6249712.94 894661.40 1698425.28 -430206.92 -1554656.71 -6857935.99 -672230218.16 -0.00415884 0.01382277 0.01464694 0.00517444 0.00130959 0.00181376 0.00187054 0.00188012 0.00186848 0.00183474 0.00177738 0.00169435 0.00158341 0.00144262 0.00127160 0.00107346 0.00085662 0.00063762 0.00022038 -0.00005222 -0.00002801 -0.00000347 -0.00000839 -0.00000148 0.00000038 0.00017802 0.00542502 0.00263769 0.44817633 9.09299 
0.480 0.01641614 5 6076531.25 -1148180.12 -1278591.95 -265565.68 1152954.81 7615914.18 684697063.09 0.00341102 -0.01547945 -0.01570683 -0.00543863 -0.00151625 -0.00140428 -0.00142709 -0.00144082 -0.00145124 -0.00145689 -0.00145553 -0.00144433 -0.00141996 -0.00137863 -0.00131623 -0.00122889 -0.00111325 -0.00096823 -0.00054116 -0.00005311 0.00003779 0.00001388 0.00000694 -0.00000113 -0.00000356 -0.00017812 -0.00600528 -0.00290975 -0.47915685 9.69919 
0.510 0.02036677 5 4674837.59 -1359164.00 -1513996.17 -995163.58 969090.11 7574071.23 621798865.20 0.00607161 -0.01929633 -0.01945920 -0.00740911 -0.00137586 -0.00005483 -0.00003878 -0.00004698 -0.00007195 -0.00011223 -0.00016554 -0.00022904 -0.00029918 -0.00037180 -0.00044195 -0.00050386 -0.00055039 -0.00056835 -0.00043259 -0.00010111 0.00001752 0.00001373 0.00000647 -0.00000107 -0.00000316 -0.00005320 -0.00719011 -0.00339881 -0.57349258 10.30539 
0.540 0.02243756 5 4129466.23 -1396002.15 -1690421.54 -1132174.68 684187.84 7663876.75 596438267.24 0.00687430 -0.02126868 -0.02098986 -0.00798350 -0.00128711 0.00061003 0.00065610 0.00066020 0.00063850 0.00059208 0.00052281 0.00043312 0.00032602 0.00020534 0.00007620 -0.00005486 -0.00017979 -0.00028371 -0.00033604 -0.00012536 0.00000397 0.00001277 0.00000624 -0.00000111 -0.00000305 0.00001695 -0.00767753 -0.00359004 -0.60380685 10.91158 
0.570 0.02369582 5 3978403.75 -1296438.60 -1813231.13 -1095778.02 398325.59 7785525.90 584797159.52 0.00714759 -0.02247663 -0.02177564 -0.00829034 -0.00123206 0.00099210 0.00105869 0.00107555 0.00106379 0.00102390 0.00095699 0.00086441 0.00074787 0.00061007 0.00045543 0.00029052 0.00012351 -0.00003024 -0.00021294 -0.00012143 -0.00000647 0.00001006 0.00000628 -0.00000091 -0.00000298 0.00006650 -0.00796136 -0.00369677 -0.61787107 11.51778 
0.600 0.02448425 5 3785621.68 -1424342.44 -1917598.40 -970419.12 279889.46 7818092.18 582322030.24 0.00707320 -0.02324479 -0.02222253 -0.00815146 -0.00121711 0.00134972 0.00145222 0.00149152 0.00149615 0.00146647 0.00140336 0.00130774 0.00118071 0.00102427 0.00084270 0.00064310 0.00043434 0.00023264 -0.00007661 -0.00011176 -0.00001728 0.00000693 0.00000661 -0.00000054 -0.00000287 0.00011761 -0.00808537 -0.00372776 -0.61682407 12.12398 
0.630 0.02559739 5 3677753.17 -1348838.58 -1924879.77 -1040162.50 65272.89 7926361.13 572536380.07 0.00694658 -0.02430845 -0.02270629 -0.00764253 -0.00115566 0.00140556 0.00153007 0.00158434 0.00160083 0.00158007 0.00152312 0.00143118 0.00130546 0.00114774 0.00096212 0.00075591 0.00053997 0.00032968 -0.00001212 -0.00009681 -0.00002055 0.00000492 0.00000677 -0.00000026 -0.00000279 0.00013326 -0.00815071 -0.00375007 -0.61118467 12.73018 
0.660 0.02207849 5 3789650.51 -1211599.89 -1746856.14 -734172.57 164150.43 7318128.68 548968023.39 0.00732232 -0.02085491 -0.02135444 -0.00939261 -0.00122791 0.00170438 0.00180128 0.00184024 0.00184805 0.00182463 0.00176996 0.00168331 0.00156323 0.00140892 0.00122296 0.00101261 0.00078758 0.00056215 0.00014864 -0.00005863 -0.00002817 0.00000010 0.00000701 0.00000032 -0.00000262 0.00017000 -0.00796204 -0.00364211 -0.62211035 13.33638 
0.690 0.02088335 4 2868454.35 -2162443.79 -2486910.60 -327952.65 1618744.03 6227017.36 555873049.10 0.00931507 -0.01706662 -0.02088335 -0.01133502 -0.00137033 0.00259821 0.00271061 0.00274505 0.00273103 0.00266971 0.00256297 0.00241248 0.00221931 0.00198514 0.00171545 0.00142133 0.00111700 0.00082027 0.00027485 -0.00004976 -0.00004025 -0.00000311 0.00000772 0.00000089 -0.00000249 0.00025028 -0.00778169 -0.00351492 -0.65029866 13.94258 
0.720 0.02002863 4 2541271.97 -1898140.42 -2851557.19 -208730.19 1672514.64 5827185.13 520711959.90 0.00967272 -0.01507359 -0.02002863 -0.01182348 -0.00129688 0.00278804 0.00288837 0.00291560 0.00289759 0.00283509 0.00272938 0.00258125 0.00239051 0.00215730 0.00188596 0.00158762 0.00127736 0.00097242 0.00038734 -0.00001705 -0.00004477 -0.00000716 0.00000754 0.00000152 -0.00000208 0.00027514 -0.00747644 -0.00335862 -0.63997949 14.54878 
0.750 0.02124039 4 -7389927.39 731365.46 681602.29 -873870.67 -1576727.45 -6352297.03 -685171803.83 -0.01024701 0.01831202 0.02115426 0.01067589 0.00179857 0.00380624 0.00411450 0.00429431 0.00442002 0.00449047 0.00450365 0.00445594 0.00434132 0.00415285 0.00388756 0.00355063 0.00315335 0.00271041 0.00155326 0.00015699 -0.00016685 -0.00005541 -0.00000250 0.00000078 -0.00000271 0.00052472 0.00792826 0.00399533 0.74534031 15.15498 
0.780 0.02298932 4 -6707060.55 944043.76 1111027.17 -939826.63 -1605576.37 -6216728.48 -665425927.68 -0.01168018 0.01969028 0.02290115 0.01245197 0.00178547 0.00282593 0.00311203 0.00329082 0.00343008 0.00352855 0.00358407 0.00359270 0.00354776 0.00344100 0.00326779 0.00303201 0.00274384 0.00241318 0.00147305 0.00020187 -0.00015204 -0.00005681 -0.00000270 0.00000089 -0.00000269 0.00043560 0.00863847 0.00428091 0.80584636 15.76118 
0.810 0.02461143 4 -6229780.18 988444.16 1564551.10 -1022413.33 -1664611.89 -6095750.22 -649521436.92 -0.01299053 0.02096399 0.02452856 0.01409431 0.00182677 0.00208082 0.00234620 0.00252050 0.00266578 0.00278073 0.00286305 0.00290849 0.00290966 0.00285718 0.00274535 0.00257777 0.00236522 0.00211691 0.00136008 0.00022194 -0.00013956 -0.00005642 -0.00000277 0.00000085 -0.00000274 0.00036133 0.00931961 0.00456076 0.86470066 16.36738 
0.840 0.02494716 4 -6341514.94 933993.52 1659448.75 -1164384.29 -1737043.88 -6033529.04 -653997240.88 -0.01392494 0.02081055 0.02483696 0.01542253 0.00212054 0.00211242 0.00239259 0.00257751 0.00273172 0.00285389 0.00294159 0.00299024 0.00299161 0.00293536 0.00281544 0.00263650 0.00241151 0.00215178 0.00137550 0.00021987 -0.00014443 -0.00005750 -0.00000238 0.00000096 -0.00000281 0.00036911 0.00966923 0.00472879 0.90913665 16.97358 
0.870 0.02702765 4 -5751198.47 881883.83 2368636.61 -1276255.75 -1856885.66 -5868577.49 -632482694.82 -0.01544415 0.02248074 0.02691631 0.01734671 0.00212541 0.00105377 0.00130441 0.00147996 0.00163806 0.00177730 0.00189510 0.00198661 0.00204326 0.00205427 0.00201306 0.00192366 0.00179828 0.00164678 0.00113195 0.00021930 -0.00011960 -0.00005242 -0.00000299 0.00000046 -0.00000285 0.00025522 0.01050312 0.00505919 0.97692027 17.57977 
0.900 0.02922028 4 -5234295.56 1002074.85 2751845.22 -1300078.83 -1932719.62 -5755417.18 -617389288.88 -0.01698999 0.02431128 0.02910437 0.01909831 0.00217501 0.00010670 0.00031967 0.00047714 0.00062968 0.00077590 0.00091314 0.00103641 0.00113687 0.00120336 0.00122895 0.00121729 0.00118028 0.00112717 0.00086691 0.00021038 -0.00009391 -0.00004646 -0.00000355 -0.00000011 -0.00000292 0.00014561 0.01134487 0.00539556 1.04487418 18.18597 
0.930 0.03148952 4 -4688123.29 1328176.38 2770720.44 -1162459.80 -1907604.17 -5716956.15 -603869934.31 -0.01856296 0.02631863 0.03135515 0.02069056 0.00226433 -0.00081507 -0.00065054 -0.00051880 -0.00037862 -0.00023135 -0.00007971 0.00007110 0.00021191 0.00033113 0.00042142 0.00048615 0.00053699 0.00058260 0.00058205 0.00019746 -0.00006606 -0.00003979 -0.00000438 -0.00000076 -0.00000295 0.00003373 0.01218636 0.00573060 1.11145255 18.79217 
0.960 0.03378646 4 -4208416.25 1667847.04 2631585.18 -965749.73 -1849465.38 -5692633.37 -590932114.48 -0.02012159 0.02855197 0.03362773 0.02212224 0.00234934 -0.00161067 -0.00149126 -0.00138435 -0.00125760 -0.00111228 -0.00095111 -0.00077934 -0.00060641 -0.00044430 -0.00030070 -0.00017243 -0.00004774 0.00008143 0.00030405 0.00017348 -0.00004177 -0.00003299 -0.00000494 -0.00000141 -0.00000303 -0.00006664 0.01301614 0.00606626 1.17620272 19.39837 
0.990 0.03599295 4 -3720904.87 1984549.69 2511122.94 -777083.71 -1805980.20 -5633513.58 -575926996.58 -0.02167882 0.03073833 0.03580814 0.02346458 0.00242332 -0.00234188 -0.00226350 -0.00217857 -0.00206321 -0.00191868 -0.00174775 -0.00155589 -0.00135292 -0.00115149 -0.00095995 -0.00077530 -0.00058534 -0.00038209 0.00004243 0.00014987 -0.00001959 -0.00002695 -0.00000528 -0.00000198 -0.00000315 -0.00015891 0.01379900 0.00638423 1.23789612 20.00457 
