0.001 0.00011214 4 65533.42 570.70 6778.50 7991.17 7048.34 43144.71 4861068.31 0.00000457 -0.00003802 -0.00011214 -0.00003113 0.00000130 0.00004331 0.00004746 0.00004410 0.00003951 0.00003417 0.00002835 0.00002245 0.00001689 0.00001190 0.00000751 0.00000366 0.00000036 -0.00000243 -0.00000448 0.00000061 0.00001000 -0.00000020 -0.00001044 -0.00000157 0.00000177 0.00000302 -0.00003222 -0.00001350 -0.00244031 0.05223 
0.030 0.00133459 5 1580127.73 22726.42 64738.71 128593.13 156765.90 1207303.56 124276854.05 -0.00037813 -0.00126518 -0.00072712 -0.00047631 -0.00028807 -0.00028297 -0.00027135 -0.00025347 -0.00022732 -0.00019558 -0.00016072 -0.00012564 -0.00009289 -0.00006431 -0.00004095 -0.00002317 -0.00001073 -0.00000296 0.00000372 0.00000363 0.00000359 -0.00000292 -0.00000789 -0.00000316 -0.00000121 -0.00001384 -0.00052137 -0.00025176 -0.03441660 1.56702 
0.060 0.00251113 5 3028221.08 25308.32 112602.75 264315.35 305612.70 2320381.96 239674154.97 -0.00075357 -0.00243869 -0.00131583 -0.00090647 -0.00056775 -0.00064804 -0.00063704 -0.00060510 -0.00055161 -0.00048069 -0.00039833 -0.00031246 -0.00023146 -0.00016037 -0.00010182 -0.00005663 -0.00002426 -0.00000313 0.00001473 0.00000913 -0.00000061 -0.00000417 -0.00000458 -0.00000338 -0.00000291 -0.00003393 -0.00099346 -0.00048373 -0.06570595 3.13403 
0.090 0.00362695 5 4444001.87 38597.42 201654.10 389066.00 441675.90 3373008.45 349644845.41 -0.00109770 -0.00355166 -0.00187132 -0.00131219 -0.00084351 -0.00102823 -0.00101941 -0.00097474 -0.00089663 -0.00079070 -0.00066507 -0.00053047 -0.00039842 -0.00027954 -0.00018015 -0.00010237 -0.00004569 -0.00000774 0.00002586 0.00001638 -0.00000352 -0.00000493 -0.00000123 -0.00000314 -0.00000397 -0.00005612 -0.00144257 -0.00070605 -0.09597481 4.70105 
0.120 0.00468983 5 5798892.64 55945.20 305746.40 508078.18 569510.40 4359612.46 453493571.79 -0.00142162 -0.00461313 -0.00239626 -0.00169774 -0.00111268 -0.00140935 -0.00140433 -0.00134869 -0.00124800 -0.00110895 -0.00094170 -0.00075990 -0.00057824 -0.00041061 -0.00026820 -0.00015544 -0.00007227 -0.00001568 0.00003640 0.00002455 -0.00000523 -0.00000523 0.00000192 -0.00000265 -0.00000463 -0.00007912 -0.00187135 -0.00091927 -0.12512921 6.26807 
0.150 0.00570069 5 7071103.63 75350.91 411066.45 613543.11 685508.94 5285634.22 550590829.84 -0.00172912 -0.00562170 -0.00289261 -0.00206189 -0.00136948 -0.00182753 -0.00182794 -0.00176349 -0.00164294 -0.00147297 -0.00126477 -0.00103350 -0.00079700 -0.00057273 -0.00037565 -0.00021697 -0.00009966 -0.00001982 0.00005319 0.00003556 -0.00000617 -0.00000547 0.00000477 -0.00000191 -0.00000490 -0.00010515 -0.00227908 -0.00112424 -0.15329981 7.83508 
0.180 0.00664288 5 8275864.78 99810.36 548744.57 685998.20 792380.62 6148931.02 640881728.05 -0.00197373 -0.00655326 -0.00335579 -0.00239357 -0.00160877 -0.00237504 -0.00238788 -0.00231971 -0.00218437 -0.00198813 -0.00174180 -0.00146003 -0.00116202 -0.00086949 -0.00060198 -0.00037527 -0.00019993 -0.00007494 0.00005509 0.00005228 -0.00000361 -0.00000548 0.00000715 -0.00000101 -0.00000479 -0.00014597 -0.00265429 -0.00132182 -0.18138992 9.40210 
0.210 0.00789874 5 9103640.63 -136440.87 77407.38 828819.14 1063501.17 7270353.82 749725897.08 -0.00215826 -0.00778101 -0.00409821 -0.00289963 -0.00182243 -0.00307952 -0.00315663 -0.00314351 -0.00306444 -0.00292021 -0.00271376 -0.00245020 -0.00213997 -0.00179939 -0.00144765 -0.00110447 -0.00078951 -0.00051997 -0.00011291 0.00007832 0.00002042 -0.00000170 0.00000837 -0.00000047 -0.00000455 -0.00024644 -0.00314263 -0.00160410 -0.22435016 10.96912 
0.240 0.00910355 5 9193421.60 138557.66 87295.56 101213.95 1046699.89 7819654.54 758306052.23 -0.00179578 -0.00874323 -0.00560112 -0.00292562 -0.00177863 -0.00341240 -0.00351531 -0.00352223 -0.00346218 -0.00333503 -0.00314163 -0.00288405 -0.00256863 -0.00220871 -0.00182364 -0.00143584 -0.00106872 -0.00074247 -0.00021045 0.00008362 0.00003309 0.00000130 0.00000885 0.00000041 -0.00000351 -0.00029274 -0.00349062 -0.00179184 -0.25723623 12.53614 
0.270 0.00942805 5 8535865.81 71243.44 -38245.20 -246939.93 1017812.02 7731995.47 726307822.45 -0.00105458 -0.00896614 -0.00677804 -0.00284502 -0.00163439 -0.00320099 -0.00329571 -0.00330434 -0.00325312 -0.00314163 -0.00297004 -0.00273915 -0.00245276 -0.00212083 -0.00176048 -0.00139361 -0.00104355 -0.00073029 -0.00021444 0.00007789 0.00003254 0.00000172 0.00000870 0.00000051 -0.00000323 -0.00027856 -0.00359089 -0.00183130 -0.27150532 14.10315 
0.300 0.00924957 5 7466555.64 -203995.61 -353370.79 -309629.30 957796.33 7375755.00 677772771.55 -0.00040215 -0.00876059 -0.00745371 -0.00277778 -0.00144903 -0.00254429 -0.00260549 -0.00260370 -0.00255641 -0.00246310 -0.00232359 -0.00213796 -0.00190852 -0.00164256 -0.00135415 -0.00106195 -0.00078596 -0.00054291 -0.00015210 0.00006180 0.00002181 0.00000038 0.00000827 0.00000004 -0.00000360 -0.00021685 -0.00354286 -0.00177601 -0.26976064 15.67017 
0.330 0.00938241 5 -9900265.12 -232190.83 -602030.67 -628374.55 -1490262.01 -6947407.06 -758577731.37 -0.00083725 0.00938241 0.00901580 0.00298138 0.00187970 0.00454616 0.00465856 0.00463033 0.00450522 0.00428506 0.00397460 0.00358173 0.00312054 0.00261290 0.00208717 0.00157516 0.00110847 0.00071169 0.00012913 -0.00012284 -0.00003438 0.00000097 -0.00000917 -0.00000236 0.00000013 0.00035665 0.00398978 0.00205978 0.33403502 17.23719 
0.360 0.01074802 4 -8746381.29 312606.89 15708.28 -540479.24 -1497218.13 -7036999.09 -742218361.59 -0.00147682 0.01046494 0.01054410 0.00310057 0.00173205 0.00382317 0.00390267 0.00387648 0.00377946 0.00361184 0.00337466 0.00307023 0.00270501 0.00229296 0.00185615 0.00142175 0.00101854 0.00066997 0.00014285 -0.00010252 -0.00003100 0.00000011 -0.00000881 -0.00000190 0.00000048 0.00030691 0.00428859 0.00217343 0.35463803 18.80420 
0.390 0.01199909 4 -7817383.98 518629.96 477993.26 -418868.32 -1461038.52 -6934100.35 -709736588.62 -0.00211259 0.01138240 0.01177424 0.00313178 0.00158413 0.00333442 0.00339175 0.00336574 0.00328486 0.00314893 0.00295794 0.00271233 0.00241473 0.00207314 0.00170320 0.00132704 0.00097002 0.00065443 0.00015926 -0.00008810 -0.00002911 -0.00000033 -0.00000826 -0.00000137 0.00000077 0.00027345 0.00449485 0.00225234 0.36979338 20.37122 
0.420 0.01333025 4 -7101288.07 479910.14 962627.32 -309853.91 -1344310.52 -6889661.10 -676931891.74 -0.00280764 0.01284950 0.01309229 0.00322574 0.00142782 0.00300729 0.00305843 0.00303933 0.00297604 0.00286804 0.00271463 0.00251503 0.00226945 0.00198115 0.00165959 0.00132209 0.00099114 0.00068891 0.00018982 -0.00008037 -0.00003076 -0.00000107 -0.00000758 -0.00000092 0.00000096 0.00025619 0.00477575 0.00237485 0.38970004 21.93824 
0.450 0.01481954 5 -5693552.12 635604.86 1596306.18 -124566.04 -1012044.70 -6788852.42 -614891025.96 -0.00330955 0.01481954 0.01445512 0.00355520 0.00120488 0.00193037 0.00193631 0.00190824 0.00186310 0.00180010 0.00171783 0.00161439 0.00148776 0.00133660 0.00116149 0.00096643 0.00076043 0.00055804 0.00018439 -0.00005104 -0.00002430 -0.00000199 -0.00000663 -0.00000046 0.00000101 0.00017017 0.00515592 0.00250737 0.40528377 23.50525 
0.480 0.01755304 5 -4870905.85 1133068.09 1622142.26 215341.62 -1204703.12 -6636754.69 -595955353.61 -0.00439062 0.01755304 0.01677370 0.00403126 0.00117365 0.00115713 0.00110500 0.00104898 0.00099442 0.00094052 0.00088566 0.00082749 0.00076322 0.00069020 0.00060661 0.00051174 0.00040668 0.00029651 0.00007986 -0.00004823 -0.00001356 0.00000022 -0.00000653 -0.00000035 0.00000124 0.00008868 0.00583073 0.00278042 0.44855094 25.07227 
0.510 0.01899382 4 -7052737.95 319867.81 -165760.31 852860.11 -1721923.08 -6337782.48 -629935836.86 -0.00670983 0.01852663 0.01875979 0.00371751 0.00167654 0.00435652 0.00444711 0.00443404 0.00435446 0.00420833 0.00399556 0.00371588 0.00336998 0.00296210 0.00250423 0.00201856 0.00153385 0.00108161 0.00029645 -0.00015679 -0.00007314 -0.00000564 -0.00000455 -0.00000389 -0.00000360 0.00037706 0.00618163 0.00309810 0.52905069 26.63929 
0.540 0.02139327 4 -6526912.70 371973.26 141537.59 916760.01 -1844924.24 -6112259.31 -606337799.27 -0.00828032 0.02085072 0.02117982 0.00430353 0.00159832 0.00414992 0.00424159 0.00423656 0.00417132 0.00404574 0.00385944 0.00361154 0.00330155 0.00293151 0.00250969 0.00205378 0.00158836 0.00114288 0.00033263 -0.00016602 -0.00008339 -0.00000694 -0.00000326 -0.00000372 -0.00000389 0.00036856 0.00680242 0.00338460 0.58388069 28.20631 
0.570 0.02381108 4 -5987517.06 396857.48 314463.98 1037826.62 -1707748.95 -6028916.18 -577567006.91 -0.00991458 0.02363940 0.02358663 0.00480748 0.00151029 0.00396821 0.00406103 0.00406226 0.00400885 0.00390060 0.00373688 0.00351627 0.00323730 0.00290055 0.00251190 0.00208522 0.00164091 0.00120575 0.00037645 -0.00017098 -0.00009435 -0.00000876 -0.00000198 -0.00000349 -0.00000415 0.00036152 0.00743088 0.00367547 0.63656608 29.77332 
0.600 0.02624053 5 -5403234.24 478684.45 495546.29 1174435.08 -1648752.43 -5903147.62 -549558153.80 -0.01150474 0.02624053 0.02592376 0.00545698 0.00142988 0.00363173 0.00371776 0.00372155 0.00367893 0.00358964 0.00345283 0.00326667 0.00302876 0.00273834 0.00239910 0.00202094 0.00161895 0.00121522 0.00040660 -0.00017025 -0.00010413 -0.00001087 -0.00000088 -0.00000323 -0.00000434 0.00033874 0.00806874 0.00396238 0.68947771 31.34034 
0.630 0.02875419 5 -4734341.51 511043.09 891710.67 1302044.88 -1559488.14 -5879652.00 -522148851.27 -0.01285315 0.02875419 0.02811472 0.00627036 0.00133769 0.00303671 0.00310380 0.00310422 0.00307004 0.00300092 0.00289583 0.00275253 0.00256793 0.00234010 0.00207102 0.00176731 0.00143857 0.00109934 0.00037802 -0.00016936 -0.00010493 -0.00001093 -0.00000021 -0.00000318 -0.00000450 0.00028676 0.00872996 0.00424473 0.73940869 32.90736 
0.660 0.03113470 5 -4482747.09 516063.80 1051648.15 1420709.78 -1486377.43 -5984791.40 -514795929.91 -0.01365820 0.03113470 0.02988303 0.00654064 0.00127097 0.00276590 0.00282022 0.00281619 0.00278350 0.00272169 0.00262954 0.00250453 0.00234311 0.00214268 0.00190434 0.00163341 0.00133758 0.00102817 0.00034617 -0.00018382 -0.00011007 -0.00001086 -0.00000019 -0.00000315 -0.00000441 0.00026005 0.00924285 0.00447098 0.77338761 34.47437 
0.690 0.03305946 5 -4245196.25 552294.30 1167838.06 1531193.98 -1432201.14 -6064321.46 -508312872.73 -0.01422822 0.03305946 0.03126974 0.00660851 0.00122310 0.00253232 0.00256832 0.00255457 0.00251757 0.00245686 0.00237121 0.00225813 0.00211396 0.00193571 0.00172366 0.00148203 0.00121699 0.00093717 0.00030034 -0.00020153 -0.00011274 -0.00000960 -0.00000029 -0.00000327 -0.00000438 0.00023298 0.00962397 0.00463525 0.79631958 36.04139 
0.720 0.03500647 5 -3998840.86 612402.25 1306718.77 1612190.45 -1375098.63 -6155053.71 -503405113.52 -0.01482852 0.03500647 0.03269291 0.00677989 0.00117224 0.00223575 0.00225314 0.00223054 0.00219107 0.00213426 0.00205885 0.00196236 0.00184101 0.00169136 0.00151283 0.00130844 0.00108292 0.00084222 0.00027274 -0.00019854 -0.00011141 -0.00000926 -0.00000063 -0.00000330 -0.00000426 0.00020271 0.01003370 0.00481124 0.82166210 37.60841 
