0.001 0.00012300 5 12735.68 -5571.14 -18034.50 -21154.53 -397.56 57893.42 3288235.82 -0.00000060 -0.00005547 -0.00011810 -0.00002481 0.00001081 0.00006315 0.00006695 0.00006230 0.00005583 0.00004825 0.00003995 0.00003157 0.00002368 0.00001664 0.00001056 0.00000539 0.00000113 -0.00000229 -0.00000488 0.00000046 0.00001028 0.00000003 -0.00001037 -0.00000145 0.00000189 0.00000406 -0.00003068 -0.00001223 -0.00199874 0.15577 
0.030 0.00179080 5 356410.05 -227074.26 -451510.91 -554432.69 -18653.64 1608081.56 93941988.77 -0.00046786 -0.00172075 -0.00089816 -0.00035869 -0.00009486 0.00025312 0.00026639 0.00025875 0.00023878 0.00020955 0.00017459 0.00013814 0.00010323 0.00007201 0.00004574 0.00002487 0.00000924 -0.00000177 -0.00001109 -0.00000477 0.00000629 -0.00000138 -0.00000970 -0.00000254 0.00000042 0.00001474 -0.00050761 -0.00023012 -0.02558380 4.67296 
0.060 0.00314298 5 905154.57 -421604.39 -666998.25 -897683.70 -4810.36 2896251.27 181062505.88 -0.00079972 -0.00306932 -0.00153701 -0.00066066 -0.00023007 0.00023726 0.00024981 0.00023758 0.00020891 0.00016804 0.00012078 0.00007451 0.00003620 0.00000860 -0.00000935 -0.00001947 -0.00002393 -0.00002473 -0.00001758 -0.00000321 0.00000414 -0.00000241 -0.00000824 -0.00000328 -0.00000108 0.00000933 -0.00091620 -0.00042454 -0.04869957 9.34592 
0.090 0.00436823 5 1408456.49 -615073.17 -841409.24 -1189217.63 2933.59 4051222.94 260243797.44 -0.00110344 -0.00429235 -0.00210812 -0.00093635 -0.00035738 0.00023539 0.00024854 0.00023273 0.00019629 0.00014413 0.00008360 0.00002419 -0.00002466 -0.00005621 -0.00007000 -0.00007106 -0.00006456 -0.00005448 -0.00002778 -0.00000179 0.00000245 -0.00000300 -0.00000623 -0.00000368 -0.00000240 0.00000454 -0.00128711 -0.00060096 -0.06965548 14.01888 
0.120 0.00573953 5 3172045.57 -1207053.90 -1397486.20 -75274.32 622276.13 5229583.86 446977613.24 -0.00159988 -0.00566118 -0.00297989 -0.00196753 -0.00086534 0.00027963 0.00034147 0.00036984 0.00038044 0.00037413 0.00035229 0.00031678 0.00027076 0.00022162 0.00017448 0.00013078 0.00009283 0.00006061 0.00001219 -0.00001155 -0.00001018 -0.00000366 0.00000034 -0.00000331 -0.00000461 0.00002914 -0.00206079 -0.00095057 -0.12075992 18.69183 
0.150 0.00712118 5 3462838.45 -1547995.08 -1769650.67 -291919.17 666832.35 6405571.02 528219975.85 -0.00203611 -0.00703565 -0.00365046 -0.00235364 -0.00101264 0.00063450 0.00071878 0.00075309 0.00075867 0.00073656 0.00068852 0.00061691 0.00052471 0.00041760 0.00030801 0.00020858 0.00012708 0.00006594 -0.00000786 -0.00002542 -0.00001320 -0.00000221 0.00000318 -0.00000290 -0.00000512 0.00005520 -0.00250853 -0.00114662 -0.14279946 23.36479 
0.180 0.00817398 5 3849702.55 -1749774.18 -1996729.57 -403025.93 751846.53 7247385.70 593781817.77 -0.00234952 -0.00806658 -0.00420150 -0.00267566 -0.00115072 0.00080753 0.00090484 0.00094358 0.00094875 0.00092140 0.00086338 0.00077721 0.00066606 0.00053501 0.00039528 0.00026320 0.00015332 0.00007114 -0.00002201 -0.00003553 -0.00001516 -0.00000087 0.00000541 -0.00000233 -0.00000525 0.00006888 -0.00287099 -0.00130926 -0.16251224 28.03775 
0.210 0.00896648 5 4154578.67 -1880177.91 -2098527.44 -484763.00 872300.95 7745746.07 637755997.33 -0.00258249 -0.00877928 -0.00476373 -0.00290752 -0.00125242 0.00090153 0.00101053 0.00105530 0.00106380 0.00103710 0.00097713 0.00088645 0.00076836 0.00062717 0.00047071 0.00031578 0.00018131 0.00008069 -0.00002912 -0.00004385 -0.00001700 0.00000019 0.00000699 -0.00000165 -0.00000503 0.00007819 -0.00316571 -0.00144247 -0.17997943 32.71071 
0.240 0.00967066 5 4009357.03 -1702382.44 -2222329.24 -1000860.61 985330.74 7949598.59 632683795.12 -0.00238611 -0.00930942 -0.00575737 -0.00292674 -0.00118212 0.00104301 0.00116243 0.00121173 0.00122190 0.00119393 0.00112963 0.00103148 0.00090263 0.00074726 0.00057246 0.00039273 0.00022575 0.00009004 -0.00006003 -0.00006559 -0.00001842 0.00000223 0.00000722 -0.00000123 -0.00000449 0.00008981 -0.00337234 -0.00153317 -0.19553728 37.38367 
0.270 0.01092951 5 -8540397.92 -457204.71 -72306.53 1026056.67 -581239.89 -8455703.47 -720481850.80 0.00094998 0.01092951 0.00799458 0.00237303 0.00147886 0.00428517 0.00447925 0.00455317 0.00456095 0.00450183 0.00437489 0.00417905 0.00391366 0.00357926 0.00318016 0.00272830 0.00224392 0.00175630 0.00075085 -0.00006380 -0.00009269 -0.00001664 -0.00000698 -0.00000085 -0.00000012 0.00045019 0.00385789 0.00204764 0.29936260 42.05663 
0.300 0.01204462 5 -7423766.29 -20649.15 190646.29 1365434.99 -618565.81 -8340632.60 -686457914.52 -0.00006385 0.01204462 0.00978870 0.00228281 0.00132852 0.00366353 0.00381004 0.00386560 0.00387533 0.00383835 0.00375325 0.00361831 0.00343164 0.00319169 0.00289817 0.00255386 0.00216685 0.00175595 0.00082240 -0.00002851 -0.00009495 -0.00002014 -0.00000632 -0.00000050 -0.00000018 0.00040275 0.00411806 0.00214440 0.32070812 46.72959 
0.330 0.01334645 5 -5900776.14 654091.85 694265.39 1310676.71 -510530.63 -8049279.46 -639806145.05 -0.00156967 0.01334645 0.01159098 0.00257516 0.00117292 0.00256951 0.00264605 0.00267144 0.00267618 0.00265929 0.00261913 0.00255350 0.00245974 0.00233488 0.00217624 0.00198189 0.00175134 0.00148834 0.00079344 0.00003136 -0.00008376 -0.00002342 -0.00000630 -0.00000044 -0.00000041 0.00029998 0.00441703 0.00222996 0.34388537 51.40255 
0.360 0.01452763 5 -5132250.82 802379.54 1052922.78 1309236.64 -314421.75 -7982368.02 -608775576.88 -0.00247202 0.01452763 0.01269308 0.00268625 0.00107157 0.00214732 0.00219694 0.00221135 0.00221534 0.00220790 0.00218730 0.00215118 0.00209663 0.00202015 0.00191823 0.00178790 0.00162699 0.00143499 0.00085453 0.00008162 -0.00009094 -0.00002997 -0.00000545 -0.00000012 -0.00000081 0.00026531 0.00462231 0.00230777 0.35979191 56.07550 
0.390 0.01699769 5 359727.96 -2317826.91 -3268295.36 -2818891.20 425317.63 8339423.80 497023894.22 0.00177207 -0.01613304 -0.01452923 -0.00421443 -0.00089105 0.00377620 0.00412038 0.00429386 0.00436694 0.00434098 0.00421842 0.00400241 0.00369733 0.00331085 0.00285900 0.00236569 0.00185738 0.00136462 0.00044223 -0.00014113 -0.00008503 -0.00000412 0.00000688 0.00000068 -0.00000267 0.00040401 -0.00543108 -0.00233134 -0.34247787 60.74846 
0.420 0.02003659 5 -1200768.38 -2745771.26 -3643818.28 -3260498.31 283316.03 8166003.43 436281667.05 0.00374255 -0.01907007 -0.01752020 -0.00519667 -0.00068556 0.00502711 0.00543338 0.00562979 0.00570244 0.00565276 0.00548363 0.00519861 0.00480399 0.00431331 0.00374819 0.00313683 0.00250952 0.00189882 0.00070750 -0.00013912 -0.00011213 -0.00000968 0.00000651 0.00000136 -0.00000213 0.00053667 -0.00620932 -0.00262569 -0.39824275 65.42142 
0.450 0.02309820 5 -2345258.02 -2970448.18 -3948481.92 -3662258.56 188275.76 8047654.88 388286054.72 0.00557064 -0.02201918 -0.02040151 -0.00633809 -0.00050170 0.00607765 0.00652248 0.00672782 0.00679054 0.00671255 0.00649862 0.00615365 0.00568714 0.00511609 0.00446476 0.00376348 0.00304461 0.00234224 0.00093322 -0.00014092 -0.00014285 -0.00001630 0.00000647 0.00000187 -0.00000192 0.00064415 -0.00703296 -0.00295470 -0.45899448 70.09438 
0.480 0.02487183 5 -4084360.72 -3285387.91 -4796754.05 -3992717.50 319798.36 7670700.39 321041070.72 0.00736020 -0.02371163 -0.02265365 -0.00738102 -0.00034866 0.00736070 0.00785347 0.00806256 0.00810212 0.00797593 0.00769192 0.00725965 0.00669403 0.00601667 0.00525525 0.00444267 0.00361375 0.00280440 0.00115409 -0.00016796 -0.00018733 -0.00002358 0.00000718 0.00000270 -0.00000159 0.00076578 -0.00760267 -0.00315715 -0.50474304 74.76734 
0.510 0.02614879 5 -5376312.13 -2943874.60 -5720882.86 -4264733.38 329549.66 7223629.06 240894914.96 0.00945285 -0.02491195 -0.02475163 -0.00877464 -0.00013561 0.00829022 0.00878700 0.00898115 0.00899506 0.00883274 0.00850274 0.00801631 0.00739047 0.00664869 0.00582003 0.00493850 0.00404007 0.00316127 0.00133931 -0.00018743 -0.00023464 -0.00003370 0.00000869 0.00000399 -0.00000122 0.00085110 -0.00813171 -0.00335983 -0.55789736 79.44030 
0.540 0.02663758 5 -5610788.05 -2368251.49 -6135922.28 -4347452.19 143407.03 7097430.88 200509084.51 0.01063495 -0.02537327 -0.02569438 -0.01009601 -0.00006212 0.00878766 0.00927339 0.00946099 0.00947424 0.00931515 0.00898928 0.00850501 0.00787647 0.00712472 0.00627742 0.00536826 0.00443358 0.00351077 0.00154448 -0.00019615 -0.00028514 -0.00004571 0.00001088 0.00000537 -0.00000113 0.00090976 -0.00850629 -0.00350426 -0.59532390 84.11326 
0.570 0.02626614 5 -5030326.27 -1281759.17 -6441850.83 -4281470.32 -30438.19 7005192.25 176015157.25 0.01132461 -0.02500298 -0.02588485 -0.01123146 -0.00003928 0.00880370 0.00925765 0.00943891 0.00946750 0.00934353 0.00906815 0.00864427 0.00807846 0.00738356 0.00658052 0.00569910 0.00477465 0.00384616 0.00179357 -0.00016336 -0.00033689 -0.00006425 0.00001362 0.00000733 -0.00000110 0.00093726 -0.00869413 -0.00357771 -0.62005206 88.78622 
0.600 0.02525933 4 -5460324.16 -2637437.16 -5832799.34 -3992092.67 103307.38 6898697.61 208122131.84 0.01212362 -0.02334540 -0.02525933 -0.01285635 -0.00074467 0.00939556 0.00991592 0.01013037 0.01017402 0.01004730 0.00975279 0.00929578 0.00868664 0.00794224 0.00708661 0.00615162 0.00517379 0.00419240 0.00200363 -0.00016849 -0.00040144 -0.00008288 0.00001652 0.00000919 -0.00000118 0.00100975 -0.00892751 -0.00364860 -0.65574556 93.45917 
0.630 0.02361953 4 -4467964.40 -2679211.12 -4996317.41 -3482366.87 -171282.60 6861213.58 237843894.32 0.01266897 -0.02062506 -0.02361953 -0.01447588 -0.00181815 0.00876883 0.00931767 0.00957164 0.00967093 0.00961555 0.00940634 0.00904555 0.00853815 0.00789380 0.00712942 0.00627113 0.00535218 0.00441115 0.00223015 -0.00009435 -0.00044391 -0.00010666 0.00001991 0.00001153 -0.00000140 0.00099638 -0.00902907 -0.00370331 -0.69406008 98.13213 
0.660 0.02350659 4 5449497.68 -472143.14 -1021092.09 -433082.97 1161612.47 6214203.40 564527956.85 0.01631287 -0.01658758 -0.02350659 -0.01694684 -0.00379755 -0.00309323 -0.00333583 -0.00351619 -0.00367833 -0.00382067 -0.00394089 -0.00403622 -0.00410409 -0.00414372 -0.00415626 -0.00413889 -0.00408266 -0.00396912 -0.00331751 -0.00162004 -0.00029892 0.00004454 0.00001053 -0.00000444 -0.00000417 -0.00065794 -0.00964921 -0.00487284 -0.99503824 102.80509 
0.690 0.02256244 4 5634099.53 -231538.69 -214301.05 -1117757.86 512910.51 6684786.62 547852521.48 0.02210809 -0.01537509 -0.02256244 -0.02023703 -0.00999691 -0.00785784 -0.00790253 -0.00790374 -0.00787348 -0.00781046 -0.00771282 -0.00757840 -0.00740599 -0.00719850 -0.00696156 -0.00669077 -0.00637105 -0.00598782 -0.00462406 -0.00196696 -0.00025513 0.00008545 0.00000795 -0.00000771 -0.00000402 -0.00111209 -0.01149473 -0.00597923 -1.28519694 107.47805 
0.720 0.02561553 3 10325861.82 686925.61 -382942.33 2887831.89 2086812.43 5047234.23 726931032.00 0.02695988 0.00079928 -0.01413316 -0.02556669 -0.01859079 -0.01683980 -0.01681033 -0.01664624 -0.01636586 -0.01596829 -0.01545253 -0.01481797 -0.01407109 -0.01324059 -0.01235873 -0.01142141 -0.01039668 -0.00926190 -0.00619578 -0.00196653 -0.00007107 0.00012680 0.00000441 -0.00001197 -0.00000501 -0.00193590 -0.01193577 -0.00662360 -1.59566022 112.15101 
0.750 0.02595103 3 12379207.68 1793378.48 464027.64 3175850.81 2126392.75 4819558.00 753278714.78 0.02809087 0.00845727 -0.00844600 -0.02566481 -0.02321278 -0.02177075 -0.02160771 -0.02127324 -0.02077134 -0.02010186 -0.01926582 -0.01826994 -0.01715138 -0.01597928 -0.01476778 -0.01350291 -0.01217171 -0.01076945 -0.00708170 -0.00212081 0.00002746 0.00018012 -0.00000005 -0.00001742 -0.00000569 -0.00234773 -0.01154295 -0.00665823 -1.67705947 116.82397 
0.780 0.02615026 3 12030363.85 280690.93 2019901.39 3107115.22 2011065.18 4611591.14 768790424.05 0.02857173 0.01237273 -0.00567730 -0.02557455 -0.02582822 -0.02271856 -0.02232921 -0.02181782 -0.02114937 -0.02032371 -0.01934403 -0.01823790 -0.01707792 -0.01590210 -0.01474861 -0.01360171 -0.01238414 -0.01103135 -0.00730633 -0.00219231 0.00001804 0.00017781 0.00000020 -0.00001698 -0.00000555 -0.00238217 -0.01140031 -0.00660966 -1.70435015 121.49693 
0.810 0.02979579 2 -12608218.98 319623.68 -4696609.15 -2010529.89 -1236709.17 -4983994.45 -769061820.21 -0.02519000 -0.01802953 -0.00284304 0.01914299 0.02950328 0.02994868 0.02944928 0.02880441 0.02797169 0.02695287 0.02574192 0.02428512 0.02250804 0.02035441 0.01782047 0.01508282 0.01235298 0.00984478 0.00517219 0.00041857 -0.00086107 -0.00034625 0.00002448 0.00003336 0.00000381 0.00270845 0.00932177 0.00580862 1.56134959 126.16989 
0.840 0.03201093 2 -12158717.24 643831.18 -4369387.52 -2522626.52 -1352448.21 -4558086.16 -756978472.28 -0.02798936 -0.02076092 -0.00317556 0.02212735 0.03153231 0.03098705 0.03045972 0.02980107 0.02896139 0.02794096 0.02672677 0.02524541 0.02341599 0.02113959 0.01847130 0.01560251 0.01274713 0.01012193 0.00529936 0.00045543 -0.00084735 -0.00034492 0.00002428 0.00003306 0.00000362 0.00280728 0.01005473 0.00620471 1.69167006 130.84284 
