0.001 0.00011180 4 61278.16 2839.67 3827.88 5680.44 6139.65 42790.53 4556451.16 0.00000284 -0.00003835 -0.00011180 -0.00002990 0.00000268 0.00004467 0.00004874 0.00004529 0.00004055 0.00003505 0.00002905 0.00002299 0.00001727 0.00001214 0.00000765 0.00000372 0.00000036 -0.00000246 -0.00000453 0.00000058 0.00000998 -0.00000021 -0.00001045 -0.00000158 0.00000177 0.00000308 -0.00003163 -0.00001319 -0.00235841 0.12370 
0.030 0.00137918 5 -1895342.96 -34928.25 -111954.49 -214027.13 -213055.86 -1321377.23 -144139103.72 0.00039062 0.00137918 0.00061898 0.00053203 0.00037831 0.00054112 0.00054105 0.00051349 0.00046795 0.00040818 0.00033940 0.00026810 0.00020006 0.00013948 0.00008879 0.00004885 0.00001930 -0.00000111 -0.00001824 -0.00000851 0.00000687 -0.00000088 -0.00001008 -0.00000313 -0.00000044 0.00002887 0.00055786 0.00027685 0.03816767 3.71092 
0.060 0.00268072 5 -3783606.96 -51146.24 -274609.60 -450640.41 -423237.47 -2583973.24 -285719625.75 0.00073798 0.00268072 0.00129013 0.00105494 0.00074486 0.00116005 0.00116908 0.00112815 0.00105160 0.00094425 0.00081329 0.00066831 0.00052061 0.00038162 0.00025972 0.00015948 0.00008239 0.00002706 -0.00002881 -0.00002250 0.00000478 0.00000015 -0.00000964 -0.00000328 -0.00000095 0.00006831 0.00110973 0.00055651 0.07805575 7.42184 
0.090 0.00394196 5 -5549539.77 -105062.89 -390378.52 -636396.34 -621004.73 -3796697.29 -418040832.35 0.00106595 0.00394196 0.00193851 0.00154562 0.00108535 0.00179396 0.00181645 0.00176654 0.00166424 0.00151589 0.00133081 0.00112140 0.00090148 0.00068574 0.00048801 0.00031872 0.00018367 0.00008317 -0.00002990 -0.00003869 0.00000182 0.00000121 -0.00000961 -0.00000321 -0.00000092 0.00011287 0.00163508 0.00082644 0.11660549 11.13277 
0.120 0.00521704 5 -7247119.92 -174591.89 -470446.34 -806730.79 -809246.89 -4986104.01 -545780071.99 0.00142414 0.00521704 0.00258752 0.00203111 0.00141896 0.00243674 0.00247503 0.00241905 0.00229464 0.00210861 0.00187216 0.00160017 0.00131028 0.00102029 0.00074697 0.00050578 0.00030806 0.00015710 -0.00002400 -0.00005588 -0.00000192 0.00000210 -0.00000988 -0.00000308 -0.00000067 0.00016026 0.00216224 0.00109874 0.15516451 14.84369 
0.150 0.00654413 5 -8763728.96 -259502.40 -463415.12 -900821.12 -966385.67 -6173604.65 -664447388.25 0.00183616 0.00654413 0.00325431 0.00249704 0.00172123 0.00307123 0.00313120 0.00307671 0.00293999 0.00272758 0.00245069 0.00212446 0.00176849 0.00140541 0.00105662 0.00074084 0.00047416 0.00026455 -0.00000335 -0.00007399 -0.00000759 0.00000251 -0.00001029 -0.00000294 -0.00000033 0.00021199 0.00268945 0.00137337 0.19315905 18.55461 
0.180 0.00792254 5 -9873378.81 -350261.91 -393273.18 -885165.07 -972477.61 -7272201.04 -756903419.45 0.00224026 0.00792254 0.00402464 0.00283106 0.00192454 0.00376242 0.00386629 0.00383858 0.00372029 0.00351535 0.00323147 0.00287954 0.00247605 0.00204361 0.00160788 0.00119401 0.00082516 0.00051844 0.00008005 -0.00009651 -0.00002143 0.00000149 -0.00001041 -0.00000271 0.00000000 0.00028711 0.00317901 0.00164276 0.22986821 22.26553 
0.210 0.00906072 5 -10568878.85 -527614.80 -814046.94 -365999.81 -1007913.48 -7853303.82 -795460968.66 0.00190457 0.00906072 0.00536930 0.00276816 0.00196797 0.00484209 0.00502245 0.00504727 0.00497143 0.00479612 0.00452465 0.00416232 0.00371949 0.00321390 0.00267071 0.00212077 0.00159657 0.00112520 0.00033732 -0.00011600 -0.00005420 -0.00000377 -0.00000950 -0.00000209 0.00000020 0.00042354 0.00353357 0.00188145 0.27104767 25.97646 
0.240 0.00930326 5 -10525635.33 -486483.10 -895977.49 -309491.01 -1050385.76 -7783297.97 -791925351.48 0.00115567 0.00930326 0.00639207 0.00268178 0.00189398 0.00554589 0.00579020 0.00586595 0.00583963 0.00571116 0.00548130 0.00515169 0.00472719 0.00421825 0.00364368 0.00303091 0.00241286 0.00182448 0.00071225 -0.00009152 -0.00009085 -0.00001359 -0.00000773 -0.00000089 0.00000041 0.00054141 0.00364102 0.00199444 0.29972383 29.68738 
0.270 0.01018513 5 -6952031.82 -229728.84 1678350.19 331220.02 -1200759.10 -7531114.09 -667359204.38 0.00031293 0.01018513 0.00857806 0.00281682 0.00129793 0.00333306 0.00349168 0.00357068 0.00361428 0.00362109 0.00358909 0.00351572 0.00339790 0.00323219 0.00301555 0.00274660 0.00242672 0.00206447 0.00113137 0.00008550 -0.00011324 -0.00003489 -0.00000565 0.00000015 -0.00000095 0.00041332 0.00386491 0.00203134 0.30949318 33.39830 
0.300 0.01182269 5 -6343630.05 244715.99 571609.43 1115250.08 -618462.63 -7656742.93 -628428533.82 -0.00147836 0.01182269 0.01127748 0.00353925 0.00122400 0.00320442 0.00337032 0.00346240 0.00352214 0.00354828 0.00353885 0.00349132 0.00340248 0.00326851 0.00308572 0.00285184 0.00256675 0.00223463 0.00130934 0.00014832 -0.00013085 -0.00004511 -0.00000419 0.00000148 -0.00000066 0.00042220 0.00449118 0.00232964 0.37463741 37.10922 
0.330 0.01455205 5 -7207129.35 311575.57 -221405.37 827899.41 -409334.67 -7715864.28 -658052449.51 -0.00345255 0.01455205 0.01394612 0.00468654 0.00140862 0.00396703 0.00418617 0.00430450 0.00437192 0.00438850 0.00435413 0.00426865 0.00413137 0.00394073 0.00369497 0.00339392 0.00304010 0.00263980 0.00155394 0.00018625 -0.00016041 -0.00005606 -0.00000281 0.00000282 -0.00000033 0.00051298 0.00538667 0.00279765 0.46609545 40.82015 
0.360 0.01607692 5 -9442028.98 -74091.94 -981907.63 53606.54 -520651.66 -7918984.29 -748513882.58 -0.00459877 0.01607692 0.01528804 0.00580949 0.00176711 0.00582691 0.00617890 0.00636768 0.00646718 0.00647775 0.00640006 0.00623523 0.00598450 0.00564896 0.00522996 0.00473128 0.00416213 0.00354328 0.00200840 0.00023407 -0.00019233 -0.00006699 -0.00000298 0.00000416 0.00000045 0.00073210 0.00607606 0.00323722 0.55229290 44.53107 
0.390 0.01705339 5 -10901600.19 -443644.19 -1315572.55 -518084.71 -809191.09 -7815107.65 -801278533.10 -0.00593701 0.01705339 0.01654435 0.00678676 0.00214244 0.00731271 0.00775523 0.00798910 0.00810594 0.00810609 0.00799042 0.00776042 0.00741799 0.00696517 0.00640461 0.00574552 0.00500815 0.00422715 0.00236958 0.00028663 -0.00022284 -0.00008024 -0.00000222 0.00000554 0.00000085 0.00090240 0.00663868 0.00359143 0.62850584 48.24199 
0.420 0.01839930 5 -11802047.31 -906596.16 -1338653.65 -882232.75 -973613.92 -7700950.83 -823910491.94 -0.00725363 0.01839930 0.01800888 0.00752730 0.00234433 0.00839805 0.00891508 0.00918951 0.00932698 0.00932779 0.00919281 0.00892361 0.00852209 0.00798989 0.00733162 0.00656190 0.00571073 0.00482110 0.00272909 0.00036534 -0.00025369 -0.00009693 -0.00000111 0.00000718 0.00000113 0.00103747 0.00715915 0.00390717 0.69405826 51.95291 
0.450 0.02042269 4 -7381232.53 412093.51 469325.80 -523095.52 -1183815.21 -6555741.10 -663185397.94 -0.00948091 0.01933022 0.02019365 0.00911150 0.00172672 0.00417957 0.00450055 0.00469553 0.00483494 0.00491749 0.00494131 0.00490376 0.00480102 0.00462752 0.00437756 0.00405039 0.00365284 0.00319995 0.00197330 0.00041011 -0.00009227 -0.00005942 -0.00000275 0.00000493 0.00000166 0.00060631 0.00752068 0.00384760 0.69939176 55.66384 
0.480 0.02371402 4 -7013621.59 460649.40 604358.18 -394994.69 -1172558.73 -6511075.75 -647518718.52 -0.01189232 0.02258789 0.02341839 0.01151806 0.00180344 0.00348628 0.00381002 0.00401705 0.00417673 0.00428785 0.00434861 0.00435633 0.00430646 0.00419160 0.00400378 0.00374164 0.00341319 0.00303124 0.00192877 0.00042002 -0.00008601 -0.00005870 -0.00000256 0.00000484 0.00000153 0.00054872 0.00876587 0.00440072 0.80788488 59.37476 
