0.001 0.00011175 4 62193.04 1545.35 4756.59 6557.73 6952.44 42380.92 4651962.43 0.00000566 -0.00003697 -0.00011175 -0.00003043 0.00000215 0.00004390 0.00004798 0.00004456 0.00003989 0.00003448 0.00002858 0.00002262 0.00001700 0.00001195 0.00000753 0.00000365 0.00000034 -0.00000246 -0.00000451 0.00000059 0.00000998 -0.00000021 -0.00001045 -0.00000158 0.00000176 0.00000304 -0.00003146 -0.00001313 -0.00238992 0.08987 
0.030 0.00152294 5 -1599100.95 33119.34 118209.15 -135761.75 -207225.13 -1407442.56 -139816067.85 0.00051463 0.00152294 0.00068378 0.00055044 0.00033909 0.00036851 0.00036685 0.00034630 0.00031445 0.00027370 0.00022724 0.00017931 0.00013369 0.00009312 0.00005911 0.00003215 0.00001202 -0.00000209 -0.00001373 -0.00000492 0.00000998 -0.00000044 -0.00001187 -0.00000243 0.00000128 0.00001976 0.00058803 0.00028615 0.03738450 2.69596 
0.060 0.00297528 5 -3154176.20 47716.04 247430.65 -280239.61 -415683.27 -2753400.01 -274564240.09 0.00099219 0.00297528 0.00142699 0.00109583 0.00065342 0.00072984 0.00072964 0.00069861 0.00064693 0.00057723 0.00049372 0.00040231 0.00031037 0.00022495 0.00015080 0.00009029 0.00004400 0.00001089 -0.00002112 -0.00001294 0.00000890 -0.00000037 -0.00001258 -0.00000321 0.00000048 0.00004186 0.00116820 0.00056986 0.07536591 5.39193 
0.090 0.00441176 5 -4524518.07 131444.95 336004.93 -350124.38 -576643.09 -4065200.48 -400160895.93 0.00146568 0.00441176 0.00214326 0.00159808 0.00095267 0.00105137 0.00105203 0.00101295 0.00094652 0.00085540 0.00074415 0.00061949 0.00048973 0.00036431 0.00025213 0.00015833 0.00008498 0.00003140 -0.00002484 -0.00002087 0.00000743 -0.00000020 -0.00001289 -0.00000369 -0.00000017 0.00006300 0.00172489 0.00084205 0.11128966 8.08789 
0.120 0.00584003 5 -5751511.65 267590.96 407072.10 -384937.89 -703561.64 -5337675.19 -518524990.71 0.00194972 0.00584003 0.00284130 0.00207574 0.00124410 0.00134039 0.00134125 0.00129566 0.00121780 0.00110994 0.00097647 0.00082423 0.00066267 0.00050275 0.00035545 0.00022968 0.00012972 0.00005553 -0.00002630 -0.00002845 0.00000584 0.00000000 -0.00001306 -0.00000398 -0.00000059 0.00008285 0.00226935 0.00110783 0.14591640 10.78386 
0.150 0.00727215 5 -6860254.08 409491.26 510291.45 -407605.97 -808217.53 -6564213.29 -629688783.33 0.00246036 0.00727215 0.00353883 0.00254623 0.00152335 0.00162038 0.00162435 0.00157621 0.00149203 0.00137326 0.00122338 0.00104814 0.00085679 0.00066146 0.00047514 0.00031064 0.00017842 0.00007986 -0.00003077 -0.00003788 0.00000417 0.00000040 -0.00001316 -0.00000418 -0.00000084 0.00010356 0.00281156 0.00137300 0.18009611 13.47982 
0.180 0.00871750 5 -7423581.63 636498.39 398897.81 -68247.24 -811840.24 -7578890.36 -702682579.66 0.00276367 0.00871750 0.00449033 0.00281277 0.00171226 0.00178587 0.00178882 0.00174276 0.00166315 0.00155042 0.00140592 0.00123235 0.00103587 0.00082707 0.00061950 0.00042773 0.00026551 0.00013955 -0.00001489 -0.00004525 0.00000067 0.00000024 -0.00001312 -0.00000429 -0.00000105 0.00012116 0.00330102 0.00161180 0.21141879 16.17578 
0.210 0.01046127 5 -7579613.74 746925.04 513841.50 295632.93 -656587.18 -8479426.03 -746386715.01 0.00243072 0.01046127 0.00625453 0.00300300 0.00178443 0.00190355 0.00190149 0.00185530 0.00177949 0.00167386 0.00153841 0.00137357 0.00118196 0.00097052 0.00075088 0.00053837 0.00035010 0.00019885 0.00000239 -0.00005179 -0.00000316 -0.00000005 -0.00001278 -0.00000438 -0.00000130 0.00013508 0.00384827 0.00187574 0.25244577 18.87175 
0.240 0.01211593 5 -7578408.32 739886.58 503788.13 584723.84 -559267.41 -8847539.46 -756264694.79 0.00178804 0.01211593 0.00846885 0.00312148 0.00179558 0.00203290 0.00202369 0.00197536 0.00190101 0.00180012 0.00167201 0.00151592 0.00133218 0.00112396 0.00089947 0.00067265 0.00046142 0.00028197 0.00003183 -0.00005794 -0.00000832 -0.00000064 -0.00001234 -0.00000443 -0.00000154 0.00015071 0.00440519 0.00214511 0.29876216 21.56771 
0.270 0.01397695 5 -6889319.97 686630.77 674004.20 1108475.88 -537118.04 -8821312.78 -719610354.86 0.00059564 0.01397695 0.01078963 0.00309647 0.00166112 0.00188335 0.00185924 0.00180934 0.00174149 0.00165515 0.00154938 0.00142294 0.00127476 0.00110490 0.00091599 0.00071591 0.00051865 0.00034066 0.00006803 -0.00005409 -0.00001335 -0.00000210 -0.00001094 -0.00000431 -0.00000199 0.00014463 0.00484708 0.00234903 0.33696989 24.26368 
0.300 0.01584413 5 -5824394.36 734777.08 1083778.64 1467583.94 -474164.88 -8636369.14 -667475400.03 -0.00069148 0.01584413 0.01271192 0.00301932 0.00145419 0.00146633 0.00141849 0.00136347 0.00130239 0.00123468 0.00115917 0.00107421 0.00097794 0.00086873 0.00074568 0.00060962 0.00046569 0.00032462 0.00008053 -0.00004599 -0.00001464 -0.00000308 -0.00000976 -0.00000422 -0.00000234 0.00011263 0.00515467 0.00247622 0.36129961 26.95964 
0.330 0.01727530 5 -5113328.49 1074527.18 1474111.46 1659800.56 -348707.69 -8973060.00 -664821069.40 -0.00078387 0.01727530 0.01332469 0.00307437 0.00138434 0.00068698 0.00059566 0.00052398 0.00046314 0.00041243 0.00037038 0.00033492 0.00030348 0.00027325 0.00024128 0.00020436 0.00016055 0.00010991 0.00000825 -0.00003544 -0.00000481 -0.00000187 -0.00001012 -0.00000425 -0.00000219 0.00003733 0.00537193 0.00253807 0.36282797 29.65560 
0.360 0.01893876 5 -3545105.37 1516420.28 2042617.55 1963693.43 -226434.93 -8841401.70 -610399828.04 -0.00168385 0.01893876 0.01477984 0.00300634 0.00114369 -0.00053021 -0.00070043 -0.00080699 -0.00087665 -0.00091022 -0.00090947 -0.00087689 -0.00081572 -0.00072982 -0.00062478 -0.00051070 -0.00039669 -0.00029459 -0.00013160 -0.00001008 0.00001581 0.00000033 -0.00001055 -0.00000428 -0.00000199 -0.00008708 0.00558998 0.00257419 0.36660316 32.35157 
0.390 0.01986133 5 -2297982.81 1852837.85 2531279.29 2258493.27 -138263.00 -8802330.22 -569530868.00 -0.00196780 0.01986133 0.01545059 0.00295574 0.00096321 -0.00170723 -0.00195640 -0.00210151 -0.00218627 -0.00221154 -0.00217922 -0.00209209 -0.00195389 -0.00176926 -0.00154540 -0.00129650 -0.00103911 -0.00079193 -0.00033889 -0.00000379 0.00003795 0.00000458 -0.00001105 -0.00000441 -0.00000170 -0.00021691 0.00568210 0.00254841 0.35731035 35.04753 
0.420 0.01994023 5 -1415059.87 1986223.62 2828311.86 2540000.17 19768.79 -8789364.30 -532866466.48 -0.00170228 0.01994023 0.01526671 0.00255075 0.00079126 -0.00248637 -0.00279161 -0.00296640 -0.00306568 -0.00309038 -0.00304258 -0.00292530 -0.00274263 -0.00249982 -0.00220508 -0.00187409 -0.00152557 -0.00118301 -0.00051662 -0.00001090 0.00004949 0.00000767 -0.00001122 -0.00000435 -0.00000132 -0.00030886 0.00551660 0.00242198 0.32908578 37.74350 
0.450 0.01971254 5 -302038.79 2338234.47 3208349.02 2775844.93 155279.53 -8779746.74 -497585321.13 -0.00136832 0.01971254 0.01485770 0.00232777 0.00065947 -0.00356697 -0.00394754 -0.00415957 -0.00427374 -0.00429096 -0.00421341 -0.00404433 -0.00378824 -0.00345187 -0.00304786 -0.00259702 -0.00212318 -0.00165546 -0.00072429 -0.00000052 0.00007358 0.00001199 -0.00001173 -0.00000438 -0.00000087 -0.00042886 0.00533749 0.00227427 0.29833660 40.43946 
0.480 0.01933363 5 780559.86 2695127.92 3675135.06 2879083.56 336277.36 -8805064.03 -466387260.61 -0.00105315 0.01933363 0.01431245 0.00217737 0.00054805 -0.00458207 -0.00503162 -0.00527705 -0.00540369 -0.00541247 -0.00530563 -0.00508658 -0.00476043 -0.00433641 -0.00383253 -0.00327455 -0.00269071 -0.00211348 -0.00094440 0.00000142 0.00009737 0.00001669 -0.00001217 -0.00000447 -0.00000046 -0.00054241 0.00513993 0.00212134 0.26800193 43.13542 
0.510 0.02224291 5 -7547989.83 128475.08 206572.84 730043.59 -416338.27 -8196743.07 -692369182.39 -0.00387964 0.02224291 0.01800682 0.00221935 0.00029635 0.00416769 0.00444862 0.00461607 0.00473638 0.00480820 0.00482953 0.00479775 0.00470952 0.00456048 0.00434571 0.00406185 0.00370894 0.00329133 0.00204620 0.00032693 -0.00017353 -0.00006714 -0.00000305 0.00000430 0.00000068 0.00059706 0.00589864 0.00308232 0.46461944 45.83139 
0.540 0.02557764 5 -6119404.44 966407.97 1162693.99 668913.68 -959185.68 -7958234.40 -682971638.26 -0.00583657 0.02557764 0.02135145 0.00336728 0.00078766 0.00289279 0.00299789 0.00305976 0.00310928 0.00314526 0.00316572 0.00316790 0.00314778 0.00309895 0.00301294 0.00288347 0.00271057 0.00249859 0.00178120 0.00048273 -0.00010609 -0.00007232 -0.00000376 0.00000461 0.00000064 0.00043094 0.00704928 0.00353346 0.54719921 48.52735 
0.570 0.02667666 5 -4888014.09 1113277.13 2151948.69 507658.88 -1029556.63 -7631342.16 -637578992.19 -0.00812964 0.02667666 0.02329706 0.00534878 0.00125670 0.00191978 0.00193152 0.00193606 0.00194681 0.00196266 0.00198163 0.00200081 0.00201545 0.00201709 0.00199419 0.00193970 0.00185617 0.00175082 0.00138333 0.00051103 -0.00005086 -0.00006616 -0.00000435 0.00000375 0.00000020 0.00029585 0.00787281 0.00384775 0.62503634 51.22332 
