0.001 0.00011028 4 56851.51 1079.41 4115.24 5943.94 6036.82 39676.09 4299964.65 0.00000485 -0.00003479 -0.00011028 -0.00002915 0.00000320 0.00004666 0.00005072 0.00004711 0.00004213 0.00003632 0.00002999 0.00002360 0.00001760 0.00001223 0.00000756 0.00000353 0.00000013 -0.00000271 -0.00000475 0.00000032 0.00000946 -0.00000053 -0.00001049 -0.00000179 0.00000154 0.00000310 -0.00003037 -0.00001259 -0.00228863 0.12706 
0.030 0.00124318 5 1636564.82 29018.35 117370.05 171942.49 174790.83 1143443.09 123973242.84 -0.00030678 -0.00117400 -0.00069248 -0.00046923 -0.00029664 -0.00035652 -0.00034870 -0.00033129 -0.00030190 -0.00026331 -0.00021905 -0.00017330 -0.00012975 -0.00009112 -0.00005900 -0.00003403 -0.00001608 -0.00000438 0.00000627 0.00000516 0.00000086 -0.00000303 -0.00000478 -0.00000300 -0.00000246 -0.00001885 -0.00049970 -0.00024426 -0.03447226 3.81183 
0.060 0.00235521 5 211024.31 -263192.75 -594997.78 -749713.97 -183387.89 2002316.70 101402722.85 -0.00099498 -0.00228395 -0.00107180 -0.00037343 -0.00006823 0.00046241 0.00048078 0.00046664 0.00043103 0.00037809 0.00031382 0.00024582 0.00018130 0.00012446 0.00007744 0.00004095 0.00001442 -0.00000352 -0.00001786 -0.00000918 0.00000247 -0.00000195 -0.00000747 -0.00000330 -0.00000151 0.00002576 -0.00064991 -0.00029098 -0.02686248 7.62366 
0.090 0.00338256 5 352808.08 -441354.36 -802668.20 -1034137.20 -261352.51 2892320.36 150951516.18 -0.00146520 -0.00330857 -0.00150899 -0.00054944 -0.00012587 0.00061957 0.00064483 0.00062639 0.00057767 0.00050424 0.00041397 0.00031696 0.00022403 0.00014460 0.00008180 0.00003550 0.00000381 -0.00001597 -0.00002737 -0.00001186 0.00000079 -0.00000199 -0.00000585 -0.00000346 -0.00000238 0.00003294 -0.00094710 -0.00042648 -0.03958277 11.43548 
0.120 0.00436898 5 522317.91 -603830.15 -987417.24 -1286339.27 -332328.65 3732233.22 199109320.07 -0.00192199 -0.00429384 -0.00192209 -0.00072156 -0.00018680 0.00075563 0.00078773 0.00076593 0.00070559 0.00061339 0.00049908 0.00037535 0.00025564 0.00015233 0.00007337 0.00001837 -0.00001654 -0.00003599 -0.00003994 -0.00001413 -0.00000018 -0.00000182 -0.00000428 -0.00000348 -0.00000301 0.00003842 -0.00123469 -0.00055838 -0.05207905 15.24731 
0.150 0.00537831 5 678593.32 -785017.40 -1204836.22 -1506158.73 -390201.45 4564807.11 248242736.36 -0.00242068 -0.00530241 -0.00234556 -0.00091390 -0.00025366 0.00093765 0.00098161 0.00095968 0.00088978 0.00077862 0.00063721 0.00047999 0.00032352 0.00018376 0.00007340 -0.00000271 -0.00004813 -0.00007033 -0.00006429 -0.00001931 -0.00000036 -0.00000113 -0.00000273 -0.00000343 -0.00000349 0.00004684 -0.00153762 -0.00069592 -0.06501139 19.05914 
0.180 0.00646887 5 6089340.76 -274533.37 209587.05 -49173.80 333751.40 5869709.48 534062015.38 -0.00222172 -0.00639075 -0.00309339 -0.00191780 -0.00123875 -0.00163767 -0.00166330 -0.00164742 -0.00159886 -0.00151768 -0.00140480 -0.00126171 -0.00109305 -0.00090819 -0.00071871 -0.00053679 -0.00037476 -0.00023968 -0.00004328 0.00004041 0.00000614 -0.00000375 0.00000312 -0.00000239 -0.00000468 -0.00012633 -0.00236939 -0.00117783 -0.15202751 22.87097 
0.210 0.00766917 5 6828188.57 -513308.69 28828.30 -70125.02 455155.18 6927638.80 627010580.38 -0.00256860 -0.00758656 -0.00368081 -0.00229833 -0.00143028 -0.00197538 -0.00202371 -0.00202859 -0.00200293 -0.00194571 -0.00185576 -0.00173168 -0.00157322 -0.00138327 -0.00116973 -0.00094475 -0.00072333 -0.00052029 -0.00016979 0.00004415 0.00001924 -0.00000052 0.00000508 -0.00000209 -0.00000490 -0.00017853 -0.00279887 -0.00140688 -0.18300827 26.68279 
0.240 0.00866054 5 7940867.87 -431983.53 -344401.12 149529.72 774667.68 7793055.12 724831590.75 -0.00272660 -0.00856040 -0.00427025 -0.00274785 -0.00162740 -0.00262328 -0.00271904 -0.00275362 -0.00274938 -0.00270506 -0.00261899 -0.00248916 -0.00231407 -0.00209415 -0.00183431 -0.00154632 -0.00124679 -0.00095476 -0.00038894 0.00003311 0.00003933 0.00000554 0.00000647 -0.00000192 -0.00000487 -0.00026544 -0.00320994 -0.00164575 -0.21985007 30.49462 
0.270 0.01025574 5 12098609.99 347500.56 1447249.27 1323754.08 1532920.32 7447185.76 867723448.15 0.00088086 -0.00966894 -0.00979040 -0.00343872 -0.00222777 -0.00661348 -0.00689135 -0.00697747 -0.00694253 -0.00678631 -0.00650963 -0.00611478 -0.00560860 -0.00500558 -0.00432865 -0.00360821 -0.00287874 -0.00217658 -0.00081674 0.00016064 0.00011996 0.00001303 0.00000751 0.00000035 -0.00000219 -0.00064094 -0.00443014 -0.00241723 -0.40195710 34.30645 
0.300 0.01353561 4 8277940.15 -40945.26 -632308.20 321445.69 1803749.83 6825998.10 715838706.50 0.00380948 -0.01117984 -0.01353561 -0.00481654 -0.00164979 -0.00438085 -0.00460695 -0.00471903 -0.00476846 -0.00475397 -0.00467383 -0.00452598 -0.00430851 -0.00402048 -0.00366307 -0.00324119 -0.00276529 -0.00225743 -0.00109132 -0.00000542 0.00011243 0.00002596 0.00000563 -0.00000046 -0.00000139 -0.00050712 -0.00507698 -0.00264936 -0.46803133 38.11828 
0.330 0.01584608 4 8008459.63 -616168.62 -384343.23 358522.22 1695148.73 6955300.53 727849431.28 0.00513200 -0.01360905 -0.01584608 -0.00619623 -0.00169982 -0.00394540 -0.00417365 -0.00430198 -0.00438029 -0.00440719 -0.00438064 -0.00429812 -0.00415696 -0.00395497 -0.00369087 -0.00336423 -0.00297615 -0.00253645 -0.00139249 -0.00013314 0.00010741 0.00003498 0.00000546 -0.00000202 -0.00000231 -0.00050740 -0.00594424 -0.00305606 -0.54239503 41.93010 
0.360 0.01874892 5 9840483.11 558881.50 477891.54 551309.53 897935.12 7354465.43 744006513.72 0.00607698 -0.01768728 -0.01839894 -0.00692903 -0.00146117 -0.00536232 -0.00573877 -0.00595031 -0.00607377 -0.00610912 -0.00605646 -0.00591652 -0.00569130 -0.00538454 -0.00500091 -0.00454456 -0.00401977 -0.00344087 -0.00196321 -0.00029275 0.00010151 0.00004402 0.00000552 -0.00000406 -0.00000363 -0.00070382 -0.00683944 -0.00358005 -0.62200721 45.74193 
0.390 0.01947487 4 8857410.57 59633.96 -424530.51 1126271.52 1611515.55 6484520.06 721665315.30 0.00807992 -0.01681635 -0.01947487 -0.00853596 -0.00124090 -0.00451491 -0.00489728 -0.00512938 -0.00528721 -0.00537065 -0.00537970 -0.00531510 -0.00517931 -0.00497691 -0.00471259 -0.00438673 -0.00399442 -0.00353520 -0.00222303 -0.00053200 0.00001796 0.00004158 0.00000615 -0.00000414 -0.00000352 -0.00067052 -0.00703734 -0.00365513 -0.66573249 49.55376 
0.420 0.02061380 4 9946587.21 379918.42 321077.98 1069508.07 1539657.65 6636425.09 750150859.90 0.00948884 -0.01792741 -0.02061380 -0.00958686 -0.00176777 -0.00593922 -0.00641286 -0.00669880 -0.00689040 -0.00698788 -0.00699174 -0.00690321 -0.00672505 -0.00646236 -0.00612161 -0.00570743 -0.00522045 -0.00466726 -0.00312508 -0.00098022 -0.00007150 0.00005527 0.00000801 -0.00000511 -0.00000377 -0.00089706 -0.00764396 -0.00405985 -0.75071161 53.36559 
