0.001 0.00011446 4 62341.34 156.87 1567.24 6323.11 7169.50 47124.62 4964087.16 0.00000291 -0.00004265 -0.00011446 -0.00003214 0.00000181 0.00004530 0.00004945 0.00004600 0.00004125 0.00003572 0.00002965 0.00002352 0.00001772 0.00001251 0.00000794 0.00000394 0.00000052 -0.00000235 -0.00000448 0.00000064 0.00001013 -0.00000010 -0.00001041 -0.00000151 0.00000182 0.00000315 -0.00003335 -0.00001396 -0.00247562 0.09352 
0.030 0.00141164 5 1723018.85 65128.35 52513.71 128039.27 182960.93 1294376.60 133335246.93 -0.00036974 -0.00134212 -0.00077429 -0.00050800 -0.00030804 -0.00036916 -0.00036202 -0.00034487 -0.00031507 -0.00027485 -0.00022817 -0.00018001 -0.00013434 -0.00009395 -0.00006054 -0.00003473 -0.00001631 -0.00000443 0.00000612 0.00000554 0.00000423 -0.00000295 -0.00000823 -0.00000303 -0.00000088 -0.00001926 -0.00055250 -0.00026923 -0.03729005 2.80547 
0.060 0.00267214 5 3326105.51 135358.24 74651.90 257032.41 353918.13 2505144.84 257716408.36 -0.00074537 -0.00259933 -0.00140664 -0.00095796 -0.00059850 -0.00090352 -0.00091378 -0.00089436 -0.00084814 -0.00077707 -0.00068488 -0.00057715 -0.00046205 -0.00034927 -0.00024711 -0.00016081 -0.00009301 -0.00004362 0.00001185 0.00001889 0.00000232 -0.00000457 -0.00000515 -0.00000337 -0.00000266 -0.00005768 -0.00105239 -0.00052398 -0.07233853 5.61093 
0.090 0.00391578 5 4852062.72 228032.02 135860.23 327188.52 475550.12 3685431.83 374071681.31 -0.00114386 -0.00384041 -0.00200197 -0.00135319 -0.00086652 -0.00150585 -0.00154529 -0.00153445 -0.00148373 -0.00139467 -0.00127058 -0.00111672 -0.00094066 -0.00075326 -0.00056796 -0.00039867 -0.00025623 -0.00014515 -0.00000249 0.00003844 0.00000484 -0.00000538 -0.00000195 -0.00000331 -0.00000390 -0.00010957 -0.00152692 -0.00077399 -0.10636853 8.41640 
0.120 0.00514104 5 6310373.30 291292.06 343868.06 299415.57 522974.76 4852822.85 483304929.59 -0.00152325 -0.00506445 -0.00254501 -0.00166407 -0.00111822 -0.00226946 -0.00235560 -0.00236834 -0.00232878 -0.00223711 -0.00209499 -0.00190549 -0.00167557 -0.00141606 -0.00114098 -0.00086820 -0.00061698 -0.00040326 -0.00008405 0.00006274 0.00001673 -0.00000419 0.00000100 -0.00000309 -0.00000477 -0.00018915 -0.00196416 -0.00102123 -0.14027198 11.22186 
0.150 0.00629753 5 -6822808.33 530480.34 181423.23 -701525.37 -902104.60 -5931081.93 -607183232.43 0.00175274 0.00629753 0.00312333 0.00236790 0.00146315 0.00192061 0.00194939 0.00191408 0.00183416 0.00171077 0.00154679 0.00134616 0.00111715 0.00087444 0.00063661 0.00042130 0.00024361 0.00011111 -0.00003828 -0.00005114 0.00000136 0.00000194 -0.00001113 -0.00000357 -0.00000084 0.00012984 0.00249492 0.00123853 0.16987255 14.02733 
0.180 0.00726571 5 -7905584.44 262732.94 574307.42 -779639.32 -1122768.37 -6840217.11 -693944925.86 0.00187144 0.00726571 0.00367586 0.00271830 0.00160117 0.00265732 0.00274670 0.00274881 0.00269456 0.00258420 0.00241882 0.00220001 0.00193241 0.00162668 0.00130073 0.00097782 0.00068172 0.00043108 0.00007127 -0.00007673 -0.00001599 0.00000057 -0.00001109 -0.00000335 -0.00000069 0.00021622 0.00285172 0.00145168 0.20221520 16.83280 
0.210 0.00801127 5 9317505.14 207383.27 677839.83 285602.54 843945.88 7302733.62 727209041.35 -0.00171481 -0.00773180 -0.00446964 -0.00253762 -0.00169854 -0.00426685 -0.00445785 -0.00452592 -0.00451702 -0.00443024 -0.00426479 -0.00402012 -0.00369754 -0.00330316 -0.00285117 -0.00236493 -0.00187347 -0.00140635 -0.00053063 0.00008015 0.00006593 0.00000770 0.00000683 -0.00000154 -0.00000472 -0.00042035 -0.00305450 -0.00165517 -0.23994471 19.63826 
0.240 0.00884904 5 -2086246.03 1952746.26 1692491.52 1345632.97 268817.27 -7345934.05 -488521409.53 0.00430135 0.00884904 0.00360196 0.00209639 0.00091033 -0.00227256 -0.00244535 -0.00251387 -0.00251256 -0.00244227 -0.00230537 -0.00210527 -0.00184915 -0.00155188 -0.00123544 -0.00092518 -0.00064496 -0.00041188 -0.00007131 0.00007946 0.00003747 -0.00000240 -0.00001380 -0.00000359 -0.00000039 -0.00020145 0.00281520 0.00121268 0.11530277 22.44373 
0.270 0.01064092 5 11128574.08 -115575.67 1087758.52 1168719.88 1464550.31 7523121.03 849343394.17 0.00097875 -0.01003487 -0.01020304 -0.00347701 -0.00216416 -0.00590167 -0.00613632 -0.00621046 -0.00618504 -0.00605926 -0.00583235 -0.00550399 -0.00507606 -0.00455613 -0.00396116 -0.00331871 -0.00266371 -0.00203325 -0.00081404 0.00009759 0.00010416 0.00001531 0.00000663 -0.00000097 -0.00000372 -0.00058254 -0.00451085 -0.00242404 -0.40137647 25.24920 
0.300 0.01333406 4 6669560.81 -205639.10 -1358367.73 -468005.02 1640822.36 7060750.30 660126631.66 0.00317330 -0.01174813 -0.01333406 -0.00403242 -0.00141717 -0.00320949 -0.00334858 -0.00342063 -0.00345865 -0.00346125 -0.00342639 -0.00335157 -0.00323391 -0.00307047 -0.00285874 -0.00259736 -0.00228728 -0.00193723 -0.00104227 -0.00007339 0.00009718 0.00002916 0.00000432 -0.00000143 -0.00000228 -0.00039303 -0.00487865 -0.00249578 -0.42641368 28.05466 
0.330 0.01505156 4 5791905.61 -386297.71 -1358154.31 -1009106.62 1403311.58 7142152.65 621291787.66 0.00427092 -0.01370694 -0.01505156 -0.00449024 -0.00128723 -0.00267555 -0.00280124 -0.00287709 -0.00293196 -0.00296433 -0.00297199 -0.00295221 -0.00290176 -0.00281712 -0.00269473 -0.00253130 -0.00232407 -0.00207254 -0.00129755 -0.00022108 0.00009674 0.00004250 0.00000306 -0.00000272 -0.00000221 -0.00037318 -0.00532765 -0.00269572 -0.46193100 30.86013 
0.360 0.01575012 4 5535086.61 -944641.76 -949116.08 -911129.24 1427249.15 6912724.53 620017600.65 0.00580905 -0.01357946 -0.01575012 -0.00582013 -0.00187173 -0.00289947 -0.00301843 -0.00309133 -0.00314778 -0.00318636 -0.00320489 -0.00320064 -0.00317035 -0.00311036 -0.00301682 -0.00288584 -0.00271376 -0.00249780 -0.00174500 -0.00044573 0.00010188 0.00006560 0.00000105 -0.00000488 -0.00000213 -0.00043138 -0.00578180 -0.00293953 -0.52766479 33.66559 
0.390 0.01563637 4 5616844.84 -1429697.65 -806121.74 -280511.67 1607294.65 6525881.24 636374575.04 0.00733506 -0.01200274 -0.01563637 -0.00770450 -0.00275971 -0.00330553 -0.00341859 -0.00348556 -0.00353719 -0.00357204 -0.00358784 -0.00358173 -0.00355029 -0.00348960 -0.00339548 -0.00326363 -0.00308974 -0.00287023 -0.00208182 -0.00061375 0.00009919 0.00008268 0.00000102 -0.00000660 -0.00000268 -0.00049518 -0.00617706 -0.00315872 -0.60004877 36.47106 
0.420 0.01645880 4 5699172.85 -1624326.33 -821906.04 191161.03 1725714.25 6228529.93 643260498.75 0.00895057 -0.01182609 -0.01645880 -0.00947037 -0.00327779 -0.00353424 -0.00366666 -0.00374918 -0.00381589 -0.00386532 -0.00389511 -0.00390227 -0.00388316 -0.00383368 -0.00374939 -0.00362559 -0.00345747 -0.00324074 -0.00243019 -0.00081370 0.00007385 0.00009636 0.00000146 -0.00000777 -0.00000288 -0.00055431 -0.00672712 -0.00344798 -0.67569757 39.27653 
0.450 0.01771853 4 5628086.30 -1705317.68 -1123313.04 658749.41 1847856.97 5950110.64 643228021.27 0.01081560 -0.01214219 -0.01771853 -0.01132245 -0.00384579 -0.00363202 -0.00376244 -0.00384546 -0.00391373 -0.00396574 -0.00399913 -0.00401083 -0.00399718 -0.00395400 -0.00387679 -0.00376071 -0.00360084 -0.00339274 -0.00259818 -0.00094073 0.00004319 0.00010160 0.00000182 -0.00000808 -0.00000273 -0.00058030 -0.00741403 -0.00378379 -0.75924127 42.08199 
0.480 0.01919840 4 5518732.62 -1707775.46 -1315076.95 882708.29 1864172.15 5794704.59 636891929.23 0.01241886 -0.01318435 -0.01919840 -0.01253977 -0.00416914 -0.00378219 -0.00391819 -0.00400636 -0.00407978 -0.00413695 -0.00417552 -0.00419245 -0.00418413 -0.00414643 -0.00407487 -0.00396455 -0.00381045 -0.00360809 -0.00282168 -0.00110249 0.00001297 0.00011285 0.00000162 -0.00000883 -0.00000240 -0.00061757 -0.00801196 -0.00408389 -0.82708176 44.88746 
0.510 0.02076067 4 5372348.01 -1701099.95 -1334006.83 862946.64 1855276.72 5689231.43 625533872.66 0.01398491 -0.01456630 -0.02076067 -0.01343958 -0.00453214 -0.00402922 -0.00416539 -0.00425400 -0.00432723 -0.00438360 -0.00442081 -0.00443590 -0.00442532 -0.00438506 -0.00431065 -0.00419718 -0.00403966 -0.00383380 -0.00303529 -0.00124202 -0.00001132 0.00012128 0.00000100 -0.00000949 -0.00000205 -0.00065988 -0.00859910 -0.00438160 -0.89135297 47.69293 
0.540 0.02277767 4 8646757.08 413873.74 710217.95 -328486.92 732978.83 7118173.47 672259962.09 0.01384418 -0.02044468 -0.02277767 -0.01225725 -0.00403899 -0.00738243 -0.00783219 -0.00811601 -0.00832397 -0.00845514 -0.00850831 -0.00848209 -0.00837487 -0.00818477 -0.00790956 -0.00754642 -0.00709268 -0.00654882 -0.00483062 -0.00185725 -0.00009790 0.00014435 0.00000259 -0.00001453 -0.00000551 -0.00118547 -0.00916893 -0.00492793 -0.94803143 50.49839 
0.570 0.02608622 4 9479518.30 566279.77 421828.88 151138.63 714569.24 7625701.78 731463190.24 0.01643153 -0.02415371 -0.02608622 -0.01542947 -0.00513208 -0.00800790 -0.00846971 -0.00876043 -0.00897290 -0.00910585 -0.00915758 -0.00912601 -0.00900883 -0.00880365 -0.00850778 -0.00811790 -0.00763092 -0.00704778 -0.00522069 -0.00206219 -0.00014669 0.00015026 0.00000476 -0.00001480 -0.00000585 -0.00128150 -0.01098456 -0.00583007 -1.12230405 53.30386 
