0.001 0.00011689 4 71625.13 224.69 2961.97 8623.68 8496.27 51318.52 5585653.99 0.00000151 -0.00004699 -0.00011689 -0.00003459 0.00000002 0.00004344 0.00004766 0.00004435 0.00003977 0.00003442 0.00002855 0.00002261 0.00001699 0.00001195 0.00000751 0.00000364 0.00000032 -0.00000248 -0.00000454 0.00000053 0.00000987 -0.00000028 -0.00001046 -0.00000162 0.00000172 0.00000302 -0.00003561 -0.00001509 -0.00264139 0.05858 
0.030 0.00165410 5 2102169.87 -28959.84 90339.42 256075.27 249980.88 1534734.13 166647999.32 -0.00042049 -0.00158391 -0.00091176 -0.00064768 -0.00040049 -0.00043655 -0.00042519 -0.00040157 -0.00036361 -0.00031451 -0.00025892 -0.00020258 -0.00014984 -0.00010369 -0.00006580 -0.00003673 -0.00001609 -0.00000284 0.00000837 0.00000588 0.00000157 -0.00000345 -0.00000625 -0.00000329 -0.00000212 -0.00002224 -0.00067314 -0.00032737 -0.04602598 1.75729 
0.060 0.00310282 5 2682475.68 -181577.26 -234272.60 48277.14 263859.96 2786188.44 254463070.59 -0.00103970 -0.00302881 -0.00158886 -0.00102273 -0.00056140 -0.00029262 -0.00026414 -0.00023160 -0.00018944 -0.00014070 -0.00008982 -0.00004253 -0.00000475 0.00001994 0.00003285 0.00003674 0.00003463 0.00002904 0.00001324 -0.00000053 -0.00000015 -0.00000355 -0.00000699 -0.00000322 -0.00000150 -0.00000745 -0.00115690 -0.00054629 -0.06987946 3.51457 
0.090 0.00460059 5 3898093.17 -272593.93 -350807.21 22393.00 368400.49 4130700.83 372917424.65 -0.00155481 -0.00452365 -0.00231642 -0.00149921 -0.00083376 -0.00043055 -0.00039053 -0.00034270 -0.00028057 -0.00020732 -0.00012830 -0.00005062 0.00001756 0.00006815 0.00009559 0.00010211 0.00009470 0.00007972 0.00003825 -0.00000113 -0.00000693 -0.00000495 -0.00000412 -0.00000347 -0.00000299 -0.00000823 -0.00170797 -0.00080503 -0.10219289 5.27186 
0.120 0.00608683 5 4999220.90 -395628.06 -504020.00 -4422.74 470458.96 5432832.75 486301806.26 -0.00208448 -0.00600755 -0.00303231 -0.00196555 -0.00109554 -0.00058903 -0.00054604 -0.00049299 -0.00042294 -0.00033794 -0.00024202 -0.00014060 -0.00004179 0.00004426 0.00010787 0.00014238 0.00014911 0.00013698 0.00007785 0.00000557 -0.00001313 -0.00000650 -0.00000087 -0.00000340 -0.00000427 -0.00001367 -0.00225203 -0.00106296 -0.13427681 7.02914 
0.150 0.00752785 5 6066940.90 -486588.19 -637246.37 -34538.32 562348.92 6662964.86 593238042.29 -0.00259973 -0.00744432 -0.00372278 -0.00241688 -0.00135061 -0.00081491 -0.00077287 -0.00071717 -0.00064142 -0.00054683 -0.00043611 -0.00031287 -0.00018349 -0.00005816 0.00005056 0.00013075 0.00017388 0.00018295 0.00012574 0.00002093 -0.00001732 -0.00000792 0.00000253 -0.00000301 -0.00000527 -0.00002599 -0.00278038 -0.00131718 -0.16619606 8.78643 
0.180 0.00892908 5 7192273.86 -489222.83 -732233.91 -43717.70 667680.42 7789767.88 694647797.57 -0.00308304 -0.00882834 -0.00440935 -0.00285680 -0.00160739 -0.00116970 -0.00113534 -0.00107921 -0.00099710 -0.00088984 -0.00075944 -0.00060861 -0.00044260 -0.00027059 -0.00010569 0.00003604 0.00013923 0.00019544 0.00017698 0.00004831 -0.00001801 -0.00000920 0.00000586 -0.00000223 -0.00000586 -0.00005018 -0.00329948 -0.00157338 -0.19930710 10.54371 
0.210 0.01026453 5 8149231.77 -533932.12 -727775.69 238877.19 500310.47 8671751.91 773805209.56 -0.00351622 -0.01005656 -0.00516160 -0.00323767 -0.00183533 -0.00152658 -0.00150390 -0.00145217 -0.00137003 -0.00125795 -0.00111711 -0.00094916 -0.00075808 -0.00055177 -0.00034262 -0.00014704 0.00001720 0.00013444 0.00019986 0.00007976 -0.00001414 -0.00000980 0.00000868 -0.00000112 -0.00000592 -0.00008086 -0.00378869 -0.00181900 -0.23221214 12.30100 
0.240 0.01128147 5 9004652.21 -377058.07 -496345.64 167323.64 585350.29 9125381.98 822672573.73 -0.00383332 -0.01093880 -0.00593819 -0.00339625 -0.00196338 -0.00204469 -0.00204714 -0.00200543 -0.00192410 -0.00180353 -0.00164464 -0.00144880 -0.00121950 -0.00096465 -0.00069721 -0.00043462 -0.00019626 -0.00000170 0.00019890 0.00011633 -0.00000809 -0.00001085 0.00001036 0.00000002 -0.00000551 -0.00012875 -0.00415519 -0.00201625 -0.25983852 14.05828 
0.270 0.01214993 5 9800857.98 125800.08 -288991.94 -50498.47 670542.28 9344006.02 843384219.63 -0.00352580 -0.01167355 -0.00711103 -0.00339703 -0.00196208 -0.00276789 -0.00281471 -0.00279216 -0.00271606 -0.00258683 -0.00240544 -0.00217339 -0.00189418 -0.00157603 -0.00123351 -0.00088617 -0.00055608 -0.00026555 0.00013951 0.00016996 0.00000545 -0.00001253 0.00001098 0.00000091 -0.00000498 -0.00020150 -0.00443674 -0.00218688 -0.29061370 15.81557 
0.300 0.01284315 5 9341761.08 71757.90 -301068.80 -131356.27 411977.16 9290451.10 815527564.16 -0.00264148 -0.01228479 -0.00839415 -0.00317737 -0.00170849 -0.00284066 -0.00291348 -0.00291354 -0.00286306 -0.00276218 -0.00261125 -0.00241094 -0.00216285 -0.00187130 -0.00154519 -0.00119903 -0.00085089 -0.00052349 0.00002393 0.00019873 0.00002095 -0.00001270 0.00001064 0.00000109 -0.00000475 -0.00023079 -0.00451190 -0.00223767 -0.30569323 17.57285 
0.330 0.01316437 5 7982320.42 -345469.58 -501733.50 -493354.30 541747.18 8781130.61 754835262.08 -0.00133606 -0.01251936 -0.00991674 -0.00283761 -0.00122302 -0.00229309 -0.00235775 -0.00237015 -0.00234933 -0.00229431 -0.00220379 -0.00207625 -0.00191073 -0.00170823 -0.00147176 -0.00120665 -0.00092119 -0.00063195 -0.00008034 0.00017830 0.00002449 -0.00001165 0.00000978 0.00000050 -0.00000505 -0.00020513 -0.00443584 -0.00218839 -0.30908264 19.33014 
0.360 0.01381450 5 5298542.90 -716657.55 -1485760.96 -854008.38 837658.99 7517310.80 616909025.09 0.00135374 -0.01304674 -0.01289028 -0.00270109 -0.00068828 -0.00104394 -0.00105121 -0.00105021 -0.00104498 -0.00103417 -0.00101589 -0.00098761 -0.00094741 -0.00089512 -0.00083024 -0.00074807 -0.00064027 -0.00050385 -0.00013633 0.00012159 0.00002631 -0.00000781 0.00000590 0.00000056 -0.00000243 -0.00010489 -0.00453241 -0.00218041 -0.33382074 21.08743 
0.390 0.01793114 5 4902860.10 -887742.70 -1518509.17 -1025885.92 567819.14 7767178.76 608801932.18 0.00249101 -0.01700425 -0.01579589 -0.00271806 -0.00045498 -0.00064778 -0.00063865 -0.00063488 -0.00063507 -0.00063782 -0.00064121 -0.00064263 -0.00063998 -0.00063377 -0.00062381 -0.00060366 -0.00056077 -0.00048546 -0.00019345 0.00010268 0.00003878 -0.00000353 0.00000615 -0.00000011 -0.00000296 -0.00007454 -0.00526030 -0.00250550 -0.37815015 22.84471 
0.420 0.01829030 5 3735108.87 -991186.84 -1836713.99 -1223590.33 704404.94 7082195.09 539018187.32 0.00334899 -0.01730036 -0.01658305 -0.00225006 -0.00013830 0.00005858 0.00010302 0.00012066 0.00012318 0.00011201 0.00008930 0.00005780 0.00001913 -0.00002741 -0.00008206 -0.00013749 -0.00017883 -0.00019240 -0.00009134 0.00007971 0.00003265 -0.00000177 0.00000608 -0.00000051 -0.00000328 0.00000005 -0.00511381 -0.00239721 -0.36447288 24.60200 
0.450 0.01860731 5 5458361.28 -840469.52 -1340523.76 -839776.88 1307593.51 7171537.94 625691863.08 0.00377738 -0.01754619 -0.01729944 -0.00268026 -0.00036143 -0.00162507 -0.00168984 -0.00172995 -0.00175727 -0.00177037 -0.00176708 -0.00174495 -0.00170272 -0.00164205 -0.00156479 -0.00146554 -0.00133076 -0.00115011 -0.00057297 0.00004715 0.00006690 0.00000707 0.00000506 -0.00000072 -0.00000269 -0.00020588 -0.00543683 -0.00265802 -0.41813489 26.35928 
0.480 0.02037146 5 4623280.43 -1034173.29 -1625905.96 -1021646.70 1227437.91 7077568.48 593122449.35 0.00467354 -0.01922191 -0.01873872 -0.00275189 -0.00028755 -0.00102033 -0.00104503 -0.00106829 -0.00109252 -0.00111618 -0.00113694 -0.00115213 -0.00116004 -0.00116166 -0.00115824 -0.00114356 -0.00110264 -0.00102135 -0.00063916 -0.00006992 0.00004706 0.00001339 0.00000495 -0.00000138 -0.00000280 -0.00015570 -0.00575181 -0.00277902 -0.43821772 28.11657 
0.510 0.02148939 5 3901760.50 -1166859.25 -1863304.86 -1197169.97 1168496.31 6960598.28 562001600.99 0.00538507 -0.02021347 -0.01974655 -0.00289013 -0.00028675 -0.00043215 -0.00041130 -0.00041027 -0.00042150 -0.00044350 -0.00047395 -0.00051014 -0.00055009 -0.00059404 -0.00064252 -0.00068946 -0.00072067 -0.00072172 -0.00055246 -0.00014229 0.00001581 0.00001318 0.00000535 -0.00000136 -0.00000281 -0.00009060 -0.00598041 -0.00285161 -0.45223570 29.87385 
0.540 0.02197533 5 3139133.62 -1328559.63 -2114686.52 -1358343.95 1116832.72 6823891.01 529975027.24 0.00582315 -0.02059668 -0.02024470 -0.00284910 -0.00036805 0.00012444 0.00020439 0.00024065 0.00025304 0.00024302 0.00021296 0.00016561 0.00010322 0.00002602 -0.00006607 -0.00016699 -0.00026292 -0.00033907 -0.00038510 -0.00018691 -0.00001603 0.00001106 0.00000580 -0.00000113 -0.00000278 -0.00001716 -0.00606794 -0.00285362 -0.45433893 31.63114 
