0.001 0.00011003 4 61685.77 1771.46 6452.21 7703.67 6635.30 39123.13 4461105.10 0.00000578 -0.00003380 -0.00011003 -0.00002961 0.00000228 0.00004374 0.00004784 0.00004444 0.00003980 0.00003442 0.00002854 0.00002260 0.00001700 0.00001197 0.00000756 0.00000368 0.00000037 -0.00000243 -0.00000449 0.00000061 0.00001002 -0.00000019 -0.00001044 -0.00000157 0.00000178 0.00000304 -0.00003057 -0.00001271 -0.00233623 0.06798 
0.030 0.00116512 5 1353159.92 -448.41 52954.29 106357.13 141596.54 1052700.37 108266718.24 -0.00030245 -0.00109607 -0.00064869 -0.00041993 -0.00025218 -0.00025784 -0.00024890 -0.00023523 -0.00021346 -0.00018554 -0.00015385 -0.00012129 -0.00009044 -0.00006322 -0.00004078 -0.00002359 -0.00001148 -0.00000386 0.00000300 0.00000401 0.00000587 -0.00000231 -0.00000913 -0.00000266 -0.00000002 -0.00001291 -0.00045525 -0.00022027 -0.03054379 2.03938 
0.060 0.00220961 5 2633540.16 -3047.07 94425.38 215675.30 279561.95 2046924.60 211023820.55 -0.00060699 -0.00213807 -0.00117956 -0.00080839 -0.00050534 -0.00057651 -0.00056528 -0.00053656 -0.00048890 -0.00042564 -0.00035227 -0.00027599 -0.00020371 -0.00014042 -0.00008854 -0.00004878 -0.00002055 -0.00000234 0.00001268 0.00000827 0.00000231 -0.00000370 -0.00000708 -0.00000321 -0.00000157 -0.00002975 -0.00087553 -0.00042623 -0.05865385 4.07877 
0.090 0.00319195 5 3873819.72 -8683.71 150301.31 329498.62 416425.56 2986277.94 309640892.81 -0.00087782 -0.00311755 -0.00168278 -0.00118060 -0.00075331 -0.00092658 -0.00091851 -0.00087986 -0.00081201 -0.00071927 -0.00060811 -0.00048732 -0.00036701 -0.00025748 -0.00016581 -0.00009421 -0.00004218 -0.00000750 0.00002302 0.00001504 -0.00000041 -0.00000483 -0.00000471 -0.00000338 -0.00000280 -0.00005081 -0.00127539 -0.00062487 -0.08623268 6.11815 
0.120 0.00413870 5 5035244.47 -12937.62 191206.68 436436.03 545053.58 3875485.80 402516875.06 -0.00114721 -0.00406271 -0.00216272 -0.00153566 -0.00098881 -0.00126757 -0.00126507 -0.00121982 -0.00113608 -0.00101864 -0.00087525 -0.00071653 -0.00055430 -0.00040072 -0.00026697 -0.00015940 -0.00007902 -0.00002352 0.00003003 0.00002314 -0.00000208 -0.00000563 -0.00000222 -0.00000333 -0.00000378 -0.00007331 -0.00165893 -0.00081661 -0.11277425 8.15754 
0.150 0.00510220 5 8064893.97 341881.94 951268.93 1021736.96 846608.61 4903397.52 567757485.83 -0.00127512 -0.00502511 -0.00267902 -0.00205285 -0.00149975 -0.00273622 -0.00278501 -0.00273238 -0.00260099 -0.00239867 -0.00213770 -0.00183491 -0.00151031 -0.00118432 -0.00087552 -0.00060090 -0.00037434 -0.00020070 0.00001386 0.00006349 0.00000455 -0.00000569 0.00000461 -0.00000180 -0.00000474 -0.00018430 -0.00218235 -0.00112094 -0.16265034 10.19692 
0.180 0.00608164 5 9805781.78 451201.15 1229416.58 1261040.87 1026269.69 5837853.48 682680075.04 -0.00149511 -0.00599987 -0.00318618 -0.00246073 -0.00182474 -0.00366334 -0.00374381 -0.00369318 -0.00354427 -0.00330517 -0.00298869 -0.00261249 -0.00219896 -0.00177319 -0.00135900 -0.00097771 -0.00064834 -0.00038450 -0.00003014 0.00008930 0.00001402 -0.00000496 0.00000706 -0.00000102 -0.00000477 -0.00026234 -0.00262035 -0.00136772 -0.20025548 12.23631 
0.210 0.00698354 5 11501769.55 598295.48 1503898.70 1515100.24 1217592.77 6666882.36 790064857.28 -0.00166557 -0.00687739 -0.00368589 -0.00284484 -0.00213283 -0.00467790 -0.00480239 -0.00476362 -0.00460651 -0.00433928 -0.00397509 -0.00353219 -0.00303410 -0.00250882 -0.00198512 -0.00148955 -0.00104606 -0.00067360 -0.00012708 0.00011338 0.00002933 -0.00000291 0.00000888 -0.00000022 -0.00000445 -0.00035710 -0.00303253 -0.00161128 -0.23861246 14.27569 
0.240 0.00817173 5 11325696.46 440964.83 1394326.35 952002.99 1217510.37 7320891.93 813153418.36 -0.00182205 -0.00791014 -0.00474563 -0.00302710 -0.00219378 -0.00452866 -0.00463761 -0.00459856 -0.00444991 -0.00419738 -0.00385148 -0.00342721 -0.00294520 -0.00243154 -0.00191506 -0.00142462 -0.00098695 -0.00062183 -0.00009926 0.00011530 0.00002770 -0.00000472 0.00000574 -0.00000218 -0.00000571 -0.00034350 -0.00342243 -0.00178683 -0.26262175 16.31508 
0.270 0.00967995 5 11706140.19 377434.96 1318229.68 960420.80 1012476.47 8037578.28 858355169.17 -0.00140561 -0.00923569 -0.00662633 -0.00327709 -0.00227107 -0.00513166 -0.00528788 -0.00528698 -0.00517558 -0.00495589 -0.00463363 -0.00421788 -0.00372394 -0.00317448 -0.00259807 -0.00202702 -0.00149422 -0.00102676 -0.00027788 0.00012365 0.00004900 0.00000009 0.00000690 -0.00000164 -0.00000543 -0.00042797 -0.00397165 -0.00208916 -0.31548279 18.35446 
0.300 0.01126763 5 11313976.90 426631.36 962708.83 691188.49 1097115.55 8136332.68 847856295.01 -0.00019591 -0.01068092 -0.00952312 -0.00341689 -0.00216921 -0.00543913 -0.00563234 -0.00567059 -0.00560528 -0.00543633 -0.00516488 -0.00479350 -0.00432990 -0.00379013 -0.00319910 -0.00258910 -0.00199611 -0.00145268 -0.00049736 0.00011284 0.00007098 0.00000649 0.00000709 -0.00000115 -0.00000468 -0.00049467 -0.00455247 -0.00239687 -0.37742969 20.39384 
0.330 0.01433956 5 8979208.46 416583.08 -49220.20 -273574.64 1333758.86 7551661.36 732185757.88 0.00274775 -0.01353723 -0.01386323 -0.00330102 -0.00171286 -0.00492992 -0.00512722 -0.00519886 -0.00519200 -0.00510561 -0.00493849 -0.00468931 -0.00435759 -0.00394579 -0.00346343 -0.00293116 -0.00237845 -0.00183896 -0.00077047 0.00005956 0.00009167 0.00001614 0.00000528 -0.00000096 -0.00000323 -0.00050136 -0.00514824 -0.00267971 -0.44292138 22.43323 
0.360 0.02008035 5 7927300.68 -340146.21 -165945.82 -182694.16 875671.45 7740415.42 715624737.88 0.00423582 -0.01909611 -0.01786298 -0.00423969 -0.00158911 -0.00386975 -0.00402705 -0.00410306 -0.00413251 -0.00411402 -0.00404560 -0.00392479 -0.00374889 -0.00351555 -0.00322390 -0.00287679 -0.00248295 -0.00206179 -0.00107260 -0.00008266 0.00008617 0.00002521 0.00000345 -0.00000331 -0.00000370 -0.00045159 -0.00644479 -0.00326106 -0.52796373 24.47261 
0.390 0.03104031 5 7341753.17 -353256.85 -896668.34 -239637.46 828126.66 8003189.16 709376620.11 0.00953667 -0.02962331 -0.02721995 -0.00803593 -0.00156463 -0.00269686 -0.00283440 -0.00291516 -0.00296568 -0.00298563 -0.00297442 -0.00293134 -0.00285537 -0.00274500 -0.00259831 -0.00241331 -0.00218862 -0.00192588 -0.00117497 -0.00021310 0.00006272 0.00003164 0.00000390 -0.00000411 -0.00000400 -0.00036501 -0.00952939 -0.00466106 -0.77513416 26.51200 
