0.001 0.00014164 5 105276.65 -682.84 5622.71 11281.05 11869.91 77185.83 8281123.33 -0.00000606 -0.00007408 -0.00013066 -0.00004474 -0.00000680 0.00003757 0.00004209 0.00003929 0.00003532 0.00003061 0.00002542 0.00002013 0.00001512 0.00001060 0.00000660 0.00000307 0.00000002 -0.00000260 -0.00000450 0.00000043 0.00000944 -0.00000053 -0.00001046 -0.00000178 0.00000154 0.00000269 -0.00004654 -0.00002038 -0.00336140 0.05675 
0.030 0.00230569 5 2994370.72 -17895.73 168232.73 342576.27 340150.68 2161306.76 234182674.12 -0.00060478 -0.00223376 -0.00124197 -0.00089418 -0.00057253 -0.00067651 -0.00066512 -0.00063209 -0.00057788 -0.00050642 -0.00042340 -0.00033632 -0.00025273 -0.00017809 -0.00011561 -0.00006660 -0.00003086 -0.00000699 0.00001464 0.00001019 -0.00000110 -0.00000395 -0.00000329 -0.00000312 -0.00000317 -0.00003620 -0.00094070 -0.00046021 -0.06446412 1.70246 
0.060 0.00400158 5 -4545130.62 175595.40 -57162.08 -368272.34 -506721.91 -3788569.68 -384266157.44 0.00117320 0.00400158 0.00192747 0.00145369 0.00093828 0.00109318 0.00108610 0.00103357 0.00094753 0.00083396 0.00070121 0.00056015 0.00042219 0.00029793 0.00019313 0.00011004 0.00004834 0.00000569 -0.00003211 -0.00001817 0.00000644 0.00000018 -0.00000976 -0.00000333 -0.00000108 0.00005902 0.00156899 0.00076686 0.10332749 3.40491 
0.090 0.00558138 5 -6096803.49 280298.69 -7882.40 -459399.70 -685587.75 -5224232.33 -524134364.15 0.00165600 0.00558138 0.00271505 0.00201365 0.00128159 0.00141949 0.00140609 0.00133701 0.00122534 0.00107775 0.00090458 0.00071954 0.00053742 0.00037197 0.00023391 0.00012662 0.00004876 -0.00000359 -0.00004608 -0.00002339 0.00000756 0.00000130 -0.00000961 -0.00000308 -0.00000090 0.00007525 0.00218233 0.00106300 0.14262809 5.10737 
0.120 0.00687748 5 -7188094.23 382799.65 121203.31 -503492.17 -822109.54 -6366495.48 -630703274.60 0.00206332 0.00687748 0.00335738 0.00246201 0.00153623 0.00170651 0.00169708 0.00162493 0.00150493 0.00134247 0.00114707 0.00093108 0.00071070 0.00050294 0.00032216 0.00017819 0.00007273 0.00000138 -0.00005870 -0.00003213 0.00000766 0.00000231 -0.00000972 -0.00000271 -0.00000043 0.00009431 0.00267518 0.00130416 0.17440226 6.80982 
0.150 0.00798275 5 9797328.79 61765.31 502008.65 907275.41 1058699.06 7267580.36 766699384.21 -0.00226262 -0.00787890 -0.00414693 -0.00300112 -0.00199145 -0.00290788 -0.00292046 -0.00283719 -0.00267439 -0.00243960 -0.00214537 -0.00180866 -0.00145052 -0.00109458 -0.00076404 -0.00047854 -0.00025292 -0.00009163 0.00007433 0.00006848 -0.00000248 -0.00000615 0.00000834 -0.00000087 -0.00000525 -0.00017944 -0.00324978 -0.00161874 -0.22509013 8.51228 
0.180 0.00914435 5 11002541.92 73666.13 831220.05 1018180.94 1266199.50 7813275.30 844676096.25 -0.00242082 -0.00883810 -0.00533253 -0.00336422 -0.00224526 -0.00350461 -0.00353033 -0.00344460 -0.00326807 -0.00300815 -0.00267721 -0.00229206 -0.00187427 -0.00144890 -0.00104201 -0.00067838 -0.00037932 -0.00015691 0.00008376 0.00009263 0.00000166 -0.00000646 0.00001038 0.00000044 -0.00000458 -0.00022508 -0.00377884 -0.00189100 -0.26843143 10.21474 
0.210 0.00999635 5 10744283.75 77990.99 648924.97 872426.97 1103377.63 8041563.20 839434221.55 -0.00178442 -0.00954338 -0.00684129 -0.00343117 -0.00217379 -0.00342338 -0.00344237 -0.00335600 -0.00318327 -0.00293055 -0.00260874 -0.00223256 -0.00182163 -0.00140019 -0.00099393 -0.00062860 -0.00032738 -0.00010446 0.00012108 0.00010019 -0.00000064 -0.00000748 0.00001078 0.00000092 -0.00000414 -0.00021601 -0.00406455 -0.00202012 -0.29502510 11.91719 
0.240 0.01023485 5 9538319.76 -102918.80 -204068.26 527624.08 1072645.86 8245036.87 810019542.04 -0.00201101 -0.00978578 -0.00678162 -0.00336799 -0.00195191 -0.00308692 -0.00314326 -0.00311800 -0.00303109 -0.00288264 -0.00267408 -0.00240836 -0.00209317 -0.00174283 -0.00137757 -0.00102152 -0.00069958 -0.00043092 -0.00005496 0.00008767 0.00001617 -0.00000268 0.00000992 0.00000046 -0.00000420 -0.00023794 -0.00400924 -0.00200584 -0.28784962 13.61965 
0.270 0.01057883 5 9381419.37 -68972.30 -264419.10 188737.00 1059040.47 8467033.30 808519562.08 -0.00201179 -0.01017680 -0.00691432 -0.00332331 -0.00191825 -0.00297400 -0.00302646 -0.00300089 -0.00291608 -0.00277200 -0.00256976 -0.00231171 -0.00200457 -0.00166167 -0.00130250 -0.00095146 -0.00063463 -0.00037252 -0.00002010 0.00009205 0.00001339 -0.00000366 0.00001006 0.00000064 -0.00000407 -0.00022590 -0.00404744 -0.00201735 -0.28692625 15.32210 
0.300 0.01110818 5 8804773.70 -52143.49 -409653.10 -199350.95 1014007.51 8451913.72 779057282.69 -0.00143919 -0.01064497 -0.00799176 -0.00323751 -0.00178175 -0.00283518 -0.00288775 -0.00287070 -0.00280156 -0.00267977 -0.00250513 -0.00227798 -0.00200158 -0.00168511 -0.00134482 -0.00100324 -0.00068621 -0.00041695 -0.00003972 0.00009326 0.00001611 -0.00000326 0.00000969 0.00000060 -0.00000395 -0.00022296 -0.00417240 -0.00207437 -0.30074579 17.02456 
0.330 0.01176525 5 8133068.00 -83867.36 -622849.63 -573784.37 1018866.34 8394703.03 748075738.23 -0.00074213 -0.01124040 -0.00922971 -0.00317820 -0.00163956 -0.00264988 -0.00270063 -0.00269235 -0.00264072 -0.00254478 -0.00240346 -0.00221570 -0.00198169 -0.00170549 -0.00139785 -0.00107728 -0.00076761 -0.00049344 -0.00008018 0.00009164 0.00002048 -0.00000226 0.00000921 0.00000050 -0.00000380 -0.00021915 -0.00432986 -0.00214615 -0.31783191 18.72702 
0.360 0.01248093 5 7407586.23 -152904.13 -868661.49 -867710.43 1026501.36 8270360.92 714679413.20 -0.00001537 -0.01189385 -0.01041385 -0.00313205 -0.00150248 -0.00241607 -0.00246134 -0.00245945 -0.00242347 -0.00235219 -0.00224406 -0.00209722 -0.00191026 -0.00168358 -0.00142219 -0.00113884 -0.00085317 -0.00058875 -0.00015275 0.00007487 0.00002482 0.00000006 0.00000859 0.00000025 -0.00000368 -0.00021278 -0.00448154 -0.00221388 -0.33400057 20.42947 
0.390 0.01336184 5 6535539.98 -294750.65 -1181877.62 -1086808.67 1020554.56 8078422.36 676226108.95 0.00080622 -0.01270458 -0.01167540 -0.00309932 -0.00136073 -0.00206242 -0.00209376 -0.00209400 -0.00207154 -0.00202505 -0.00195265 -0.00185199 -0.00172070 -0.00155696 -0.00136112 -0.00113847 -0.00090119 -0.00066836 -0.00023734 0.00004624 0.00002769 0.00000296 0.00000770 -0.00000030 -0.00000378 -0.00019560 -0.00465072 -0.00228405 -0.35045279 22.13193 
0.420 0.01488478 5 6034685.73 -396680.09 -1351535.17 -1171069.54 925308.93 8028661.60 655267794.57 0.00157377 -0.01415942 -0.01302076 -0.00309431 -0.00129110 -0.00193341 -0.00195935 -0.00196270 -0.00194956 -0.00191852 -0.00186757 -0.00179416 -0.00169550 -0.00156891 -0.00141271 -0.00122768 -0.00101947 -0.00080185 -0.00034427 0.00001915 0.00003326 0.00000648 0.00000704 -0.00000068 -0.00000374 -0.00019795 -0.00493463 -0.00241840 -0.37359468 23.83438 
0.450 0.01655841 5 5179420.09 -472818.80 -1561785.13 -1312059.80 822828.49 7703255.33 605791028.52 0.00288278 -0.01567023 -0.01497943 -0.00291802 -0.00113547 -0.00175954 -0.00177372 -0.00177704 -0.00177161 -0.00175601 -0.00172810 -0.00168519 -0.00162419 -0.00154178 -0.00143485 -0.00130080 -0.00113891 -0.00095346 -0.00048682 -0.00002489 0.00003979 0.00001151 0.00000563 -0.00000150 -0.00000379 -0.00019801 -0.00521259 -0.00254873 -0.40165786 25.53684 
0.480 0.01982807 5 5295631.01 -405345.63 -1464516.86 -1448666.62 751665.59 7862494.53 610346028.13 0.00389278 -0.01882749 -0.01725409 -0.00293523 -0.00110203 -0.00209294 -0.00212917 -0.00214830 -0.00215677 -0.00215307 -0.00213499 -0.00209970 -0.00204390 -0.00196396 -0.00185632 -0.00171785 -0.00154651 -0.00134391 -0.00077024 -0.00008848 0.00005821 0.00002092 0.00000464 -0.00000259 -0.00000397 -0.00025716 -0.00583344 -0.00287119 -0.45046981 27.23930 
0.510 0.02303825 5 4987446.21 -465082.61 -1540107.54 -1603434.78 694011.04 7902060.10 599035915.31 0.00491518 -0.02193375 -0.01956878 -0.00296684 -0.00104480 -0.00199998 -0.00202605 -0.00204297 -0.00205485 -0.00206014 -0.00205652 -0.00204102 -0.00201013 -0.00195986 -0.00188607 -0.00178473 -0.00165224 -0.00148670 -0.00094451 -0.00016636 0.00006155 0.00002826 0.00000345 -0.00000377 -0.00000423 -0.00026429 -0.00644441 -0.00316139 -0.49348600 28.94175 
