0.001 0.00010906 4 62966.81 1843.23 7928.44 9153.56 6996.79 37044.79 4429665.34 0.00000696 -0.00003136 -0.00010906 -0.00002952 0.00000196 0.00004236 0.00004647 0.00004316 0.00003865 0.00003346 0.00002780 0.00002207 0.00001667 0.00001181 0.00000752 0.00000374 0.00000047 -0.00000230 -0.00000435 0.00000075 0.00001022 -0.00000004 -0.00001038 -0.00000147 0.00000186 0.00000301 -0.00003011 -0.00001252 -0.00233283 0.03419 
0.030 0.00115829 5 -1756190.49 -62907.96 -173526.28 -200579.31 -192165.99 -1127010.95 -127096777.56 0.00029820 0.00115829 0.00050987 0.00045528 0.00034531 0.00053296 0.00053226 0.00050374 0.00045792 0.00039873 0.00033106 0.00026116 0.00019461 0.00013547 0.00008604 0.00004711 0.00001833 -0.00000154 -0.00001811 -0.00000810 0.00000812 -0.00000069 -0.00001100 -0.00000289 0.00000034 0.00002834 0.00047508 0.00023776 0.03339199 1.02566 
0.060 0.00219812 5 -3461822.82 -139271.19 -337628.00 -433908.97 -392062.46 -2158952.21 -248000103.30 0.00053447 0.00219812 0.00105718 0.00089727 0.00065991 0.00108212 0.00108687 0.00104223 0.00096348 0.00085638 0.00072844 0.00058968 0.00045127 0.00032405 0.00021485 0.00012683 0.00006043 0.00001376 -0.00003036 -0.00001964 0.00000648 -0.00000008 -0.00001090 -0.00000338 -0.00000047 0.00006125 0.00092698 0.00046708 0.06687054 2.05133 
0.090 0.00320157 5 -5108249.30 -203871.92 -502556.33 -662269.49 -586236.35 -3153315.20 -364992588.52 0.00075865 0.00320157 0.00158682 0.00132635 0.00096927 0.00164795 0.00165959 0.00159997 0.00148931 0.00133535 0.00114875 0.00094370 0.00073550 0.00053881 0.00036632 0.00022474 0.00011612 0.00003846 -0.00004000 -0.00003216 0.00000483 0.00000077 -0.00001087 -0.00000357 -0.00000081 0.00009661 0.00136603 0.00069168 0.09986159 3.07699 
0.120 0.00424234 5 -6666748.89 -259361.01 -683540.19 -826680.09 -740922.13 -4156245.46 -477002042.00 0.00102659 0.00424234 0.00211335 0.00172646 0.00126724 0.00222274 0.00224412 0.00217342 0.00203589 0.00184010 0.00159885 0.00132919 0.00105047 0.00078171 0.00053951 0.00033721 0.00018040 0.00006731 -0.00005067 -0.00004642 0.00000317 0.00000182 -0.00001095 -0.00000364 -0.00000090 0.00013424 0.00180270 0.00091637 0.13207414 4.10265 
0.150 0.00534235 5 -8112141.62 -303623.27 -810134.72 -950997.27 -872054.70 -5175331.66 -584910137.55 0.00136114 0.00534235 0.00265508 0.00211906 0.00154996 0.00279966 0.00283600 0.00276118 0.00260561 0.00237792 0.00209156 0.00176461 0.00141905 0.00107838 0.00076386 0.00049297 0.00027818 0.00012020 -0.00005373 -0.00006306 0.00000023 0.00000280 -0.00001108 -0.00000364 -0.00000084 0.00017619 0.00224937 0.00114805 0.16441976 5.12832 
0.180 0.00648132 5 -9433252.95 -221838.01 -964804.29 -1063766.53 -991348.18 -6191495.94 -691759618.90 0.00172768 0.00648132 0.00321925 0.00251942 0.00184233 0.00340527 0.00346293 0.00339302 0.00323048 0.00298301 0.00266330 0.00228879 0.00188187 0.00146850 0.00107450 0.00072251 0.00043120 0.00021062 -0.00004733 -0.00008486 -0.00000497 0.00000369 -0.00001129 -0.00000358 -0.00000067 0.00022608 0.00271359 0.00139217 0.19851835 6.15398 
0.210 0.00762552 5 -10261352.00 -243830.39 -954520.29 -952616.66 -1104907.08 -7005477.58 -764015795.07 0.00198612 0.00762552 0.00404205 0.00277656 0.00200253 0.00392017 0.00400618 0.00395504 0.00380640 0.00356541 0.00324173 0.00284927 0.00240772 0.00194251 0.00148189 0.00105367 0.00068300 0.00038659 0.00000266 -0.00010523 -0.00001510 0.00000326 -0.00001120 -0.00000340 -0.00000050 0.00028085 0.00313946 0.00162090 0.23084760 7.17964 
0.240 0.00868017 5 -9978744.81 -228697.53 -619997.84 -596884.16 -1005529.23 -7527636.04 -772877950.38 0.00143293 0.00868017 0.00552106 0.00282445 0.00193029 0.00404712 0.00414948 0.00412011 0.00400013 0.00379149 0.00349913 0.00313108 0.00270136 0.00223129 0.00174803 0.00128208 0.00086386 0.00051661 0.00004164 -0.00011933 -0.00002321 0.00000270 -0.00001068 -0.00000318 -0.00000038 0.00030721 0.00345922 0.00178480 0.26051555 8.20531 
0.270 0.00911763 5 -8729502.28 -155116.57 -20119.52 -144551.23 -1272075.90 -7137639.07 -715793314.62 -0.00002024 0.00911763 0.00780901 0.00276003 0.00164868 0.00368240 0.00377659 0.00375991 0.00366940 0.00350543 0.00326939 0.00296406 0.00259646 0.00218098 0.00173998 0.00130153 0.00089598 0.00054982 0.00005846 -0.00011949 -0.00002561 0.00000236 -0.00000992 -0.00000272 -0.00000004 0.00028999 0.00367579 0.00187717 0.29142525 9.23097 
0.300 0.00984062 4 -7232838.96 3453.92 691259.99 359070.36 -1458244.77 -6828378.46 -653642073.02 -0.00127863 0.00962051 0.00964841 0.00269721 0.00136234 0.00300193 0.00306533 0.00304686 0.00297511 0.00284985 0.00267100 0.00243880 0.00215532 0.00182732 0.00146915 0.00110268 0.00075404 0.00044959 0.00001599 -0.00011988 -0.00002194 0.00000338 -0.00000910 -0.00000230 0.00000034 0.00023599 0.00382286 0.00191743 0.30946105 10.25663 
0.330 0.01121284 4 -7040113.79 127708.12 645249.65 468292.05 -1465386.18 -6815977.44 -648521468.94 -0.00194677 0.01066597 0.01102149 0.00250962 0.00128091 0.00300342 0.00305544 0.00302996 0.00295325 0.00282506 0.00264525 0.00241386 0.00213259 0.00180737 0.00145122 0.00108494 0.00073338 0.00042237 -0.00002402 -0.00014249 -0.00002229 0.00000599 -0.00000864 -0.00000154 0.00000124 0.00023121 0.00404333 0.00201825 0.32822217 11.28230 
0.360 0.01259828 5 -6463171.56 394802.82 619527.14 355416.55 -761652.33 -7071265.74 -626510359.58 -0.00204256 0.01259828 0.01207998 0.00229990 0.00121169 0.00274325 0.00277791 0.00275276 0.00268862 0.00258490 0.00244077 0.00225515 0.00202747 0.00175904 0.00145593 0.00113186 0.00080641 0.00050366 0.00002271 -0.00014729 -0.00002906 0.00000538 -0.00000789 -0.00000095 0.00000162 0.00021923 0.00434207 0.00215192 0.33980596 12.30796 
0.390 0.01319142 4 9466031.26 66492.30 215311.45 567646.25 1696663.78 6919917.49 755573325.76 0.00381123 -0.01103902 -0.01319142 -0.00500272 -0.00171657 -0.00513088 -0.00542407 -0.00557095 -0.00563556 -0.00561668 -0.00551271 -0.00532181 -0.00504259 -0.00467546 -0.00422555 -0.00370692 -0.00314226 -0.00256295 -0.00128396 -0.00007485 0.00011061 0.00003213 0.00000647 -0.00000158 -0.00000275 -0.00059616 -0.00507382 -0.00269518 -0.47804032 13.33362 
0.420 0.01434576 4 9465896.47 -47411.16 232664.87 603422.72 1670230.33 7006989.71 763429688.74 0.00451353 -0.01215949 -0.01434576 -0.00568340 -0.00173109 -0.00527036 -0.00559952 -0.00577847 -0.00587758 -0.00589549 -0.00583039 -0.00568004 -0.00544232 -0.00511598 -0.00470251 -0.00420936 -0.00365200 -0.00305785 -0.00165229 -0.00017375 0.00013090 0.00004545 0.00000522 -0.00000288 -0.00000273 -0.00065586 -0.00549496 -0.00292432 -0.52156991 14.35929 
0.450 0.01489014 4 9617703.70 20726.00 440245.62 360258.07 1572396.29 7224077.72 768843655.10 0.00498226 -0.01308823 -0.01489014 -0.00626328 -0.00176042 -0.00553038 -0.00590515 -0.00611827 -0.00624830 -0.00629385 -0.00625297 -0.00612332 -0.00590248 -0.00558870 -0.00518215 -0.00468750 -0.00411668 -0.00349495 -0.00196021 -0.00024053 0.00015410 0.00005624 0.00000382 -0.00000399 -0.00000261 -0.00071840 -0.00578514 -0.00309357 -0.55239849 15.38495 
0.480 0.01671735 5 10627146.94 810576.23 1180896.69 -52867.49 920412.85 7768128.66 771510517.41 0.00524499 -0.01577997 -0.01625450 -0.00609653 -0.00175850 -0.00592514 -0.00629089 -0.00646925 -0.00654212 -0.00650893 -0.00636924 -0.00612306 -0.00577244 -0.00532354 -0.00478556 -0.00417603 -0.00352043 -0.00285168 -0.00137965 0.00000190 0.00015495 0.00003426 0.00000450 -0.00000248 -0.00000279 -0.00067569 -0.00623719 -0.00328279 -0.57056081 16.41061 
0.510 0.02022039 5 -3121516.44 1047918.64 1976903.92 2355598.14 -402539.77 -8099397.36 -541063397.79 -0.00437515 0.02022039 0.01739211 0.00370054 0.00109176 0.00037379 0.00026647 0.00020020 0.00016435 0.00015779 0.00017834 0.00022296 0.00028742 0.00036570 0.00044952 0.00053060 0.00060331 0.00066103 0.00063939 0.00023022 -0.00003720 -0.00003345 -0.00000507 -0.00000035 -0.00000184 0.00007066 0.00607415 0.00288496 0.44741277 17.43628 
0.540 0.02468614 5 -2694682.77 947917.53 2288888.12 2518493.94 -660630.22 -7789352.14 -514720448.49 -0.00702922 0.02468614 0.02177358 0.00511704 0.00108493 -0.00007913 -0.00019278 -0.00025361 -0.00027888 -0.00026975 -0.00022841 -0.00015800 -0.00006293 0.00005089 0.00017539 0.00030009 0.00041791 0.00052135 0.00060867 0.00027766 -0.00002135 -0.00003463 -0.00000497 0.00000017 -0.00000142 0.00003241 0.00737214 0.00347310 0.55571533 18.46194 
