0.001 0.00011432 4 64609.71 2041.16 4570.77 4031.04 6191.16 47775.59 4924984.61 0.00000255 -0.00004336 -0.00011432 -0.00003112 0.00000171 0.00004376 0.00004790 0.00004455 0.00003994 0.00003460 0.00002875 0.00002283 0.00001723 0.00001220 0.00000777 0.00000387 0.00000052 -0.00000230 -0.00000440 0.00000070 0.00001019 -0.00000006 -0.00001039 -0.00000149 0.00000185 0.00000309 -0.00003325 -0.00001395 -0.00246388 0.11860 
0.030 0.00150917 5 -1527118.83 35246.85 -2799.91 -23509.59 -124815.45 -1411240.74 -132044382.84 0.00050681 0.00150917 0.00064112 0.00047135 0.00031370 0.00037469 0.00037531 0.00035721 0.00032779 0.00028894 0.00024347 0.00019502 0.00014773 0.00010485 0.00006831 0.00003892 0.00001667 0.00000085 -0.00001320 -0.00000584 0.00000795 -0.00000098 -0.00001096 -0.00000300 0.00000014 0.00002082 0.00054989 0.00026884 0.03424568 3.55788 
0.060 0.00287303 5 -2924161.97 50355.76 42851.43 -72636.29 -249107.00 -2695625.87 -252993089.72 0.00095175 0.00287303 0.00130442 0.00091552 0.00057973 0.00074610 0.00075477 0.00073304 0.00069129 0.00063103 0.00055492 0.00046688 0.00037287 0.00028077 0.00019726 0.00012643 0.00007027 0.00002861 -0.00001657 -0.00001558 0.00000576 -0.00000057 -0.00001072 -0.00000342 -0.00000068 0.00004683 0.00106193 0.00052269 0.06752358 7.11577 
0.090 0.00424031 5 -4307096.68 -23206.29 99703.96 -68935.76 -350962.25 -3963696.33 -367944464.22 0.00140758 0.00424031 0.00195349 0.00132623 0.00082660 0.00116869 0.00119039 0.00116760 0.00111495 0.00103434 0.00092907 0.00080400 0.00066605 0.00052404 0.00038814 0.00026638 0.00016509 0.00008656 -0.00000961 -0.00002763 0.00000244 -0.00000004 -0.00001051 -0.00000350 -0.00000097 0.00007976 0.00155943 0.00077339 0.10004796 10.67365 
0.120 0.00560132 5 -5707619.15 -125048.10 135608.55 -52667.08 -462361.45 -5203151.07 -481137668.94 0.00187245 0.00560132 0.00259234 0.00172128 0.00107329 0.00168632 0.00172920 0.00171127 0.00165288 0.00155527 0.00142142 0.00125582 0.00106637 0.00086390 0.00066083 0.00047101 0.00030754 0.00017694 0.00000563 -0.00004399 -0.00000254 0.00000060 -0.00001034 -0.00000342 -0.00000099 0.00012355 0.00205332 0.00102818 0.13332028 14.23154 
0.150 0.00695814 5 -7150972.90 -219046.54 111724.57 -10086.98 -590628.45 -6442935.51 -596005088.00 0.00228513 0.00695814 0.00322988 0.00210404 0.00132608 0.00240794 0.00248910 0.00248766 0.00243331 0.00232657 0.00216896 0.00196306 0.00171542 0.00143870 0.00114952 0.00086611 0.00060715 0.00038816 0.00006870 -0.00006628 -0.00001388 0.00000038 -0.00001022 -0.00000317 -0.00000080 0.00019419 0.00254286 0.00129519 0.16962547 17.78942 
0.180 0.00828364 5 -8622534.42 -166900.91 -70165.89 -33965.72 -725449.98 -7626051.93 -714575696.74 0.00260912 0.00828364 0.00388168 0.00250543 0.00162536 0.00324382 0.00336657 0.00338348 0.00333447 0.00321951 0.00303922 0.00279496 0.00249134 0.00213952 0.00175846 0.00137230 0.00100694 0.00068404 0.00017355 -0.00008801 -0.00002995 -0.00000110 -0.00001007 -0.00000278 -0.00000050 0.00027980 0.00304304 0.00157514 0.20972494 21.34731 
0.210 0.00929863 5 -9543719.19 66579.50 -619751.77 5461.17 -912489.88 -8083518.22 -781903761.25 0.00249938 0.00929863 0.00508628 0.00269358 0.00185286 0.00392338 0.00406465 0.00408773 0.00403823 0.00391584 0.00372057 0.00345289 0.00311582 0.00271802 0.00227667 0.00181799 0.00137277 0.00096873 0.00029075 -0.00009939 -0.00004573 -0.00000359 -0.00000955 -0.00000235 -0.00000027 0.00035074 0.00349828 0.00182623 0.25163083 24.90519 
0.240 0.01011282 5 -9410188.87 320872.14 -659643.18 -40893.05 -738657.07 -8291867.70 -790699120.46 0.00172318 0.01011282 0.00660968 0.00277588 0.00186208 0.00404984 0.00418871 0.00421359 0.00417011 0.00405776 0.00387603 0.00362454 0.00330445 0.00292094 0.00248677 0.00202435 0.00156252 0.00113170 0.00037507 -0.00009421 -0.00005389 -0.00000580 -0.00000890 -0.00000192 -0.00000005 0.00037331 0.00381259 0.00198556 0.28486401 28.46308 
0.270 0.01074579 5 12051312.67 851471.88 1496808.63 314846.66 767699.77 8620485.74 863390710.10 -0.00188581 -0.01025130 -0.00711337 -0.00311113 -0.00217261 -0.00510157 -0.00525410 -0.00524457 -0.00511882 -0.00488203 -0.00454340 -0.00411472 -0.00361269 -0.00305968 -0.00248281 -0.00191284 -0.00138117 -0.00091717 -0.00020329 0.00013045 0.00003985 -0.00000134 0.00001027 0.00000035 -0.00000446 -0.00041495 -0.00414920 -0.00216548 -0.31663670 32.02096 
0.300 0.01083258 5 11230755.19 959581.58 1075862.56 88964.63 730638.64 8375707.78 814897806.57 -0.00135244 -0.01031355 -0.00789406 -0.00298233 -0.00195102 -0.00488366 -0.00504400 -0.00505205 -0.00495321 -0.00475078 -0.00445154 -0.00406361 -0.00360012 -0.00308056 -0.00252996 -0.00197763 -0.00145412 -0.00098996 -0.00025234 0.00011720 0.00004067 -0.00000031 0.00000957 -0.00000020 -0.00000478 -0.00041170 -0.00414298 -0.00216083 -0.32128996 35.57885 
0.330 0.01099733 5 10575701.90 1053994.01 875139.79 -149271.37 790785.39 8005054.08 768598892.04 -0.00031639 -0.01043123 -0.00912989 -0.00309337 -0.00180300 -0.00478683 -0.00495365 -0.00497152 -0.00488565 -0.00469857 -0.00441607 -0.00404492 -0.00359692 -0.00309052 -0.00255008 -0.00200460 -0.00148446 -0.00102026 -0.00027137 0.00011538 0.00004240 -0.00000027 0.00000858 -0.00000095 -0.00000527 -0.00041017 -0.00425666 -0.00221331 -0.34228619 39.13673 
0.360 0.01220805 4 5775958.89 -1022950.84 -1132244.86 -347643.00 1900035.23 6378762.37 631719949.89 0.00289904 -0.00994149 -0.01220805 -0.00431815 -0.00179224 -0.00207892 -0.00208811 -0.00207231 -0.00203485 -0.00197472 -0.00189045 -0.00178020 -0.00164212 -0.00147501 -0.00127959 -0.00106058 -0.00082911 -0.00060312 -0.00019071 0.00006168 0.00003228 0.00000149 0.00000124 -0.00000187 -0.00000321 -0.00018571 -0.00468964 -0.00229704 -0.39889097 42.69462 
0.390 0.01489150 4 4449173.07 -723986.83 -2259114.39 -607803.71 1933718.80 6106359.21 562676354.06 0.00472439 -0.01190574 -0.01489150 -0.00497281 -0.00156116 -0.00128337 -0.00126234 -0.00123866 -0.00120868 -0.00117145 -0.00112561 -0.00106937 -0.00100071 -0.00091764 -0.00081858 -0.00070245 -0.00057098 -0.00043161 -0.00014533 0.00004832 0.00002851 0.00000232 -0.00000033 -0.00000157 -0.00000245 -0.00011451 -0.00525793 -0.00252563 -0.44817609 46.25250 
0.420 0.01764143 4 3058918.71 -728252.13 -3057104.01 -939353.04 2076393.54 5707234.35 496334230.32 0.00663568 -0.01431991 -0.01764143 -0.00584850 -0.00139247 -0.00032456 -0.00025068 -0.00020263 -0.00016771 -0.00014502 -0.00013317 -0.00013032 -0.00013424 -0.00014239 -0.00015185 -0.00015834 -0.00015647 -0.00013964 -0.00005396 0.00002656 0.00001619 0.00000193 -0.00000093 -0.00000100 -0.00000176 -0.00001898 -0.00593926 -0.00279427 -0.50255184 49.81039 
0.450 0.02062332 4 1820439.66 -992587.98 -3586239.63 -1184400.97 2220660.47 5363007.78 447251442.83 0.00865555 -0.01697731 -0.02062332 -0.00697340 -0.00132038 0.00066175 0.00079667 0.00087611 0.00092374 0.00094040 0.00092742 0.00088660 0.00082023 0.00073104 0.00062283 0.00050237 0.00037874 0.00026622 0.00010488 0.00001612 -0.00000038 -0.00000059 -0.00000152 -0.00000028 -0.00000099 0.00008887 -0.00676703 -0.00312501 -0.56822940 53.36827 
0.480 0.02352977 4 647658.40 -1408208.54 -3975222.91 -1338040.78 2258275.80 5110854.83 407373208.86 0.01059480 -0.01975599 -0.02352977 -0.00813731 -0.00129563 0.00171835 0.00192171 0.00203715 0.00210044 0.00211232 0.00207413 0.00198771 0.00185548 0.00168049 0.00146783 0.00122847 0.00097656 0.00073284 0.00029794 0.00001030 -0.00001572 -0.00000319 -0.00000205 0.00000041 -0.00000023 0.00020719 -0.00762325 -0.00346354 -0.63353810 56.92616 
0.510 0.02686102 5 9147907.91 273681.98 292664.55 228421.51 798881.80 7554258.07 730932062.26 0.01172937 -0.02547998 -0.02654404 -0.01415757 -0.00201501 -0.00358435 -0.00394147 -0.00415943 -0.00431066 -0.00439507 -0.00441250 -0.00436299 -0.00424660 -0.00406343 -0.00381381 -0.00349843 -0.00311918 -0.00268477 -0.00151996 -0.00014356 0.00015026 0.00004563 0.00000056 -0.00000584 -0.00000438 -0.00051430 -0.01039402 -0.00514568 -0.92764985 60.48404 
0.540 0.03134584 5 8835408.47 49322.71 17108.04 396559.42 776866.54 7595551.76 732931419.87 0.01453540 -0.02980866 -0.03116771 -0.01696848 -0.00188553 -0.00278425 -0.00315369 -0.00339404 -0.00357800 -0.00370494 -0.00377382 -0.00378345 -0.00373236 -0.00361911 -0.00344273 -0.00320222 -0.00289601 -0.00252734 -0.00145940 -0.00012560 0.00015260 0.00004332 0.00000094 -0.00000531 -0.00000419 -0.00045104 -0.01200269 -0.00586618 -1.06455069 64.04193 
