0.001 0.00011789 5 51540.17 596.75 -3320.83 -1830.41 3699.23 52395.43 4590586.42 -0.00000391 -0.00005036 -0.00011644 -0.00003012 0.00000412 0.00004953 0.00005352 0.00004972 0.00004454 0.00003853 0.00003197 0.00002535 0.00001910 0.00001351 0.00000861 0.00000436 0.00000075 -0.00000224 -0.00000448 0.00000070 0.00001031 0.00000004 -0.00001034 -0.00000143 0.00000190 0.00000339 -0.00003399 -0.00001413 -0.00237204 0.05498 
0.030 0.00171580 5 1525806.91 8112.49 -84109.29 -31656.42 114421.46 1519038.67 135092302.91 -0.00057748 -0.00164561 -0.00088821 -0.00052257 -0.00028551 -0.00020722 -0.00019591 -0.00018310 -0.00016466 -0.00014196 -0.00011683 -0.00009142 -0.00006763 -0.00004685 -0.00002993 -0.00001717 -0.00000837 -0.00000302 0.00000166 0.00000317 0.00000672 -0.00000184 -0.00000938 -0.00000222 0.00000067 -0.00000976 -0.00062193 -0.00029673 -0.03786005 1.64951 
0.060 0.00326845 5 3019186.95 20151.39 -157098.90 -20708.76 235754.72 2941088.51 264903686.07 -0.00113944 -0.00319380 -0.00164101 -0.00101532 -0.00057879 -0.00051300 -0.00049910 -0.00047273 -0.00043153 -0.00037788 -0.00031589 -0.00025099 -0.00018873 -0.00013320 -0.00008680 -0.00005051 -0.00002416 -0.00000666 0.00000922 0.00000739 0.00000298 -0.00000358 -0.00000760 -0.00000297 -0.00000091 -0.00002684 -0.00120252 -0.00057797 -0.07359393 3.29902 
0.090 0.00474340 5 4487683.23 33625.92 -176826.90 7216.59 349526.00 4274141.62 389029285.44 -0.00166394 -0.00466633 -0.00234549 -0.00148177 -0.00087060 -0.00087433 -0.00086352 -0.00082770 -0.00076735 -0.00068574 -0.00058785 -0.00048053 -0.00037199 -0.00027112 -0.00018378 -0.00011291 -0.00005932 -0.00002184 0.00001598 0.00001458 -0.00000010 -0.00000502 -0.00000498 -0.00000342 -0.00000254 -0.00004985 -0.00175602 -0.00084966 -0.10851252 4.94854 
0.120 0.00618128 5 5908957.00 60977.79 -187896.13 32482.12 458708.41 5544684.81 507579288.88 -0.00218192 -0.00610185 -0.00302950 -0.00193586 -0.00115952 -0.00122133 -0.00121259 -0.00116679 -0.00108705 -0.00097760 -0.00084502 -0.00069830 -0.00054772 -0.00040407 -0.00027754 -0.00017342 -0.00009353 -0.00003667 0.00002267 0.00002204 -0.00000270 -0.00000595 -0.00000189 -0.00000355 -0.00000399 -0.00007177 -0.00229703 -0.00111492 -0.14255782 6.59805 
0.150 0.00758000 5 7260711.66 93473.29 -178599.80 58117.17 553558.47 6734162.53 618760142.92 -0.00270095 -0.00749588 -0.00369219 -0.00238260 -0.00144199 -0.00159557 -0.00158366 -0.00152401 -0.00142152 -0.00128121 -0.00111123 -0.00092272 -0.00072862 -0.00054211 -0.00037512 -0.00023634 -0.00012904 -0.00005199 0.00002988 0.00003046 -0.00000425 -0.00000620 0.00000146 -0.00000336 -0.00000514 -0.00009455 -0.00282680 -0.00137536 -0.17599612 8.24756 
0.180 0.00899888 5 8489560.40 101369.01 -154811.55 55492.89 622339.66 7865170.40 721940018.14 -0.00322130 -0.00889316 -0.00437438 -0.00281302 -0.00171925 -0.00194641 -0.00193303 -0.00186256 -0.00174163 -0.00157550 -0.00137300 -0.00114611 -0.00090979 -0.00067981 -0.00047059 -0.00029436 -0.00015813 -0.00006071 0.00004144 0.00003987 -0.00000498 -0.00000584 0.00000488 -0.00000275 -0.00000585 -0.00011618 -0.00335497 -0.00163445 -0.20913882 9.89707 
0.210 0.01055942 5 9493909.91 226904.16 157579.97 -267267.59 574708.62 8801984.74 792210163.64 -0.00329112 -0.01024298 -0.00556418 -0.00306077 -0.00190518 -0.00236700 -0.00235677 -0.00227686 -0.00213678 -0.00194232 -0.00170310 -0.00143236 -0.00114700 -0.00086610 -0.00060744 -0.00038599 -0.00021261 -0.00008729 0.00004750 0.00005109 -0.00000369 -0.00000527 0.00000747 -0.00000183 -0.00000596 -0.00014417 -0.00385531 -0.00188387 -0.24590972 11.54658 
0.240 0.01191661 5 9290401.34 157498.57 27734.98 -576699.23 298752.83 9383114.18 802186326.71 -0.00314429 -0.01145222 -0.00681322 -0.00311256 -0.00185489 -0.00220318 -0.00218633 -0.00210994 -0.00198105 -0.00180353 -0.00158450 -0.00133407 -0.00106632 -0.00079889 -0.00054992 -0.00033548 -0.00016806 -0.00005031 0.00006517 0.00005113 -0.00000587 -0.00000510 0.00000883 -0.00000118 -0.00000582 -0.00013211 -0.00419448 -0.00203645 -0.26746662 13.19610 
0.270 0.01301988 5 7837407.09 -42078.71 -443239.90 -1236883.21 167280.98 9392327.94 743873954.83 -0.00214244 -0.01241841 -0.00851964 -0.00289005 -0.00149817 -0.00164129 -0.00162448 -0.00157490 -0.00149494 -0.00138485 -0.00124572 -0.00107956 -0.00089142 -0.00069114 -0.00049269 -0.00031144 -0.00016248 -0.00005494 0.00005398 0.00004587 -0.00000589 -0.00000461 0.00000891 -0.00000119 -0.00000586 -0.00010404 -0.00432797 -0.00208412 -0.28033419 14.84561 
0.300 0.01424265 5 5221375.53 -665745.11 -1402102.97 -1807418.77 249154.26 8847488.11 641974974.56 -0.00023527 -0.01354296 -0.01090453 -0.00268463 -0.00097662 -0.00029438 -0.00023514 -0.00019740 -0.00016822 -0.00014631 -0.00012978 -0.00011626 -0.00010317 -0.00008786 -0.00006769 -0.00004120 -0.00001232 0.00001099 0.00002792 0.00001183 -0.00001046 -0.00000277 0.00000822 -0.00000163 -0.00000594 -0.00001219 -0.00443907 -0.00208741 -0.29357005 16.49512 
0.330 0.01477050 5 3177316.75 -1181394.21 -2239083.46 -2222636.77 105579.26 8714851.94 571673300.70 0.00031803 -0.01399483 -0.01150098 -0.00253944 -0.00062786 0.00116071 0.00128249 0.00133093 0.00133595 0.00129901 0.00122253 0.00110959 0.00096466 0.00079628 0.00061909 0.00045066 0.00030651 0.00019298 0.00003400 -0.00003602 -0.00002183 -0.00000096 0.00000804 -0.00000181 -0.00000591 0.00010428 -0.00435884 -0.00198792 -0.27686432 18.14463 
0.360 0.01702375 5 -10362005.20 746209.83 -1033624.84 -579451.71 -642345.97 -8852792.51 -871468810.24 -0.00064617 0.01702375 0.01358415 0.00372399 0.00244179 0.00501285 0.00511348 0.00509896 0.00500925 0.00484430 0.00460407 0.00428881 0.00390055 0.00344650 0.00294225 0.00241196 0.00188540 0.00139178 0.00049674 -0.00009836 -0.00007158 -0.00001066 -0.00000895 -0.00000350 -0.00000215 0.00044856 0.00599716 0.00304962 0.46286162 19.79414 
0.390 0.02020013 5 -8962342.88 702832.12 -221247.08 -332352.47 -685272.57 -8426302.89 -799723920.54 -0.00289707 0.02020013 0.01685987 0.00373017 0.00217385 0.00472597 0.00481853 0.00481261 0.00474581 0.00461786 0.00442823 0.00417619 0.00386119 0.00348420 0.00305101 0.00257647 0.00208393 0.00160144 0.00065085 -0.00006973 -0.00008549 -0.00001616 -0.00000643 -0.00000304 -0.00000285 0.00044822 0.00658201 0.00332360 0.51618391 21.44365 
0.420 0.02367047 5 -7344378.07 572254.48 615075.47 265535.69 -936744.59 -7860499.12 -711761275.56 -0.00525155 0.02367047 0.02041391 0.00367569 0.00185365 0.00419845 0.00426375 0.00425306 0.00419919 0.00410176 0.00396000 0.00377277 0.00353863 0.00325624 0.00292567 0.00255064 0.00214120 0.00171725 0.00079283 -0.00002181 -0.00009530 -0.00002238 -0.00000371 -0.00000245 -0.00000353 0.00042016 0.00720131 0.00359900 0.56857781 23.09317 
0.450 0.02732024 5 -4631623.24 462412.16 1945581.75 1362324.88 -1542830.17 -6859111.85 -569965431.19 -0.00817474 0.02732024 0.02464811 0.00362412 0.00136963 0.00275739 0.00273059 0.00267664 0.00261231 0.00253716 0.00245021 0.00234990 0.00223400 0.00209969 0.00194438 0.00176627 0.00156447 0.00133936 0.00073623 0.00004723 -0.00008114 -0.00002512 -0.00000104 -0.00000221 -0.00000439 0.00028138 0.00783692 0.00382324 0.61592246 24.74268 
0.480 0.03012181 5 4308315.98 3494627.42 4836448.86 3055302.48 -2044425.97 -5033636.83 -264665985.36 -0.01246983 0.03012181 0.02918330 0.00455567 0.00046542 -0.00340064 -0.00376264 -0.00391491 -0.00392211 -0.00379314 -0.00354233 -0.00318890 -0.00275750 -0.00227739 -0.00177859 -0.00128941 -0.00083537 -0.00044040 0.00011849 0.00020037 0.00001224 -0.00001825 0.00000241 -0.00000249 -0.00000578 -0.00029434 0.00830397 0.00373634 0.62481814 26.39219 
0.510 0.03363682 5 6929353.17 4153041.24 5967877.99 3380158.57 -1818103.32 -4753621.32 -171178761.55 -0.01462197 0.03363682 0.03236798 0.00534090 0.00021021 -0.00546541 -0.00594302 -0.00614077 -0.00615203 -0.00598643 -0.00565972 -0.00519392 -0.00461781 -0.00396625 -0.00327595 -0.00258158 -0.00191454 -0.00130447 -0.00026329 0.00024833 0.00006789 -0.00001031 0.00000335 -0.00000290 -0.00000622 -0.00051118 0.00907156 0.00398099 0.66820663 28.04170 
