0.001 0.00014617 5 70847.83 1747.42 7030.40 -10731.52 -2510.87 75312.40 5975718.05 -0.00002295 -0.00007867 -0.00012621 -0.00003237 0.00000027 0.00004792 0.00005237 0.00004901 0.00004414 0.00003830 0.00003181 0.00002519 0.00001891 0.00001326 0.00000832 0.00000406 0.00000046 -0.00000253 -0.00000475 0.00000030 0.00000954 -0.00000046 -0.00001047 -0.00000174 0.00000159 0.00000325 -0.00004268 -0.00001828 -0.00272601 0.25326 
0.030 0.00245669 5 1952865.14 -25022.68 156297.44 -280679.79 -49440.20 2151710.37 172193177.08 -0.00103303 -0.00238596 -0.00113308 -0.00055956 -0.00036009 -0.00028701 -0.00027451 -0.00025946 -0.00023774 -0.00020956 -0.00017609 -0.00013940 -0.00010325 -0.00007140 -0.00004533 -0.00002538 -0.00001130 -0.00000238 0.00000518 0.00000360 0.00000007 -0.00000329 -0.00000483 -0.00000320 -0.00000262 -0.00001496 -0.00082879 -0.00039646 -0.04604222 7.59768 
0.060 0.00454409 5 3798463.12 -129340.28 331839.41 -417995.62 -35289.34 4049248.96 335018270.39 -0.00183163 -0.00447026 -0.00206337 -0.00109470 -0.00073564 -0.00075359 -0.00074883 -0.00072830 -0.00069155 -0.00063851 -0.00056988 -0.00048701 -0.00039370 -0.00029615 -0.00020250 -0.00012239 -0.00006150 -0.00001930 0.00002201 0.00001742 -0.00000312 -0.00000437 -0.00000007 -0.00000263 -0.00000381 -0.00004722 -0.00156233 -0.00075747 -0.09026631 15.19536 
0.090 0.00593500 5 4992461.99 -289704.04 208802.41 -386416.25 106828.45 5352951.42 455353504.37 -0.00220539 -0.00585950 -0.00273193 -0.00153100 -0.00097988 -0.00116582 -0.00119129 -0.00119116 -0.00117039 -0.00112814 -0.00106337 -0.00097486 -0.00086207 -0.00072714 -0.00057721 -0.00042437 -0.00028262 -0.00016424 -0.00000436 0.00004254 0.00000262 -0.00000459 0.00000332 -0.00000203 -0.00000439 -0.00009380 -0.00206070 -0.00101584 -0.12503042 22.79303 
0.120 0.00655159 5 5564262.51 -373958.69 6633.91 -246463.42 279124.84 5898925.87 515839849.05 -0.00228958 -0.00645996 -0.00312261 -0.00182127 -0.00110800 -0.00132290 -0.00135452 -0.00135781 -0.00133880 -0.00129670 -0.00123050 -0.00113896 -0.00102093 -0.00087594 -0.00070636 -0.00052098 -0.00033241 -0.00015906 0.00008085 0.00009433 0.00000095 -0.00000892 0.00000558 -0.00000107 -0.00000445 -0.00010410 -0.00231887 -0.00114234 -0.14378641 30.39071 
0.150 0.00679145 5 5283956.00 -443410.55 -339151.03 -243387.14 330826.17 5979078.55 515853907.47 -0.00220480 -0.00662281 -0.00350052 -0.00190078 -0.00105036 -0.00116198 -0.00119217 -0.00120313 -0.00119941 -0.00118008 -0.00114382 -0.00108900 -0.00101389 -0.00091697 -0.00079754 -0.00065618 -0.00049520 -0.00032494 -0.00000758 0.00010821 0.00001439 -0.00000740 0.00000579 -0.00000091 -0.00000426 -0.00010532 -0.00239837 -0.00118025 -0.15087187 37.98839 
0.180 0.00757492 5 6003141.16 17780.83 -951561.47 -592745.82 774447.11 6755220.50 578082832.15 -0.00118658 -0.00725309 -0.00468418 -0.00228297 -0.00121937 -0.00216356 -0.00227002 -0.00233119 -0.00236270 -0.00236465 -0.00233722 -0.00228077 -0.00219574 -0.00208253 -0.00194142 -0.00177249 -0.00157577 -0.00135276 -0.00075511 -0.00010412 0.00003106 0.00001411 0.00000461 -0.00000340 -0.00000497 -0.00027373 -0.00273631 -0.00142813 -0.20551876 45.58607 
0.210 0.00825254 5 7289024.05 343791.73 -338024.09 -769111.70 689569.18 7362798.93 634606935.99 -0.00104895 -0.00787615 -0.00520477 -0.00222788 -0.00145311 -0.00364021 -0.00384156 -0.00395855 -0.00402535 -0.00404220 -0.00400957 -0.00392828 -0.00379948 -0.00362468 -0.00340553 -0.00314352 -0.00283986 -0.00249702 -0.00154433 -0.00033684 0.00004797 0.00003898 0.00000464 -0.00000532 -0.00000525 -0.00048920 -0.00297049 -0.00165237 -0.24563677 53.18375 
0.240 0.00863810 5 8910153.30 760462.96 582732.76 -752958.75 523782.06 7796134.27 690078827.86 -0.00090043 -0.00823113 -0.00540383 -0.00199851 -0.00165843 -0.00563550 -0.00598145 -0.00618438 -0.00630652 -0.00634807 -0.00630958 -0.00619196 -0.00599668 -0.00572599 -0.00538284 -0.00497011 -0.00449013 -0.00394934 -0.00247480 -0.00057480 0.00007184 0.00006369 0.00000466 -0.00000720 -0.00000549 -0.00077293 -0.00307181 -0.00185059 -0.28301764 60.78142 
0.270 0.00840957 5 11346494.54 1454401.14 1891029.06 -382683.95 482004.58 7901743.71 757231605.23 -0.00037744 -0.00798407 -0.00538427 -0.00183948 -0.00196440 -0.00851989 -0.00906388 -0.00937309 -0.00955046 -0.00959624 -0.00951107 -0.00929603 -0.00895312 -0.00848662 -0.00790496 -0.00722145 -0.00645236 -0.00562257 -0.00350651 -0.00085433 0.00008168 0.00008453 0.00000417 -0.00000873 -0.00000550 -0.00114514 -0.00309416 -0.00205880 -0.33130117 68.37910 
0.300 0.00788572 5 14076311.40 2331462.79 3136390.26 109409.48 644013.71 7855035.16 830618467.38 0.00011707 -0.00746374 -0.00511271 -0.00176460 -0.00240622 -0.01136232 -0.01206910 -0.01244318 -0.01263010 -0.01263046 -0.01244557 -0.01207732 -0.01153098 -0.01082346 -0.00998565 -0.00905309 -0.00805366 -0.00700884 -0.00438974 -0.00108849 0.00010335 0.00010732 0.00000293 -0.00001044 -0.00000532 -0.00147554 -0.00310711 -0.00224038 -0.37636755 75.97678 
0.330 0.00772795 5 -10106194.71 -752972.69 -5684081.73 1176528.78 2076173.30 -6921842.37 -563311138.27 0.00488802 0.00772795 0.00162977 -0.00021608 0.00150158 0.00669790 0.00703773 0.00716931 0.00718350 0.00708100 0.00686357 0.00653425 0.00609898 0.00556958 0.00496478 0.00430940 0.00362998 0.00295380 0.00148822 0.00008503 -0.00014586 -0.00004125 -0.00000292 0.00000159 -0.00000070 0.00072802 0.00218021 0.00140877 0.15671308 83.57446 
0.360 0.00801413 5 -9551183.21 -71024.44 -5399768.47 1049469.96 2054637.35 -7184497.61 -584322462.37 0.00484677 0.00801413 0.00174902 -0.00023313 0.00151364 0.00642638 0.00675658 0.00690052 0.00694451 0.00688882 0.00673429 0.00648256 0.00613621 0.00569940 0.00518074 0.00459809 0.00397307 0.00332996 0.00183530 0.00022601 -0.00015487 -0.00005702 -0.00000172 0.00000338 -0.00000037 0.00074832 0.00221952 0.00143798 0.16058710 91.17214 
0.390 0.00822839 5 -8873538.36 573742.26 -4990090.76 962059.29 2017706.44 -7436955.60 -599663579.71 0.00463807 0.00822839 0.00186271 -0.00025164 0.00158887 0.00606834 0.00636184 0.00649676 0.00655122 0.00652506 0.00641835 0.00623164 0.00596601 0.00562320 0.00520636 0.00472188 0.00418021 0.00359940 0.00213416 0.00036228 -0.00015786 -0.00007128 -0.00000077 0.00000506 0.00000003 0.00074770 0.00224870 0.00145133 0.16382834 98.76981 
0.420 0.00945682 2 -8913421.65 4799904.70 -6614628.24 -616310.82 -269104.83 -6213282.46 -783813909.22 -0.00251214 0.00218484 -0.00205985 -0.00101781 0.00945682 0.01571196 0.01567246 0.01554227 0.01534482 0.01508039 0.01474870 0.01434814 0.01386886 0.01327553 0.01251192 0.01155105 0.01042041 0.00919849 0.00614788 0.00176381 -0.00031273 -0.00029266 0.00001160 0.00002712 0.00000333 0.00185422 0.00252905 0.00217057 0.43356714 106.36749 
0.450 0.01249679 2 -7646595.87 5594473.75 -7183385.38 -40362.05 -257809.87 -5759512.32 -729584703.65 -0.00502570 0.00006971 -0.00328313 -0.00111175 0.01249353 0.01744564 0.01717100 0.01686722 0.01651113 0.01610346 0.01564436 0.01513259 0.01455816 0.01388474 0.01305783 0.01205015 0.01088142 0.00962706 0.00652689 0.00203102 -0.00020784 -0.00028092 0.00000841 0.00002609 0.00000371 0.00198004 0.00275873 0.00234507 0.51218470 113.96517 
0.480 0.01376352 2 -7312044.22 4763783.83 -5523105.01 -1197672.64 -1110041.36 -4245009.03 -671178871.31 -0.00920050 -0.00409684 -0.00353270 0.00340095 0.01366021 0.01834364 0.01811996 0.01783314 0.01748723 0.01708326 0.01662168 0.01610175 0.01551423 0.01482374 0.01398275 0.01296056 0.01176677 0.01046618 0.00718888 0.00238914 -0.00008541 -0.00026983 0.00001054 0.00002530 0.00000265 0.00213398 0.00330202 0.00268153 0.65735148 121.56285 
0.510 0.01533344 2 -2272245.62 8607751.21 -10910997.95 2811822.17 2751467.05 -5532288.10 -453753372.38 -0.00830342 -0.00308266 -0.00573038 0.00046075 0.01533344 0.01602070 0.01521776 0.01452142 0.01384137 0.01317981 0.01253775 0.01191462 0.01129999 0.01065500 0.00993036 0.00908430 0.00810600 0.00706117 0.00473714 0.00177557 0.00011979 -0.00015440 0.00000508 0.00001231 -0.00000088 0.00158556 0.00283052 0.00216916 0.53859634 129.16053 
0.540 0.01633126 2 -1803502.54 9219759.14 -10878234.37 2884930.43 2701535.20 -5731492.94 -468615907.86 -0.00941657 -0.00354106 -0.00529049 0.00147239 0.01632932 0.01637932 0.01544804 0.01466005 0.01390144 0.01317519 0.01248248 0.01182253 0.01118208 0.01051568 0.00976911 0.00888531 0.00784520 0.00673093 0.00430909 0.00152538 0.00015812 -0.00011043 0.00000248 0.00000808 -0.00000127 0.00155309 0.00331239 0.00237781 0.59514700 136.75820 
0.570 0.01717711 2 -1469374.72 9578142.91 -10805567.52 3436406.47 2414776.46 -6093133.04 -488392626.16 -0.01106342 -0.00351388 -0.00448807 0.00292978 0.01717711 0.01695569 0.01592978 0.01507050 0.01424855 0.01346817 0.01273073 0.01203543 0.01136656 0.01067368 0.00989095 0.00893931 0.00779972 0.00656625 0.00392165 0.00114822 0.00007460 -0.00010125 0.00000364 0.00000725 -0.00000143 0.00154288 0.00390975 0.00265241 0.66740728 144.35588 
0.600 0.01810375 2 -838506.93 10083201.05 -10935404.54 3866989.98 2170448.13 -6023741.55 -480288800.85 -0.01241848 -0.00352131 -0.00394333 0.00389429 0.01809877 0.01712009 0.01595459 0.01499133 0.01407703 0.01321703 0.01241279 0.01166332 0.01094989 0.01021668 0.00939092 0.00838021 0.00716687 0.00585830 0.00310447 0.00048118 -0.00012813 -0.00009925 0.00000956 0.00000769 -0.00000176 0.00143459 0.00438397 0.00281719 0.71605620 151.95356 
0.630 0.01897442 2 -336413.34 10527263.92 -11128122.35 4287239.93 1959558.15 -5982352.99 -474796241.71 -0.01372579 -0.00341594 -0.00335009 0.00467650 0.01895479 0.01753614 0.01625303 0.01519928 0.01420303 0.01327069 0.01240374 0.01160110 0.01084159 0.01006457 0.00919032 0.00811434 0.00681997 0.00542533 0.00250203 -0.00013295 -0.00037097 -0.00012015 0.00001471 0.00000986 -0.00000177 0.00136874 0.00482365 0.00298832 0.76475483 159.55124 
0.660 0.02002681 2 -6536114.52 2980005.81 -8500248.53 1515429.33 1379896.48 -3911197.61 -415685669.52 -0.01597548 -0.01019189 -0.00720205 0.00795580 0.02002681 0.02756941 0.02730882 0.02694891 0.02650946 0.02599563 0.02540730 0.02474194 0.02397210 0.02302644 0.02182762 0.02028946 0.01843380 0.01638705 0.01118172 0.00361036 -0.00031254 -0.00054687 0.00003324 0.00005343 0.00000499 0.00327095 0.00447632 0.00383600 1.00825638 167.14892 
0.690 0.02127961 2 -6694562.54 2827219.70 -8122150.13 1773189.79 1478865.60 -4651687.51 -447543887.19 -0.01806255 -0.01046174 -0.00707924 0.00978153 0.02126703 0.02922101 0.02897716 0.02862409 0.02818516 0.02766786 0.02707226 0.02639268 0.02558684 0.02456983 0.02327356 0.02162778 0.01966722 0.01750081 0.01194027 0.00384728 -0.00031128 -0.00057779 0.00003612 0.00005703 0.00000559 0.00348638 0.00508730 0.00423685 1.11178653 174.74659 
0.720 0.02325434 2 -6455426.27 3143770.80 -8094708.72 2098517.40 1563292.57 -5166298.32 -467374852.40 -0.01986130 -0.01110568 -0.00778926 0.01053774 0.02323493 0.03116187 0.03085721 0.03045574 0.02997068 0.02941008 0.02877358 0.02804876 0.02717185 0.02604674 0.02461473 0.02285146 0.02079995 0.01854130 0.01271656 0.00416233 -0.00028012 -0.00062217 0.00003108 0.00006007 0.00000646 0.00370681 0.00550904 0.00455165 1.19825914 182.34427 
0.750 0.02568436 2 -5667996.42 3835817.70 -8464329.37 2363302.93 1660051.18 -5062838.88 -447746705.07 -0.02141883 -0.01230913 -0.00968197 0.00966339 0.02566586 0.03437026 0.03396150 0.03347848 0.03292071 0.03229569 0.03160085 0.03081461 0.02984623 0.02857746 0.02691520 0.02491827 0.02265983 0.02019628 0.01392819 0.00466289 -0.00020206 -0.00066274 0.00002722 0.00006306 0.00000712 0.00407222 0.00544493 0.00471571 1.25694581 189.94195 
0.780 0.02806519 2 -646982.61 9495266.25 -8584937.05 3262494.57 -737981.64 -4081824.75 -481239088.88 -0.02466573 -0.01060544 -0.00501867 0.00922505 0.02791457 0.03078385 0.02956394 0.02855340 0.02757735 0.02664284 0.02574571 0.02485539 0.02385740 0.02260156 0.02100632 0.01910699 0.01683358 0.01444148 0.00907994 0.00233727 -0.00024341 -0.00041798 0.00001012 0.00003757 0.00000380 0.00314531 0.00669848 0.00481095 1.29920590 197.53963 
0.810 0.03043260 2 -904607.83 9803799.97 -8812911.21 3084888.35 -626150.16 -4354234.78 -512631933.45 -0.02699907 -0.01135831 -0.00541696 0.00967817 0.03025493 0.03599932 0.03478412 0.03376968 0.03278703 0.03184085 0.03092512 0.02999910 0.02892507 0.02751935 0.02572394 0.02342114 0.02054395 0.01748423 0.01097544 0.00286053 -0.00018864 -0.00043976 0.00000456 0.00003839 0.00000425 0.00379317 0.00721535 0.00539741 1.44510233 205.13731 
0.840 0.03266633 2 -1006491.87 10044231.83 -8783092.41 2841799.22 -524418.04 -4585012.47 -536786220.26 -0.02911776 -0.01195873 -0.00574625 0.01004146 0.03245583 0.04101703 0.03978963 0.03875970 0.03776016 0.03679385 0.03585238 0.03488595 0.03373644 0.03219665 0.03017997 0.02744363 0.02397841 0.02027878 0.01256150 0.00316607 -0.00019617 -0.00046310 -0.00000132 0.00003899 0.00000456 0.00438888 0.00771656 0.00594882 1.58095493 212.73498 
0.870 0.03469861 2 -961935.11 10305845.40 -8627254.51 2584572.18 -424513.71 -4800584.48 -556587622.15 -0.03088052 -0.01237123 -0.00607580 0.01004489 0.03445561 0.04606381 0.04481014 0.04375499 0.04272932 0.04173470 0.04076107 0.03974985 0.03852438 0.03686165 0.03459575 0.03143209 0.02740491 0.02309394 0.01405340 0.00323364 -0.00030428 -0.00049220 -0.00000279 0.00004063 0.00000463 0.00496643 0.00812774 0.00644838 1.70180838 220.33266 
0.900 0.03639595 2 -806240.75 10457058.67 -8352209.16 2218596.13 -144335.70 -4985350.68 -563089026.79 -0.03238875 -0.01198497 -0.00647201 0.00950202 0.03611667 0.05170314 0.05045158 0.04939201 0.04835594 0.04734766 0.04635479 0.04530583 0.04400077 0.04220064 0.03964543 0.03605883 0.03143191 0.02637051 0.01580820 0.00329523 -0.00044492 -0.00052885 -0.00000464 0.00004267 0.00000466 0.00562680 0.00839766 0.00692572 1.80928615 227.93034 
