0.001 0.00013064 5 49346.83 1225.05 -14483.67 -7709.01 5323.62 64990.85 5141180.60 -0.00000430 -0.00006310 -0.00012351 -0.00003314 0.00000478 0.00005313 0.00005709 0.00005311 0.00004759 0.00004114 0.00003407 0.00002693 0.00002020 0.00001418 0.00000895 0.00000444 0.00000067 -0.00000242 -0.00000473 0.00000048 0.00001004 -0.00000015 -0.00001043 -0.00000155 0.00000179 0.00000352 -0.00003707 -0.00001551 -0.00252942 0.12709 
0.030 0.00203732 5 1347758.13 30575.00 -572427.47 -158037.34 201617.83 1846030.11 147889241.37 -0.00055505 -0.00196647 -0.00108533 -0.00062173 -0.00023504 -0.00006697 -0.00006064 -0.00005831 -0.00005525 -0.00005090 -0.00004504 -0.00003763 -0.00002988 -0.00002261 -0.00001631 -0.00001126 -0.00000761 -0.00000535 -0.00000238 0.00000050 0.00000298 -0.00000279 -0.00000756 -0.00000323 -0.00000140 -0.00000387 -0.00069326 -0.00032704 -0.04138893 3.81256 
0.060 0.00372030 5 2358936.70 19966.39 -1070246.83 -346302.84 338335.21 3417184.77 268034107.98 -0.00105388 -0.00364504 -0.00191148 -0.00109541 -0.00041823 -0.00025101 -0.00026048 -0.00027095 -0.00028054 -0.00028703 -0.00028672 -0.00027539 -0.00025091 -0.00021535 -0.00017351 -0.00013080 -0.00009196 -0.00005975 -0.00001260 0.00000876 0.00000155 -0.00000363 -0.00000404 -0.00000342 -0.00000313 -0.00002541 -0.00125045 -0.00059968 -0.07513949 7.62512 
0.090 0.00526451 5 3160241.63 -99589.16 -1452721.80 -537967.67 423844.55 4826675.71 373744936.05 -0.00153237 -0.00518730 -0.00264191 -0.00150503 -0.00058575 -0.00035310 -0.00037280 -0.00039478 -0.00041896 -0.00044388 -0.00046545 -0.00047847 -0.00047530 -0.00044858 -0.00039819 -0.00033037 -0.00025578 -0.00018481 -0.00006102 0.00001488 0.00000505 -0.00000278 -0.00000076 -0.00000326 -0.00000417 -0.00004729 -0.00175130 -0.00084609 -0.10515709 11.43769 
0.120 0.00637341 5 3973689.08 -377480.92 -1324677.28 -607888.31 432732.71 5851002.88 462600875.84 -0.00188995 -0.00629330 -0.00312798 -0.00178366 -0.00078384 -0.00057784 -0.00060618 -0.00063401 -0.00066327 -0.00069299 -0.00072152 -0.00074677 -0.00076484 -0.00076654 -0.00074036 -0.00067899 -0.00058470 -0.00047121 -0.00021141 0.00000614 0.00001731 0.00000150 0.00000181 -0.00000310 -0.00000473 -0.00008606 -0.00212862 -0.00104356 -0.13059979 15.25025 
0.150 0.00723599 5 -8456427.51 -322423.93 -737363.43 -75127.96 -574255.30 -6747256.90 -650869518.32 0.00214018 0.00723599 0.00340590 0.00226699 0.00164731 0.00292458 0.00297580 0.00291729 0.00278114 0.00257233 0.00229994 0.00197561 0.00161630 0.00124496 0.00088771 0.00056839 0.00030686 0.00011416 -0.00008767 -0.00008269 -0.00000235 0.00000405 -0.00000981 -0.00000354 -0.00000109 0.00019023 0.00273749 0.00138432 0.18626395 19.06281 
0.180 0.00856146 5 -8656821.32 313407.46 -100646.13 -176041.20 -949606.95 -7743934.50 -748415323.37 0.00235328 0.00856146 0.00438158 0.00260000 0.00168913 0.00385494 0.00403905 0.00411313 0.00412687 0.00407955 0.00397029 0.00379815 0.00356274 0.00326516 0.00291034 0.00250942 0.00207869 0.00164238 0.00072133 -0.00005389 -0.00008693 -0.00001586 -0.00000734 -0.00000033 0.00000074 0.00041127 0.00319343 0.00171548 0.23795834 22.87537 
0.210 0.01048644 5 -8818445.55 135240.00 49237.14 169240.20 -843634.31 -8328528.57 -768763377.10 0.00144014 0.01048644 0.00729860 0.00276232 0.00168074 0.00416078 0.00434737 0.00442363 0.00444041 0.00439684 0.00429167 0.00412342 0.00389078 0.00359338 0.00323369 0.00281972 0.00236573 0.00189587 0.00086876 -0.00003752 -0.00010273 -0.00002109 -0.00000693 -0.00000024 0.00000042 0.00045298 0.00389301 0.00206559 0.30088985 26.68794 
0.240 0.01276794 5 -7615413.85 190094.48 711405.83 637796.27 -873897.15 -8280813.28 -721582561.06 -0.00030883 0.01276794 0.01075199 0.00285122 0.00146104 0.00355387 0.00369052 0.00374510 0.00375811 0.00372855 0.00365487 0.00353513 0.00336716 0.00314887 0.00287930 0.00256002 0.00219650 0.00180348 0.00088284 0.00000406 -0.00009487 -0.00002331 -0.00000651 -0.00000029 0.00000004 0.00039945 0.00452783 0.00233474 0.35460908 30.50050 
0.270 0.01470700 5 -6356081.89 316089.05 1240975.59 938707.76 -720791.91 -8131062.38 -665286759.54 -0.00158805 0.01470700 0.01266504 0.00276985 0.00121406 0.00290426 0.00300616 0.00305146 0.00307224 0.00306736 0.00303501 0.00297280 0.00287789 0.00274705 0.00257731 0.00236669 0.00211457 0.00182410 0.00103498 0.00011207 -0.00008604 -0.00003096 -0.00000604 0.00000047 0.00000011 0.00035763 0.00482264 0.00245072 0.37602439 34.31306 
0.300 0.01560617 5 -6061239.65 274865.53 1301119.39 1083778.53 -682790.59 -8038212.52 -645109400.93 -0.00225660 0.01560617 0.01343023 0.00264835 0.00123986 0.00305844 0.00315958 0.00320720 0.00323244 0.00323411 0.00321031 0.00315851 0.00307559 0.00295789 0.00280171 0.00260428 0.00236413 0.00208244 0.00125586 0.00016793 -0.00011137 -0.00004217 -0.00000508 0.00000161 0.00000033 0.00039012 0.00495796 0.00253142 0.39219521 38.12562 
0.330 0.01657740 5 -8000130.03 212173.34 692283.68 574853.93 -329583.16 -9149857.82 -761546085.85 -0.00015748 0.01657740 0.01256924 0.00332198 0.00159444 0.00325899 0.00336596 0.00340244 0.00340048 0.00335938 0.00327781 0.00315392 0.00298538 0.00276962 0.00250483 0.00219160 0.00183511 0.00145118 0.00057070 -0.00018606 -0.00013556 -0.00001602 -0.00000850 -0.00000205 -0.00000091 0.00033638 0.00540811 0.00271389 0.39616918 41.93819 
0.360 0.01779025 5 -8523695.94 -177245.02 514606.26 468995.17 -65021.78 -9265030.58 -764284675.41 -0.00078226 0.01779025 0.01354177 0.00373475 0.00140956 0.00354632 0.00371022 0.00378236 0.00380338 0.00377347 0.00369276 0.00356135 0.00337915 0.00314578 0.00286105 0.00252601 0.00214490 0.00173152 0.00074944 -0.00017329 -0.00016817 -0.00002524 -0.00000768 -0.00000102 -0.00000064 0.00038514 0.00568364 0.00286895 0.42380134 45.75075 
0.390 0.01736560 5 -5874555.45 339765.65 1194873.70 1080323.47 -567425.99 -7922092.28 -630173866.04 -0.00369772 0.01736560 0.01583296 0.00449741 0.00054948 0.00208628 0.00225165 0.00235792 0.00244480 0.00251094 0.00255424 0.00257197 0.00256061 0.00251562 0.00243183 0.00230501 0.00213333 0.00191654 0.00117956 0.00003615 -0.00023317 -0.00006596 -0.00000140 0.00000413 0.00000052 0.00031319 0.00563701 0.00280887 0.44897719 49.56331 
0.420 0.02171424 5 -7685838.12 -56300.50 510861.28 251573.19 -1103466.75 -7288505.34 -679319183.37 -0.00755252 0.02171424 0.02095832 0.00732550 0.00071507 0.00359936 0.00392107 0.00411679 0.00425804 0.00434341 0.00437099 0.00433836 0.00424262 0.00408047 0.00384877 0.00354597 0.00317308 0.00273710 0.00150051 -0.00008773 -0.00033945 -0.00007952 0.00000197 0.00000595 0.00000069 0.00049517 0.00736193 0.00371415 0.63406053 53.37587 
0.450 0.02387041 4 -7612306.44 160049.04 234181.61 217415.34 -1276321.97 -6947630.47 -672212635.43 -0.01107479 0.02258747 0.02357291 0.01168118 0.00116016 0.00312943 0.00348699 0.00371332 0.00388594 0.00400340 0.00406369 0.00406423 0.00400200 0.00387367 0.00367611 0.00340760 0.00306850 0.00266407 0.00148312 -0.00007196 -0.00033130 -0.00007864 0.00000213 0.00000592 0.00000064 0.00046566 0.00872658 0.00433819 0.78796920 57.18844 
