0.001 0.00011758 4 71068.07 -1202.52 3633.43 7822.17 7937.29 52877.69 5656214.92 0.00000073 -0.00004880 -0.00011758 -0.00003475 -0.00000029 0.00004331 0.00004753 0.00004424 0.00003970 0.00003441 0.00002860 0.00002270 0.00001713 0.00001212 0.00000770 0.00000381 0.00000048 -0.00000234 -0.00000443 0.00000066 0.00001010 -0.00000012 -0.00001040 -0.00000152 0.00000182 0.00000306 -0.00003615 -0.00001532 -0.00266560 0.05162 
0.030 0.00175920 5 1976322.93 -68564.52 113520.69 134791.12 186594.96 1609980.69 162852706.69 -0.00049164 -0.00168882 -0.00093792 -0.00062041 -0.00038917 -0.00035761 -0.00034181 -0.00031756 -0.00028281 -0.00024083 -0.00019521 -0.00015029 -0.00010920 -0.00007396 -0.00004560 -0.00002436 -0.00000973 -0.00000075 0.00000611 0.00000435 0.00000351 -0.00000303 -0.00000797 -0.00000308 -0.00000103 -0.00001686 -0.00068496 -0.00033005 -0.04491896 1.54869 
0.060 0.00335802 5 3673553.03 -120734.93 107363.09 230186.20 352711.76 3104026.92 308492321.66 -0.00099923 -0.00328316 -0.00173292 -0.00117631 -0.00073589 -0.00071964 -0.00070026 -0.00065871 -0.00059383 -0.00051042 -0.00041530 -0.00031741 -0.00022597 -0.00014840 -0.00008705 -0.00004173 -0.00001086 0.00000798 0.00001996 0.00000879 -0.00000175 -0.00000457 -0.00000454 -0.00000344 -0.00000292 -0.00003514 -0.00130498 -0.00063041 -0.08459535 3.09739 
0.090 0.00484777 5 5201903.90 -206550.32 107695.23 328915.46 509574.12 4462269.42 442063237.15 -0.00147497 -0.00477051 -0.00247118 -0.00170290 -0.00106749 -0.00101704 -0.00099118 -0.00093280 -0.00084192 -0.00072467 -0.00058993 -0.00044949 -0.00031567 -0.00019974 -0.00010922 -0.00004409 -0.00000107 0.00002411 0.00003586 0.00001284 -0.00000653 -0.00000551 -0.00000085 -0.00000334 -0.00000428 -0.00004906 -0.00188676 -0.00091053 -0.12157042 4.64608 
0.120 0.00620944 5 6587720.06 -266771.72 108487.32 410888.60 655975.76 5679140.09 561852641.27 -0.00191628 -0.00612964 -0.00314269 -0.00218082 -0.00137151 -0.00136808 -0.00134319 -0.00127501 -0.00116546 -0.00102019 -0.00084914 -0.00066537 -0.00048429 -0.00032059 -0.00018581 -0.00008522 -0.00001659 0.00002558 0.00005121 0.00002128 -0.00000905 -0.00000584 0.00000283 -0.00000293 -0.00000525 -0.00006985 -0.00241958 -0.00117135 -0.15623599 6.19478 
0.150 0.00738555 5 7918456.15 -257974.42 112964.97 522438.83 824412.91 6716613.85 669521952.31 -0.00226108 -0.00729581 -0.00373571 -0.00261901 -0.00164807 -0.00193372 -0.00192365 -0.00185526 -0.00173487 -0.00156706 -0.00136042 -0.00112628 -0.00088069 -0.00064280 -0.00042951 -0.00025384 -0.00012311 -0.00003301 0.00005326 0.00003914 -0.00000672 -0.00000558 0.00000620 -0.00000214 -0.00000572 -0.00011324 -0.00289279 -0.00141622 -0.19048178 7.74347 
0.180 0.00816274 5 8890266.22 -129923.14 181285.11 535149.94 899196.96 7404557.35 737262590.46 -0.00258372 -0.00802370 -0.00397566 -0.00283843 -0.00180526 -0.00255180 -0.00258012 -0.00253190 -0.00242184 -0.00225303 -0.00203206 -0.00176725 -0.00147223 -0.00116653 -0.00087160 -0.00060636 -0.00038572 -0.00021611 0.00000024 0.00005956 0.00000318 -0.00000416 0.00000833 -0.00000127 -0.00000561 -0.00017606 -0.00316162 -0.00157562 -0.21195850 9.29217 
0.210 0.00876756 5 9826383.19 -111031.17 252248.93 823997.84 1189220.70 7671946.90 798567961.84 -0.00234601 -0.00850827 -0.00494603 -0.00311119 -0.00198230 -0.00397031 -0.00411591 -0.00415251 -0.00411781 -0.00401104 -0.00383166 -0.00357962 -0.00325756 -0.00287418 -0.00244553 -0.00199429 -0.00154797 -0.00113301 -0.00039328 0.00008472 0.00005293 0.00000388 0.00000547 -0.00000223 -0.00000514 -0.00037017 -0.00352402 -0.00184862 -0.26401481 10.84086 
0.240 0.00992059 5 10108352.92 159143.25 -119933.83 836337.31 1042937.38 8189868.81 822466985.37 -0.00183765 -0.00948700 -0.00649948 -0.00330925 -0.00197569 -0.00448460 -0.00467373 -0.00474122 -0.00473473 -0.00465313 -0.00449510 -0.00425930 -0.00394554 -0.00355740 -0.00310611 -0.00261241 -0.00210442 -0.00161254 -0.00065402 0.00006445 0.00007706 0.00001166 0.00000570 -0.00000194 -0.00000455 -0.00045209 -0.00392264 -0.00207900 -0.30675836 12.38956 
0.270 0.01077154 5 10246629.63 285814.06 -141837.13 729214.51 1269461.11 8103977.09 825143159.82 -0.00086708 -0.01022935 -0.00861703 -0.00341916 -0.00195562 -0.00503721 -0.00526587 -0.00536141 -0.00538045 -0.00532170 -0.00518346 -0.00496374 -0.00466100 -0.00427553 -0.00381305 -0.00328993 -0.00273232 -0.00217260 -0.00099547 0.00001868 0.00010593 0.00002234 0.00000524 -0.00000207 -0.00000386 -0.00054262 -0.00433421 -0.00232003 -0.35872278 13.93825 
0.300 0.01219280 5 7243948.59 -16244.66 -1046415.25 -740526.64 1459680.47 7587454.66 688183028.67 0.00141104 -0.01150752 -0.01179031 -0.00320755 -0.00147689 -0.00363964 -0.00379622 -0.00387571 -0.00391698 -0.00391862 -0.00387858 -0.00379434 -0.00366302 -0.00348164 -0.00324747 -0.00295852 -0.00261555 -0.00222871 -0.00123163 -0.00011555 0.00010928 0.00003536 0.00000303 -0.00000239 -0.00000247 -0.00044911 -0.00458644 -0.00238859 -0.38763628 15.48695 
0.330 0.01395644 4 5448267.61 -288286.90 -1357102.10 -1385236.12 1415967.20 7062925.52 595696784.76 0.00365679 -0.01262892 -0.01395644 -0.00374462 -0.00128181 -0.00272115 -0.00283959 -0.00290985 -0.00295889 -0.00298533 -0.00298707 -0.00296153 -0.00290567 -0.00281610 -0.00268936 -0.00252200 -0.00231102 -0.00205560 -0.00127360 -0.00020074 0.00010320 0.00004217 0.00000171 -0.00000246 -0.00000146 -0.00037212 -0.00490212 -0.00249568 -0.42485390 17.03564 
0.360 0.01614664 4 4620525.49 -485443.97 -1452834.33 -1618603.25 1458211.42 6719195.62 553436664.09 0.00538634 -0.01441050 -0.01614664 -0.00436833 -0.00123704 -0.00225004 -0.00234406 -0.00240389 -0.00245065 -0.00248302 -0.00249899 -0.00249607 -0.00247130 -0.00242132 -0.00234260 -0.00223154 -0.00208472 -0.00189937 -0.00126405 -0.00025295 0.00009799 0.00004653 0.00000043 -0.00000247 -0.00000057 -0.00032705 -0.00542277 -0.00271581 -0.47285852 18.58434 
0.390 0.01828739 4 3791948.36 -796947.75 -1617365.18 -1731367.54 1590093.28 6347535.54 519232770.78 0.00707830 -0.01601424 -0.01828739 -0.00529510 -0.00123818 -0.00156664 -0.00161628 -0.00165108 -0.00168393 -0.00171362 -0.00173826 -0.00175546 -0.00176236 -0.00175570 -0.00173193 -0.00168739 -0.00161850 -0.00152182 -0.00111451 -0.00028296 0.00008426 0.00004729 -0.00000068 -0.00000221 0.00000034 -0.00024627 -0.00600633 -0.00294645 -0.52385085 20.13303 
0.420 0.02075639 5 10783329.25 1232251.69 845879.42 90644.52 754667.92 7859885.70 765549890.10 0.00617464 -0.01966406 -0.01913858 -0.00676111 -0.00171901 -0.00648658 -0.00693279 -0.00718043 -0.00732199 -0.00735750 -0.00728710 -0.00711123 -0.00683057 -0.00644643 -0.00596210 -0.00538648 -0.00473671 -0.00404177 -0.00234996 -0.00039891 0.00014681 0.00006860 0.00000228 -0.00000703 -0.00000414 -0.00084328 -0.00721679 -0.00383103 -0.65621936 21.68173 
0.450 0.02336202 5 11651985.00 1136408.69 1514477.49 353013.86 849924.12 7798160.84 801317807.55 0.00846112 -0.02212502 -0.02192070 -0.00861160 -0.00195092 -0.00705047 -0.00755471 -0.00783149 -0.00798710 -0.00802183 -0.00793622 -0.00773124 -0.00740837 -0.00697018 -0.00642248 -0.00577906 -0.00506277 -0.00430666 -0.00249989 -0.00043616 0.00014771 0.00007198 0.00000224 -0.00000728 -0.00000406 -0.00091272 -0.00825473 -0.00435448 -0.76395193 23.23042 
0.480 0.02548353 5 12569056.56 1144158.27 2108471.70 651062.95 905922.05 7759441.60 836025377.16 0.01057391 -0.02420097 -0.02424413 -0.01078095 -0.00219067 -0.00752540 -0.00809756 -0.00841205 -0.00858925 -0.00862957 -0.00853384 -0.00830336 -0.00794025 -0.00744869 -0.00683833 -0.00612917 -0.00535051 -0.00453896 -0.00262979 -0.00046676 0.00014997 0.00007520 0.00000251 -0.00000748 -0.00000405 -0.00097508 -0.00926383 -0.00486065 -0.86945537 24.77912 
0.510 0.02905128 5 13088574.20 984245.61 2311017.11 1307418.37 1157907.82 7327985.29 857423308.13 0.01427149 -0.02761463 -0.02894509 -0.01385993 -0.00224866 -0.00756662 -0.00819807 -0.00855224 -0.00876070 -0.00882385 -0.00874256 -0.00851821 -0.00815325 -0.00765313 -0.00703047 -0.00630852 -0.00551878 -0.00469709 -0.00275512 -0.00052178 0.00014269 0.00007823 0.00000258 -0.00000769 -0.00000384 -0.00100310 -0.01083727 -0.00561313 -1.02992484 26.32781 
