0.001 0.00011445 4 65363.98 -210.24 4417.32 6796.65 7015.74 47344.51 5084229.18 0.00000245 -0.00004293 -0.00011445 -0.00003225 0.00000113 0.00004441 0.00004856 0.00004515 0.00004044 0.00003498 0.00002900 0.00002296 0.00001726 0.00001214 0.00000765 0.00000373 0.00000037 -0.00000245 -0.00000452 0.00000058 0.00000998 -0.00000021 -0.00001044 -0.00000158 0.00000176 0.00000308 -0.00003370 -0.00001416 -0.00250584 0.07809 
0.030 0.00148972 5 1933357.32 22064.70 132957.39 198082.73 209990.68 1370261.81 147923657.18 -0.00037414 -0.00142014 -0.00082447 -0.00057061 -0.00036513 -0.00041934 -0.00040828 -0.00038552 -0.00034965 -0.00030383 -0.00025188 -0.00019850 -0.00014791 -0.00010321 -0.00006626 -0.00003775 -0.00001742 -0.00000427 0.00000727 0.00000643 0.00000526 -0.00000269 -0.00000868 -0.00000270 -0.00000024 -0.00002128 -0.00060464 -0.00029474 -0.04157260 2.34274 
0.060 0.00280810 5 3864441.32 46934.98 276502.54 456089.01 439240.03 2645674.76 292530702.03 -0.00071686 -0.00273511 -0.00151508 -0.00111628 -0.00074409 -0.00102597 -0.00102298 -0.00098452 -0.00091429 -0.00081686 -0.00069907 -0.00057014 -0.00044060 -0.00032045 -0.00021655 -0.00013243 -0.00006896 -0.00002471 0.00001975 0.00001841 0.00000252 -0.00000454 -0.00000608 -0.00000317 -0.00000193 -0.00005888 -0.00117038 -0.00057993 -0.08242910 4.68549 
0.090 0.00408839 5 5738215.96 74383.49 447410.05 690311.48 651736.60 3874374.35 431497259.25 -0.00104514 -0.00401245 -0.00218041 -0.00163664 -0.00111755 -0.00167880 -0.00169137 -0.00164403 -0.00154674 -0.00140564 -0.00122972 -0.00103124 -0.00082409 -0.00062261 -0.00044014 -0.00028581 -0.00016430 -0.00007542 0.00002398 0.00003435 0.00000199 -0.00000592 -0.00000313 -0.00000326 -0.00000328 -0.00010442 -0.00171877 -0.00086119 -0.12300688 7.02823 
0.120 0.00532591 5 7571282.30 115813.59 635973.60 928488.10 855147.25 5035859.77 564786793.81 -0.00137434 -0.00524826 -0.00282035 -0.00214308 -0.00149009 -0.00236765 -0.00239771 -0.00234344 -0.00222131 -0.00203863 -0.00180660 -0.00154057 -0.00125793 -0.00097634 -0.00071244 -0.00048126 -0.00029327 -0.00015118 0.00001930 0.00005250 0.00000356 -0.00000670 -0.00000006 -0.00000313 -0.00000439 -0.00015506 -0.00225539 -0.00113964 -0.16337673 9.37097 
0.150 0.00651957 5 9343662.61 164206.60 852726.32 1159973.20 1042995.59 6123760.91 691136343.64 -0.00170765 -0.00643911 -0.00343860 -0.00263285 -0.00185500 -0.00315913 -0.00320610 -0.00314425 -0.00299713 -0.00277257 -0.00248329 -0.00214691 -0.00178434 -0.00141739 -0.00106631 -0.00074944 -0.00048251 -0.00027343 -0.00000398 0.00007314 0.00000864 -0.00000650 0.00000302 -0.00000278 -0.00000522 -0.00021627 -0.00277953 -0.00141787 -0.20403797 11.71371 
0.180 0.00768168 5 10980423.75 208467.05 1105175.38 1347912.36 1207218.21 7111650.75 805953783.30 -0.00202986 -0.00758105 -0.00407363 -0.00307993 -0.00219900 -0.00400837 -0.00408221 -0.00402248 -0.00386079 -0.00360472 -0.00326717 -0.00286617 -0.00242466 -0.00196843 -0.00152251 -0.00110934 -0.00074905 -0.00045647 -0.00005302 0.00009578 0.00001790 -0.00000525 0.00000585 -0.00000214 -0.00000564 -0.00028895 -0.00328549 -0.00169366 -0.24477172 14.05646 
0.210 0.00894168 5 11795525.05 441048.13 1324027.43 1187668.58 1123512.68 7719268.23 851101665.25 -0.00160048 -0.00856916 -0.00567275 -0.00327762 -0.00230666 -0.00478726 -0.00490320 -0.00486447 -0.00471170 -0.00445069 -0.00409231 -0.00365238 -0.00315258 -0.00261999 -0.00208384 -0.00157251 -0.00111218 -0.00072299 -0.00014530 0.00011652 0.00003276 -0.00000281 0.00000738 -0.00000136 -0.00000539 -0.00036885 -0.00374566 -0.00195182 -0.29187815 16.39920 
0.240 0.01013063 5 12694568.49 635073.89 1699154.86 1244506.98 1128986.84 7986845.92 889480278.66 -0.00090461 -0.00963007 -0.00776553 -0.00348486 -0.00244970 -0.00558717 -0.00573420 -0.00570435 -0.00554669 -0.00526675 -0.00487511 -0.00438731 -0.00382499 -0.00321584 -0.00259163 -0.00198618 -0.00143244 -0.00095638 -0.00022450 0.00013559 0.00004590 -0.00000087 0.00000849 -0.00000048 -0.00000484 -0.00044427 -0.00429485 -0.00224933 -0.34904513 18.74194 
0.270 0.01398158 5 8288695.75 28948.70 -256672.76 -159849.88 857732.86 7818536.83 720125479.64 0.00172209 -0.01321375 -0.01291995 -0.00319102 -0.00155346 -0.00368721 -0.00380758 -0.00384104 -0.00381752 -0.00373580 -0.00359436 -0.00339148 -0.00312617 -0.00280008 -0.00242119 -0.00200752 -0.00158465 -0.00118130 -0.00043507 0.00007404 0.00005471 0.00000595 0.00000716 -0.00000103 -0.00000418 -0.00035520 -0.00495227 -0.00251020 -0.40077241 21.08469 
0.300 0.02002546 5 7863624.80 95073.22 -218646.39 -580655.88 639539.52 7928314.34 693058134.27 0.00358394 -0.01894395 -0.01720100 -0.00315355 -0.00139708 -0.00355462 -0.00365790 -0.00368433 -0.00366033 -0.00358458 -0.00345533 -0.00327059 -0.00302875 -0.00272982 -0.00237812 -0.00198631 -0.00157529 -0.00117340 -0.00041316 0.00009406 0.00005707 0.00000441 0.00000707 -0.00000126 -0.00000446 -0.00034268 -0.00604592 -0.00301622 -0.47415964 23.42743 
0.330 0.01874123 5 7291645.92 217327.44 -340006.22 -417869.86 590005.66 7242188.90 635338902.30 0.00375830 -0.01751069 -0.01702161 -0.00257486 -0.00121452 -0.00357475 -0.00368820 -0.00372581 -0.00371466 -0.00365340 -0.00354025 -0.00337319 -0.00315063 -0.00287229 -0.00254067 -0.00216346 -0.00175482 -0.00133967 -0.00049739 0.00010794 0.00007136 0.00000570 0.00000589 -0.00000174 -0.00000439 -0.00035776 -0.00566284 -0.00284465 -0.45442411 25.77017 
0.360 0.02320571 5 -6749868.20 351726.07 930542.43 665414.49 -448756.41 -8248794.77 -679918115.57 -0.00602044 0.02320571 0.01966323 0.00487658 0.00111510 0.00318953 0.00336013 0.00345284 0.00351321 0.00354003 0.00353138 0.00348455 0.00339586 0.00326066 0.00307509 0.00283827 0.00255241 0.00222344 0.00132033 0.00019749 -0.00009783 -0.00004141 -0.00000573 0.00000136 0.00000025 0.00042490 0.00694494 0.00348134 0.55816290 28.11291 
0.390 0.02675420 5 5659794.57 -374791.62 -1050532.88 -1230005.79 556378.80 7758746.07 611763185.57 0.00685663 -0.02549103 -0.02283981 -0.00487594 -0.00121028 -0.00214574 -0.00220321 -0.00223555 -0.00225624 -0.00226378 -0.00225596 -0.00223017 -0.00218390 -0.00211478 -0.00201985 -0.00189426 -0.00173179 -0.00152894 -0.00089377 -0.00006090 0.00010636 0.00002909 0.00000196 -0.00000251 -0.00000204 -0.00027454 -0.00770787 -0.00375911 -0.60320429 30.45566 
0.420 0.02775407 5 4231725.01 -800842.82 -1364798.73 -1589013.50 286112.46 7700267.59 558018967.78 0.00859853 -0.02636362 -0.02437851 -0.00714152 -0.00113944 -0.00024045 -0.00022283 -0.00022236 -0.00023572 -0.00026140 -0.00029713 -0.00034018 -0.00038791 -0.00043792 -0.00048714 -0.00052997 -0.00055810 -0.00056345 -0.00043534 -0.00006378 0.00006351 0.00002115 0.00000293 -0.00000165 -0.00000206 -0.00006092 -0.00837479 -0.00395826 -0.65434214 32.79840 
0.450 0.02684774 5 3516264.61 -693721.17 -1865561.86 -1809475.03 184327.33 7700695.35 523892501.39 0.00822712 -0.02529272 -0.02367490 -0.00693143 -0.00096944 0.00051237 0.00057548 0.00060060 0.00060030 0.00057611 0.00053039 0.00046598 0.00038566 0.00029186 0.00018727 0.00007720 -0.00002939 -0.00012234 -0.00022867 -0.00008455 0.00004021 0.00001861 0.00000387 -0.00000149 -0.00000248 0.00002961 -0.00806236 -0.00376371 -0.62083481 35.14114 
