0.001 0.00011475 4 17134.30 -6319.87 -21433.63 -6419.57 4280.66 47026.70 3356738.92 0.00000144 -0.00004440 -0.00011475 -0.00002805 0.00000963 0.00006177 0.00006551 0.00006086 0.00005447 0.00004702 0.00003889 0.00003069 0.00002299 0.00001613 0.00001020 0.00000516 0.00000100 -0.00000235 -0.00000486 0.00000048 0.00001026 0.00000001 -0.00001038 -0.00000146 0.00000187 0.00000397 -0.00002995 -0.00001193 -0.00205302 0.08856 
0.030 0.00169749 5 458536.97 -178298.51 -706811.42 -242266.49 117300.56 1468612.83 100329251.70 -0.00055323 -0.00162802 -0.00089920 -0.00047333 -0.00010922 0.00027042 0.00028292 0.00027435 0.00025360 0.00022374 0.00018810 0.00015062 0.00011407 0.00008082 0.00005246 0.00002964 0.00001236 0.00000006 -0.00001094 -0.00000532 0.00000566 -0.00000141 -0.00000925 -0.00000253 0.00000025 0.00001589 -0.00054233 -0.00024579 -0.02839180 2.65668 
0.060 0.00319383 5 1011974.19 -353612.70 -1149310.48 -463252.82 173413.36 2804736.83 194110741.93 -0.00112818 -0.00312071 -0.00160757 -0.00086000 -0.00024839 0.00032110 0.00033296 0.00031594 0.00027953 0.00022858 0.00016972 0.00011137 0.00006152 0.00002439 -0.00000088 -0.00001625 -0.00002415 -0.00002694 -0.00002059 -0.00000442 0.00000383 -0.00000211 -0.00000753 -0.00000305 -0.00000105 0.00001332 -0.00102882 -0.00047521 -0.05438619 5.31336 
0.090 0.00464181 5 1545708.22 -557607.04 -1440022.34 -681411.33 157075.11 4067673.83 281164998.30 -0.00172035 -0.00456604 -0.00226166 -0.00120778 -0.00039570 0.00039691 0.00041445 0.00039398 0.00034630 0.00027546 0.00018938 0.00009802 0.00001412 -0.00005039 -0.00008901 -0.00010348 -0.00010146 -0.00009006 -0.00004963 -0.00000468 0.00000417 -0.00000204 -0.00000569 -0.00000333 -0.00000208 0.00001056 -0.00149481 -0.00069512 -0.07873708 7.97004 
0.120 0.00580154 5 2480316.93 -678108.83 -1255030.20 -745577.01 105543.64 5053489.32 364698249.45 -0.00226232 -0.00572471 -0.00275373 -0.00149429 -0.00061447 0.00028828 0.00032190 0.00031934 0.00029156 0.00024023 0.00016837 0.00007958 -0.00001872 -0.00011222 -0.00018480 -0.00022475 -0.00023039 -0.00021035 -0.00011996 -0.00001308 0.00000742 -0.00000064 -0.00000419 -0.00000362 -0.00000290 -0.00000075 -0.00190737 -0.00089453 -0.10199166 10.62672 
0.150 0.00657745 5 3923521.48 -564032.32 -781570.13 -678963.58 140562.56 5807524.96 450600258.81 -0.00248816 -0.00649924 -0.00309116 -0.00170821 -0.00086839 -0.00048105 -0.00048158 -0.00049003 -0.00050584 -0.00052768 -0.00055353 -0.00058089 -0.00060675 -0.00062678 -0.00063190 -0.00060904 -0.00055104 -0.00046543 -0.00023180 -0.00000804 0.00001873 0.00000166 -0.00000264 -0.00000384 -0.00000365 -0.00007312 -0.00222081 -0.00107990 -0.12923606 13.28340 
0.180 0.00737818 5 5461827.97 -349032.97 -445415.80 -630328.40 257915.03 6628690.10 543182458.51 -0.00248728 -0.00728965 -0.00352256 -0.00197859 -0.00113238 -0.00146870 -0.00152104 -0.00154729 -0.00155913 -0.00155529 -0.00153386 -0.00149252 -0.00142865 -0.00133973 -0.00122383 -0.00107986 -0.00091041 -0.00072589 -0.00031785 0.00001623 0.00003231 0.00000284 -0.00000112 -0.00000376 -0.00000412 -0.00016519 -0.00254770 -0.00128206 -0.16219579 15.94008 
0.210 0.00867960 5 6071229.88 -200927.61 -375420.28 -1088688.19 196152.47 7540113.50 595662674.46 -0.00234270 -0.00841617 -0.00460816 -0.00217897 -0.00123936 -0.00186785 -0.00193399 -0.00196504 -0.00197561 -0.00196438 -0.00192946 -0.00186852 -0.00177897 -0.00165835 -0.00150525 -0.00132072 -0.00110959 -0.00088358 -0.00038039 0.00003235 0.00004240 0.00000424 0.00000048 -0.00000348 -0.00000440 -0.00020521 -0.00294299 -0.00148862 -0.19493133 18.59676 
0.240 0.01072854 5 5732880.50 -273522.61 -951617.74 -1866667.53 177353.93 8647334.44 630969458.25 -0.00216529 -0.01028799 -0.00649012 -0.00246750 -0.00123038 -0.00136350 -0.00139242 -0.00140837 -0.00141800 -0.00141986 -0.00141178 -0.00139105 -0.00135447 -0.00129856 -0.00122002 -0.00111622 -0.00098578 -0.00083102 -0.00041362 0.00001265 0.00004595 0.00000742 0.00000177 -0.00000330 -0.00000453 -0.00016195 -0.00353140 -0.00174147 -0.23100829 21.25344 
0.270 0.01282766 5 4909698.22 -334903.03 -1421796.15 -2669051.14 131534.14 9203914.41 618796421.16 -0.00173386 -0.01224280 -0.00875472 -0.00262916 -0.00112987 -0.00059386 -0.00056947 -0.00056168 -0.00056595 -0.00058068 -0.00060345 -0.00063121 -0.00066029 -0.00068651 -0.00070537 -0.00071228 -0.00070274 -0.00067222 -0.00046461 -0.00006669 0.00004119 0.00001433 0.00000247 -0.00000339 -0.00000441 -0.00009322 -0.00410937 -0.00197589 -0.26567533 23.91012 
0.300 0.01398224 5 4188803.14 -946831.51 -1328170.29 -2785967.35 191633.01 9058139.27 606180622.71 -0.00071599 -0.01330097 -0.01050499 -0.00325975 -0.00115417 0.00015480 0.00023417 0.00027010 0.00027885 0.00026192 0.00022166 0.00016111 0.00008398 -0.00000540 -0.00010222 -0.00020129 -0.00029721 -0.00038463 -0.00046793 -0.00019601 0.00003353 0.00002730 0.00000206 -0.00000400 -0.00000409 -0.00001888 -0.00458298 -0.00215842 -0.30407878 26.56680 
0.330 0.01403238 5 4522286.66 -989682.95 -708189.49 -2814576.14 221905.27 8812829.96 604677952.94 0.00058713 -0.01331807 -0.01106856 -0.00311127 -0.00162421 -0.00133409 -0.00129999 -0.00128346 -0.00127995 -0.00128804 -0.00130552 -0.00132949 -0.00135644 -0.00138231 -0.00140263 -0.00141249 -0.00140674 -0.00138048 -0.00116459 -0.00044487 0.00006535 0.00006319 -0.00000043 -0.00000701 -0.00000401 -0.00021485 -0.00468051 -0.00230825 -0.34792301 29.22348 
0.360 0.01334627 5 4730548.60 -1149524.36 -56506.75 -2870041.97 404057.84 8402563.85 599159136.23 0.00192348 -0.01262066 -0.01126879 -0.00302418 -0.00220887 -0.00279628 -0.00280806 -0.00281416 -0.00282094 -0.00282700 -0.00283015 -0.00282754 -0.00281576 -0.00279096 -0.00274891 -0.00268496 -0.00259414 -0.00247178 -0.00196486 -0.00074618 0.00007670 0.00010044 -0.00000287 -0.00001014 -0.00000381 -0.00042011 -0.00468710 -0.00242038 -0.39043698 31.88016 
0.390 0.01425779 4 8662342.00 -293928.13 -7169.89 239638.12 1506059.31 7217742.60 742867134.76 0.00540080 -0.01263208 -0.01425779 -0.00495803 -0.00257015 -0.00705617 -0.00743805 -0.00767189 -0.00783887 -0.00793760 -0.00796605 -0.00792154 -0.00780083 -0.00760043 -0.00731687 -0.00694679 -0.00648714 -0.00593820 -0.00422358 -0.00142010 0.00001147 0.00012976 0.00000164 -0.00001196 -0.00000430 -0.00107788 -0.00553416 -0.00316688 -0.57403333 34.53684 
0.420 0.01467378 4 8467446.03 -409008.54 -234.88 266093.78 1461204.16 7149391.50 735171217.20 0.00604937 -0.01305406 -0.01467378 -0.00504954 -0.00280768 -0.00727077 -0.00764500 -0.00787596 -0.00804293 -0.00814454 -0.00817878 -0.00814296 -0.00803379 -0.00784763 -0.00758076 -0.00722940 -0.00679003 -0.00626177 -0.00457332 -0.00168241 -0.00006844 0.00013015 0.00000354 -0.00001205 -0.00000468 -0.00113297 -0.00567840 -0.00326376 -0.59629054 37.19352 
0.450 0.01458713 4 8433214.84 -355983.88 77883.80 275943.62 1397140.63 7038230.67 724006143.94 0.00632285 -0.01293035 -0.01458713 -0.00488647 -0.00282682 -0.00751807 -0.00790720 -0.00814899 -0.00832517 -0.00843439 -0.00847474 -0.00844358 -0.00833772 -0.00815356 -0.00788735 -0.00753528 -0.00709400 -0.00656321 -0.00486392 -0.00189820 -0.00014994 0.00012402 0.00000574 -0.00001147 -0.00000494 -0.00119028 -0.00558679 -0.00325126 -0.59744921 39.85020 
0.480 0.01440264 4 4544591.73 -1806075.01 454575.77 -2127176.49 1281642.88 6741624.58 572389790.59 0.00771576 -0.01254893 -0.01440264 -0.00398233 -0.00425643 -0.00599246 -0.00603608 -0.00604710 -0.00604284 -0.00602202 -0.00598260 -0.00592187 -0.00583645 -0.00572221 -0.00557402 -0.00538576 -0.00515213 -0.00487039 -0.00388367 -0.00169680 -0.00006035 0.00016447 -0.00000175 -0.00001422 -0.00000296 -0.00087991 -0.00555166 -0.00306992 -0.58175516 42.50688 
0.510 0.01518963 4 9476709.47 -374705.95 -103388.16 1783695.62 1577454.92 6593653.05 772514382.38 0.00972925 -0.01183709 -0.01518963 -0.00942374 -0.00501736 -0.00915833 -0.00957350 -0.00982077 -0.00999012 -0.01008026 -0.01008921 -0.01001433 -0.00985226 -0.00959881 -0.00924872 -0.00879666 -0.00824016 -0.00758472 -0.00559405 -0.00223415 -0.00021857 0.00013585 0.00000662 -0.00001214 -0.00000443 -0.00140456 -0.00701993 -0.00403691 -0.79673507 45.16356 
0.540 0.01568275 4 8895412.76 -66471.82 -807990.95 1862298.14 1609420.92 6298156.47 732261274.99 0.01165939 -0.01105768 -0.01568275 -0.01181467 -0.00566812 -0.00889106 -0.00928466 -0.00952394 -0.00969341 -0.00979172 -0.00981690 -0.00976628 -0.00963637 -0.00942245 -0.00911808 -0.00871635 -0.00821374 -0.00761473 -0.00574701 -0.00244623 -0.00030804 0.00012957 0.00000907 -0.00001140 -0.00000451 -0.00140013 -0.00759422 -0.00430377 -0.87605065 47.82024 
0.570 0.01857724 4 9360970.77 -95104.26 255874.61 1327921.57 1281274.56 6591004.29 738570696.93 0.01332407 -0.01323836 -0.01857724 -0.01416988 -0.00518325 -0.00852757 -0.00900972 -0.00931862 -0.00955312 -0.00971183 -0.00979273 -0.00979319 -0.00970985 -0.00953802 -0.00927082 -0.00890135 -0.00842592 -0.00784921 -0.00602606 -0.00271703 -0.00041600 0.00012332 0.00001299 -0.00001161 -0.00000608 -0.00142867 -0.00858359 -0.00478273 -0.96965987 50.47692 
0.600 0.02121905 4 9324939.42 -150918.77 107707.15 1457217.71 1405672.85 6505260.48 742236345.50 0.01584793 -0.01574792 -0.02121905 -0.01540367 -0.00619149 -0.00938380 -0.00983886 -0.01012403 -0.01033239 -0.01046260 -0.01051273 -0.01048024 -0.01036193 -0.01015336 -0.00984788 -0.00943795 -0.00892178 -0.00830331 -0.00636992 -0.00287456 -0.00043067 0.00013697 0.00001163 -0.00001220 -0.00000499 -0.00152489 -0.00967198 -0.00534405 -1.08694742 53.13360 
