0.001 0.00011783 4 22917.29 18120.11 53062.57 24392.27 1111.65 -73769.32 -3336765.22 0.00005455 0.00009317 -0.00004886 0.00000514 0.00001301 0.00003009 0.00003405 0.00003155 0.00002830 0.00002462 0.00002060 0.00001652 0.00001264 0.00000910 0.00000589 0.00000291 0.00000022 -0.00000219 -0.00000397 0.00000101 0.00001040 -0.00000000 -0.00001045 -0.00000145 0.00000190 0.00000242 0.00001090 0.00000639 -0.00020417 0.17919 
0.030 0.00245706 5 540556.15 422146.87 1268325.06 784690.32 107362.48 -2041968.58 -87411071.75 0.00122561 0.00245706 0.00099711 0.00042198 -0.00001733 -0.00085693 -0.00087088 -0.00084441 -0.00078339 -0.00069375 -0.00058372 -0.00046401 -0.00034615 -0.00024092 -0.00015360 -0.00008599 -0.00003742 -0.00000557 0.00002214 0.00001744 0.00001069 -0.00000231 -0.00001148 -0.00000244 0.00000096 -0.00004742 0.00065551 0.00028210 0.02105508 5.37574 
0.060 0.00465374 5 700522.47 726044.41 2176643.94 1438082.46 214026.42 -3854274.76 -173264198.71 0.00229587 0.00465374 0.00196180 0.00082644 0.00001915 -0.00161917 -0.00166439 -0.00163239 -0.00153693 -0.00138575 -0.00119143 -0.00097065 -0.00074261 -0.00052618 -0.00033763 -0.00018824 -0.00008003 -0.00000838 0.00005336 0.00003711 0.00001173 -0.00000414 -0.00001186 -0.00000296 0.00000014 -0.00009555 0.00127678 0.00054777 0.04284527 10.75148 
0.090 0.00670205 5 755083.38 1145230.19 3033714.24 1796427.51 247887.60 -5468176.15 -264156369.60 0.00332417 0.00670205 0.00289057 0.00133212 0.00013194 -0.00253340 -0.00263630 -0.00262291 -0.00251991 -0.00233456 -0.00207930 -0.00177069 -0.00143028 -0.00108379 -0.00075713 -0.00047277 -0.00024807 -0.00008838 0.00007473 0.00007288 0.00001759 -0.00000624 -0.00001202 -0.00000314 -0.00000042 -0.00016874 0.00191843 0.00080968 0.06553872 16.12722 
0.120 0.00858770 5 522956.78 1776913.83 3360682.89 2012769.61 286751.37 -6914160.93 -363655599.50 0.00423769 0.00858770 0.00375708 0.00185946 0.00037920 -0.00339249 -0.00357479 -0.00360477 -0.00352364 -0.00333772 -0.00305834 -0.00270027 -0.00228345 -0.00183346 -0.00138008 -0.00095463 -0.00058637 -0.00029609 0.00005516 0.00012146 0.00003129 -0.00000776 -0.00001245 -0.00000325 -0.00000073 -0.00025542 0.00256791 0.00106809 0.09011045 21.50296 
0.150 0.01049836 5 70232.13 2237823.53 3272851.01 2338853.37 468580.20 -8247875.98 -450504142.81 0.00479951 0.01049836 0.00479410 0.00226774 0.00065353 -0.00399989 -0.00426604 -0.00435599 -0.00432335 -0.00417273 -0.00391319 -0.00355596 -0.00311763 -0.00262120 -0.00209503 -0.00157159 -0.00108396 -0.00066288 -0.00005028 0.00016838 0.00005272 -0.00000751 -0.00001309 -0.00000349 -0.00000096 -0.00034047 0.00319544 0.00131708 0.11660040 26.87870 
0.180 0.01260077 5 -701784.75 2195739.98 3069488.32 2834149.58 728679.41 -9529842.04 -522763649.30 0.00468414 0.01260077 0.00622892 0.00255042 0.00090138 -0.00411963 -0.00445680 -0.00461651 -0.00465805 -0.00458322 -0.00439685 -0.00410413 -0.00371489 -0.00324654 -0.00272346 -0.00217504 -0.00163190 -0.00112687 -0.00026179 0.00018575 0.00007466 -0.00000501 -0.00001333 -0.00000388 -0.00000125 -0.00040245 0.00380766 0.00157115 0.15022220 32.25444 
0.210 0.01373526 5 -2094131.74 1625230.26 2324116.39 3283577.49 741983.09 -10069038.98 -568563397.58 0.00407154 0.01373526 0.00721931 0.00251955 0.00139027 -0.00298043 -0.00332250 -0.00352231 -0.00363274 -0.00365471 -0.00359041 -0.00344304 -0.00321725 -0.00291959 -0.00256000 -0.00215489 -0.00172224 -0.00128690 -0.00042415 0.00012181 0.00005403 -0.00000608 -0.00001193 -0.00000384 -0.00000167 -0.00034993 0.00420574 0.00178566 0.18981756 37.63018 
0.240 0.01428514 5 -2753466.02 1638454.81 1375067.18 3729183.88 578898.03 -10075069.92 -586432442.17 0.00290676 0.01428514 0.00820552 0.00254429 0.00192506 -0.00183470 -0.00217483 -0.00239449 -0.00254456 -0.00262577 -0.00263995 -0.00259002 -0.00248057 -0.00231812 -0.00210981 -0.00186129 -0.00157604 -0.00126105 -0.00051548 0.00005129 0.00001567 -0.00001345 -0.00000954 -0.00000312 -0.00000209 -0.00027597 0.00451088 0.00196799 0.23422011 43.00592 
0.270 0.01476830 5 -2747364.77 1499898.47 921328.88 4089543.26 540244.82 -9798380.21 -560492396.19 0.00143369 0.01476830 0.00943810 0.00251905 0.00206934 -0.00097123 -0.00128166 -0.00149050 -0.00164376 -0.00174218 -0.00178755 -0.00178278 -0.00173268 -0.00164431 -0.00152510 -0.00137960 -0.00120827 -0.00101051 -0.00047265 -0.00002482 -0.00003888 -0.00002211 -0.00000683 -0.00000224 -0.00000249 -0.00019867 0.00468009 0.00208837 0.27073805 48.38166 
0.300 0.01414773 5 -2830775.52 1363873.11 309977.44 4208410.98 648815.65 -9361852.70 -527818779.83 0.00015214 0.01414773 0.00976481 0.00246936 0.00231290 0.00004256 -0.00022413 -0.00041255 -0.00056071 -0.00066921 -0.00073963 -0.00077465 -0.00077888 -0.00075912 -0.00072226 -0.00067212 -0.00060848 -0.00052984 -0.00029125 -0.00011332 -0.00010502 -0.00002863 -0.00000505 -0.00000136 -0.00000234 -0.00009317 0.00461783 0.00211523 0.29584269 53.75740 
0.330 0.01262707 5 -3046556.42 1283607.68 -294606.67 4191626.31 639748.17 -8866931.91 -505379261.10 -0.00084301 0.01262707 0.00952049 0.00289052 0.00253345 0.00074831 0.00052896 0.00036587 0.00022983 0.00012038 0.00003619 -0.00002507 -0.00006726 -0.00009572 -0.00011580 -0.00013077 -0.00014152 -0.00014848 -0.00016535 -0.00022016 -0.00013644 -0.00001839 -0.00000522 -0.00000206 -0.00000208 -0.00001552 0.00449512 0.00209896 0.31633101 59.13314 
0.360 0.01070551 5 -3621793.83 2567882.56 1731671.62 1161153.31 -160572.21 -8921929.12 -662802628.79 0.00425165 0.01070551 0.00481553 0.00283479 0.00136661 -0.00136962 -0.00148747 -0.00152196 -0.00149065 -0.00139727 -0.00124954 -0.00105681 -0.00083363 -0.00060061 -0.00038074 -0.00019405 -0.00005528 0.00003322 0.00009407 0.00005024 0.00001047 -0.00000595 -0.00001211 -0.00000338 -0.00000088 -0.00009334 0.00356447 0.00162135 0.18040968 64.50888 
0.390 0.01220554 2 -13177570.31 681549.40 -3708955.58 -3860555.06 -1108205.38 -5181403.70 -843556361.98 -0.00882260 -0.00042857 0.00262836 0.00864500 0.01204376 0.01550875 0.01555482 0.01539572 0.01508131 0.01461213 0.01398904 0.01321335 0.01228704 0.01120998 0.00998900 0.00866273 0.00729323 0.00594418 0.00299099 -0.00002536 -0.00051005 -0.00013306 0.00000578 0.00001027 0.00000043 0.00148207 0.00564180 0.00343205 0.77192262 69.88462 
0.420 0.01584987 2 -11873808.21 2310893.17 -3906938.09 -3756893.60 -1251275.87 -5269593.82 -859262136.91 -0.01118106 -0.00435516 0.00028185 0.01034190 0.01567752 0.01711493 0.01693041 0.01661316 0.01617287 0.01561057 0.01492736 0.01412404 0.01319920 0.01214219 0.01094520 0.00962913 0.00824365 0.00685294 0.00371968 0.00026172 -0.00052908 -0.00017399 0.00000919 0.00001434 0.00000067 0.00163747 0.00612186 0.00373964 0.88982547 75.26036 
0.450 0.01888611 2 -10535159.96 3161312.54 -3465850.97 -3829317.18 -1506274.51 -4895029.85 -833960212.32 -0.01379440 -0.01122519 -0.00303908 0.01354265 0.01865833 0.01797466 0.01766697 0.01727368 0.01677897 0.01618397 0.01548966 0.01469637 0.01380072 0.01279030 0.01164853 0.01037600 0.00900591 0.00760377 0.00436676 0.00054768 -0.00055820 -0.00022094 0.00001151 0.00001904 0.00000158 0.00174803 0.00625095 0.00385889 0.99770559 80.63610 
0.480 0.02177896 5 4088319.87 1098108.27 -607982.18 379889.94 241010.49 2977293.35 277502094.25 -0.01214243 -0.02129156 -0.01064218 0.00843812 0.01497350 0.00832687 0.00755579 0.00695246 0.00638486 0.00585320 0.00535725 0.00489521 0.00445768 0.00401861 0.00354319 0.00302097 0.00248050 0.00197125 0.00105103 0.00008001 -0.00034090 -0.00015105 0.00001814 0.00001209 -0.00000364 0.00057390 0.00140683 0.00096436 0.49717053 86.01184 
0.510 0.02250514 5 2546157.95 471104.54 -838091.22 253272.55 40108.52 2619763.56 217420850.18 -0.01317502 -0.02182324 -0.01014136 0.01007157 0.01501933 0.00981042 0.00921110 0.00872123 0.00824257 0.00777540 0.00731972 0.00687351 0.00642556 0.00594457 0.00539065 0.00475460 0.00407150 0.00340230 0.00206259 0.00042086 -0.00034938 -0.00018283 0.00002042 0.00001530 -0.00000331 0.00083521 0.00177225 0.00127447 0.57326666 91.38758 
0.540 0.02647615 5 -6709072.73 948052.38 1857561.61 -4806842.43 -2646218.58 -2061625.71 -562302678.92 -0.01869870 -0.02531585 -0.00502910 0.02271707 0.01638994 0.01389237 0.01390063 0.01382028 0.01366484 0.01343418 0.01312764 0.01274215 0.01226389 0.01165799 0.01088227 0.00992652 0.00882822 0.00765737 0.00479735 0.00100905 -0.00046366 -0.00025250 0.00001408 0.00002180 0.00000084 0.00157723 0.00540589 0.00337201 1.07110935 96.76332 
0.570 0.02991322 5 -4632679.58 1058999.58 2711779.26 -4715900.77 -2768840.58 -918717.07 -441098125.26 -0.01921068 -0.02863132 -0.00465789 0.02397963 0.01391404 0.01090601 0.01096581 0.01095602 0.01089344 0.01077789 0.01060857 0.01038237 0.01008619 0.00968682 0.00914153 0.00843478 0.00759719 0.00669453 0.00443510 0.00114058 -0.00035433 -0.00023525 0.00001392 0.00002010 -0.00000004 0.00132355 0.00458376 0.00285186 1.00194448 102.13907 
