0.001 0.00010785 4 43963.36 -1537.41 984.35 4182.24 5369.02 34965.16 3651552.38 0.00000719 -0.00002966 -0.00010785 -0.00002702 0.00000512 0.00004896 0.00005293 0.00004916 0.00004402 0.00003805 0.00003155 0.00002499 0.00001880 0.00001326 0.00000842 0.00000421 0.00000064 -0.00000233 -0.00000453 0.00000065 0.00001023 -0.00000003 -0.00001039 -0.00000148 0.00000186 0.00000333 -0.00002795 -0.00001133 -0.00211916 0.08861 
0.030 0.00119713 5 -1640243.69 -43019.48 -117131.00 -184887.38 -167284.03 -1127921.79 -122795943.42 0.00038592 0.00119713 0.00051654 0.00045157 0.00033096 0.00046567 0.00046399 0.00043752 0.00039619 0.00034377 0.00028454 0.00022382 0.00016633 0.00011544 0.00007300 0.00003958 0.00001486 -0.00000226 -0.00001632 -0.00000650 0.00000962 -0.00000036 -0.00001167 -0.00000249 0.00000114 0.00002463 0.00048407 0.00024000 0.03250775 2.65827 
0.060 0.00239448 5 -3111242.77 -34779.55 -193030.95 -314918.28 -312463.90 -2256050.10 -239774883.23 0.00076467 0.00239448 0.00111702 0.00089168 0.00062381 0.00084906 0.00084717 0.00080662 0.00073977 0.00065143 0.00054809 0.00043834 0.00033154 0.00023499 0.00015314 0.00008785 0.00003904 0.00000500 -0.00002566 -0.00001402 0.00000898 -0.00000013 -0.00001230 -0.00000317 0.00000044 0.00004653 0.00096807 0.00047852 0.06488483 5.31653 
0.090 0.00359984 5 -4572601.37 -81040.06 -233862.60 -423030.27 -453325.74 -3381342.71 -354055330.71 0.00115563 0.00359984 0.00171694 0.00132141 0.00090566 0.00127078 0.00127328 0.00122196 0.00113254 0.00101122 0.00086613 0.00070792 0.00054847 0.00039967 0.00027005 0.00016409 0.00008302 0.00002514 -0.00003242 -0.00002366 0.00000768 0.00000028 -0.00001274 -0.00000360 -0.00000007 0.00007322 0.00144886 0.00071809 0.09726633 7.97480 
0.120 0.00480335 5 -6036750.17 -123147.96 -287607.86 -546720.04 -597206.30 -4482068.00 -467643767.56 0.00155055 0.00480335 0.00231376 0.00175574 0.00119672 0.00171698 0.00172430 0.00166195 0.00154907 0.00139324 0.00120474 0.00099706 0.00078465 0.00058189 0.00040171 0.00025187 0.00013537 0.00005086 -0.00003790 -0.00003415 0.00000604 0.00000075 -0.00001306 -0.00000389 -0.00000041 0.00010198 0.00193386 0.00096072 0.13021554 10.63307 
0.150 0.00598486 5 -7455732.06 -142375.27 -355548.71 -676200.18 -740956.00 -5540651.90 -578288392.84 0.00194566 0.00598486 0.00290056 0.00218727 0.00149156 0.00218713 0.00220127 0.00213000 0.00199604 0.00180792 0.00157764 0.00132112 0.00105578 0.00079858 0.00056479 0.00036596 0.00020823 0.00009147 -0.00003844 -0.00004597 0.00000350 0.00000117 -0.00001326 -0.00000408 -0.00000062 0.00013422 0.00241587 0.00120380 0.16343075 13.29134 
0.180 0.00715535 5 -8812311.95 -173879.49 -418329.03 -797212.41 -874453.58 -6548437.43 -683228409.70 0.00235222 0.00715535 0.00348615 0.00261572 0.00178179 0.00267274 0.00269541 0.00261684 0.00246357 0.00224454 0.00197316 0.00166746 0.00134768 0.00103384 0.00074371 0.00049271 0.00029052 0.00013861 -0.00003715 -0.00005857 0.00000053 0.00000160 -0.00001339 -0.00000421 -0.00000075 0.00016850 0.00289615 0.00144716 0.19666010 15.94960 
0.210 0.00835126 5 -10221790.81 -214951.02 -557175.20 -933300.05 -997394.09 -7518970.46 -787351674.91 0.00275710 0.00835126 0.00410658 0.00303896 0.00208797 0.00325175 0.00328700 0.00320326 0.00303189 0.00278217 0.00246831 0.00210937 0.00172821 0.00134838 0.00099122 0.00067519 0.00041501 0.00021545 -0.00002702 -0.00007436 -0.00000419 0.00000194 -0.00001341 -0.00000428 -0.00000083 0.00021222 0.00339124 0.00170247 0.23203525 18.60787 
0.240 0.00950989 5 -11640821.93 -344336.59 -1100902.41 -1105799.38 -1007070.24 -8082713.32 -862791361.98 0.00265380 0.00950989 0.00536456 0.00325790 0.00234075 0.00414240 0.00419975 0.00411287 0.00392030 0.00363176 0.00326219 0.00283180 0.00236569 0.00189153 0.00143549 0.00102035 0.00066558 0.00038320 0.00001254 -0.00009854 -0.00001406 0.00000201 -0.00001322 -0.00000429 -0.00000088 0.00028488 0.00389043 0.00197508 0.27685666 21.26614 
0.270 0.01022839 5 -12170335.04 -289888.13 -1208673.60 -1335011.33 -1019014.38 -8317747.60 -899267499.60 0.00245888 0.01022839 0.00639587 0.00345382 0.00245945 0.00444582 0.00450459 0.00441316 0.00421167 0.00390966 0.00352181 0.00306797 0.00257319 0.00206654 0.00157626 0.00112717 0.00074055 0.00043117 0.00002112 -0.00010702 -0.00001697 0.00000216 -0.00001309 -0.00000427 -0.00000090 0.00030827 0.00423320 0.00214819 0.30690399 23.92440 
0.300 0.01073016 5 -11864797.53 -174407.71 -1080365.87 -1324360.30 -853074.87 -8432588.78 -892599902.97 0.00207509 0.01073016 0.00728463 0.00344135 0.00238300 0.00435092 0.00440586 0.00431732 0.00412291 0.00383103 0.00345522 0.00301367 0.00252965 0.00203106 0.00154681 0.00110294 0.00072169 0.00041769 0.00001692 -0.00010561 -0.00001615 0.00000231 -0.00001291 -0.00000417 -0.00000083 0.00030190 0.00438355 0.00221528 0.32024682 26.58267 
0.330 0.01122443 5 11701638.22 115341.75 1229629.90 1006885.83 1042879.51 8306901.22 883062792.07 -0.00104407 -0.01066988 -0.00882212 -0.00369293 -0.00245366 -0.00463862 -0.00471450 -0.00465695 -0.00449835 -0.00424219 -0.00389645 -0.00347354 -0.00299227 -0.00247747 -0.00195756 -0.00146156 -0.00101688 -0.00064413 -0.00010719 0.00011729 0.00003025 -0.00000311 0.00000687 -0.00000107 -0.00000491 -0.00034886 -0.00465564 -0.00236778 -0.36202228 29.24094 
0.360 0.01310079 5 10236305.46 -179113.34 640203.49 437896.65 1262520.88 8074797.78 830041942.03 0.00060787 -0.01239178 -0.01186380 -0.00376454 -0.00225384 -0.00421934 -0.00428375 -0.00424407 -0.00412627 -0.00393050 -0.00365841 -0.00331378 -0.00290611 -0.00245276 -0.00197777 -0.00150973 -0.00107837 -0.00070764 -0.00014845 0.00011141 0.00003518 -0.00000080 0.00000675 -0.00000032 -0.00000399 -0.00033249 -0.00517407 -0.00260211 -0.41244753 31.89921 
0.390 0.01626425 5 7602876.72 -385594.29 -603212.09 -275256.13 1292411.64 7574527.59 712687101.23 0.00309190 -0.01539095 -0.01540328 -0.00370286 -0.00182437 -0.00321954 -0.00324965 -0.00321937 -0.00314379 -0.00302222 -0.00285389 -0.00263807 -0.00237514 -0.00206864 -0.00172835 -0.00137221 -0.00102410 -0.00070838 -0.00019054 0.00008818 0.00003794 0.00000238 0.00000502 0.00000035 -0.00000249 -0.00026884 -0.00568716 -0.00280882 -0.45672299 34.55747 
0.420 0.01932344 5 6913346.75 -555048.04 -977764.27 -296069.24 1370660.37 7371567.93 687839350.97 0.00483750 -0.01834822 -0.01833794 -0.00440035 -0.00181512 -0.00287348 -0.00288553 -0.00285171 -0.00278335 -0.00267970 -0.00253977 -0.00236239 -0.00214676 -0.00189357 -0.00160726 -0.00129906 -0.00098721 -0.00069492 -0.00019498 0.00008417 0.00003904 0.00000327 0.00000453 0.00000104 -0.00000143 -0.00024312 -0.00649445 -0.00317360 -0.52359241 37.21574 
0.450 0.02276149 4 1780425.45 -1292566.09 -2540036.72 -2344550.74 1913045.40 6044533.59 454543305.13 0.00849160 -0.02159030 -0.02276149 -0.00453391 -0.00112186 0.00029552 0.00047840 0.00059583 0.00067697 0.00072263 0.00073411 0.00071322 0.00066227 0.00058419 0.00048451 0.00037604 0.00027201 0.00018513 0.00006564 -0.00000428 -0.00000463 0.00000145 0.00000134 0.00000174 0.00000056 0.00006508 -0.00698753 -0.00324102 -0.55190964 39.87401 
0.480 0.02666822 5 -20095.19 -1680320.59 -3097882.68 -2761103.58 1688878.57 5830333.08 380177159.99 0.01057550 -0.02545604 -0.02611317 -0.00500117 -0.00093754 0.00163517 0.00191265 0.00207688 0.00217734 0.00221473 0.00219032 0.00210596 0.00196415 0.00176912 0.00153089 0.00126799 0.00100109 0.00075035 0.00030451 -0.00001512 -0.00003137 -0.00000343 0.00000105 0.00000249 0.00000136 0.00021334 -0.00778825 -0.00353762 -0.60196421 42.53227 
0.510 0.03257203 5 3064745.74 -1291528.05 -2220172.19 -1655287.71 678674.45 7553059.23 542718130.49 0.00924821 -0.03120130 -0.02784916 -0.00507523 -0.00109120 0.00027535 0.00042503 0.00051110 0.00056125 0.00057694 0.00056053 0.00051506 0.00044438 0.00035307 0.00024627 0.00012959 0.00000873 -0.00010881 -0.00025847 -0.00011440 0.00002027 0.00001452 0.00000178 -0.00000239 -0.00000237 0.00002735 -0.00891036 -0.00416244 -0.66233519 45.19054 
