0.001 0.00011011 4 54541.52 2994.36 2069.15 3802.33 6234.20 39441.48 4120994.53 0.00000736 -0.00003377 -0.00011011 -0.00002840 0.00000396 0.00004542 0.00004944 0.00004591 0.00004111 0.00003557 0.00002952 0.00002341 0.00001765 0.00001247 0.00000793 0.00000395 0.00000055 -0.00000231 -0.00000443 0.00000070 0.00001023 -0.00000004 -0.00001039 -0.00000147 0.00000186 0.00000316 -0.00002952 -0.00001216 -0.00224948 0.06311 
0.030 0.00126837 5 -1027682.22 58293.15 141388.83 43267.37 -96817.21 -1173814.37 -101536032.26 0.00042481 0.00126837 0.00052794 0.00037895 0.00022358 0.00020476 0.00020488 0.00019298 0.00017528 0.00015319 0.00012822 0.00010209 0.00007685 0.00005412 0.00003478 0.00001914 0.00000715 -0.00000158 -0.00000896 -0.00000274 0.00000811 -0.00000118 -0.00001083 -0.00000284 0.00000031 0.00001123 0.00044071 0.00021256 0.02618907 1.89329 
0.060 0.00240597 5 -2000571.83 80828.19 242054.31 75973.14 -175787.45 -2223640.02 -192962618.69 0.00081864 0.00240597 0.00107747 0.00072743 0.00041566 0.00034605 0.00034101 0.00031980 0.00028901 0.00025054 0.00020728 0.00016298 0.00012172 0.00008511 0.00005432 0.00002982 0.00001143 -0.00000160 -0.00001247 -0.00000485 0.00000725 -0.00000123 -0.00001038 -0.00000328 -0.00000061 0.00001796 0.00085185 0.00040887 0.05069178 3.78659 
0.090 0.00343310 5 -2948530.89 93255.19 301674.32 85222.15 -256681.21 -3172001.34 -278286213.93 0.00116978 0.00343310 0.00157501 0.00104972 0.00060337 0.00053506 0.00052716 0.00049690 0.00045193 0.00039481 0.00032927 0.00026017 0.00019341 0.00013494 0.00008621 0.00004769 0.00001908 -0.00000083 -0.00001758 -0.00000797 0.00000674 -0.00000091 -0.00000985 -0.00000339 -0.00000108 0.00002796 0.00123037 0.00059162 0.07393208 5.67988 
0.120 0.00437522 5 -3835261.11 105833.96 336177.96 86413.29 -332239.32 -4031446.99 -356749818.61 0.00149090 0.00437522 0.00202613 0.00134390 0.00078056 0.00073703 0.00072749 0.00068922 0.00063099 0.00055561 0.00046789 0.00037432 0.00028232 0.00019941 0.00013086 0.00007625 0.00003506 0.00000598 -0.00002062 -0.00001141 0.00000633 -0.00000040 -0.00000934 -0.00000333 -0.00000129 0.00003965 0.00157815 0.00076086 0.09557240 7.57318 
0.150 0.00531082 5 6966110.97 202053.02 413139.97 521321.10 745934.59 5083662.29 532885945.09 -0.00123835 -0.00523298 -0.00276555 -0.00195433 -0.00130233 -0.00197958 -0.00200013 -0.00194670 -0.00183064 -0.00165843 -0.00144120 -0.00119388 -0.00093529 -0.00068505 -0.00046022 -0.00027404 -0.00013401 -0.00003723 0.00005575 0.00004211 -0.00000427 -0.00000693 0.00000214 -0.00000303 -0.00000523 -0.00011929 -0.00211272 -0.00105376 -0.14833321 9.46647 
0.180 0.00622674 5 -7596264.17 309620.18 342290.36 -1044706.16 -1196185.23 -6007283.32 -648343507.36 0.00137242 0.00622674 0.00323942 0.00258934 0.00159537 0.00284093 0.00293234 0.00293224 0.00287350 0.00275630 0.00258161 0.00235164 0.00207265 0.00175729 0.00142308 0.00109061 0.00078177 0.00051510 0.00011101 -0.00007763 -0.00002199 -0.00000119 -0.00001083 -0.00000371 -0.00000121 0.00023421 0.00257831 0.00133307 0.19322483 11.35977 
0.210 0.00725382 5 -9559555.36 398811.94 -252689.05 -1852845.25 -986521.25 -6866311.74 -768352570.14 0.00171429 0.00725382 0.00379701 0.00304202 0.00201973 0.00393450 0.00406348 0.00406838 0.00399265 0.00383670 0.00360214 0.00329220 0.00291524 0.00248771 0.00203308 0.00157867 0.00115302 0.00077956 0.00019341 -0.00010360 -0.00003629 -0.00000188 -0.00001096 -0.00000360 -0.00000109 0.00033032 0.00309230 0.00162507 0.23783504 13.25306 
0.240 0.00811284 5 -11821468.54 476080.39 -1443904.93 -2456748.70 -997494.01 -7399401.29 -883606552.94 0.00212150 0.00811284 0.00440940 0.00336201 0.00250462 0.00532711 0.00549250 0.00549233 0.00538228 0.00516370 0.00484053 0.00441968 0.00391470 0.00334778 0.00274843 0.00215077 0.00158982 0.00109455 0.00029680 -0.00013147 -0.00005322 -0.00000297 -0.00001113 -0.00000345 -0.00000091 0.00044744 0.00360379 0.00192706 0.28500286 15.14636 
0.270 0.00915970 5 -9070660.40 -41543.86 225284.49 -596949.21 -1341408.71 -7316043.11 -752291959.69 0.00062276 0.00915970 0.00719424 0.00306860 0.00187688 0.00433620 0.00448959 0.00452159 0.00447958 0.00436310 0.00417168 0.00390495 0.00356388 0.00315373 0.00268867 0.00219358 0.00170037 0.00124047 0.00042293 -0.00010213 -0.00006416 -0.00000813 -0.00000869 -0.00000322 -0.00000179 0.00040254 0.00379289 0.00199185 0.30626472 17.03965 
0.300 0.01056179 5 -8022933.52 -371450.54 485183.07 571317.62 -1396674.32 -7311309.34 -686710981.30 -0.00083578 0.01056179 0.00996908 0.00290919 0.00162276 0.00414920 0.00428892 0.00431995 0.00428612 0.00418686 0.00402139 0.00378871 0.00348832 0.00312219 0.00269878 0.00223734 0.00176561 0.00131493 0.00047990 -0.00009466 -0.00007171 -0.00001048 -0.00000706 -0.00000304 -0.00000225 0.00039531 0.00418328 0.00217102 0.34638120 18.93295 
0.330 0.01286975 4 -5369721.52 270877.83 1045136.94 1608353.46 -1603544.88 -6690544.87 -574823765.97 -0.00314694 0.01175755 0.01271746 0.00322212 0.00125999 0.00261403 0.00267380 0.00267818 0.00265299 0.00259762 0.00251098 0.00239143 0.00223706 0.00204643 0.00181997 0.00156154 0.00127974 0.00099133 0.00039908 -0.00005802 -0.00005835 -0.00001083 -0.00000522 -0.00000284 -0.00000266 0.00025732 0.00449799 0.00224525 0.37734126 20.82624 
0.360 0.01434691 4 -4910445.19 414853.39 992137.99 1789728.60 -1366448.44 -6740716.73 -554003173.93 -0.00400451 0.01369232 0.01415538 0.00309699 0.00115259 0.00229366 0.00232950 0.00232088 0.00228785 0.00222981 0.00214572 0.00203401 0.00189290 0.00172094 0.00151821 0.00128769 0.00103664 0.00078056 0.00027150 -0.00008069 -0.00004960 -0.00000687 -0.00000574 -0.00000289 -0.00000218 0.00021453 0.00478728 0.00235813 0.39342116 22.71954 
0.390 0.01532934 5 -4755841.49 -1857.47 1076860.24 2108792.92 -785712.42 -7153924.76 -529382067.42 -0.00392418 0.01532934 0.01429250 0.00242359 0.00099510 0.00223803 0.00227631 0.00226901 0.00223544 0.00217496 0.00208654 0.00196869 0.00181981 0.00163874 0.00142601 0.00118569 0.00092682 0.00066672 0.00017665 -0.00011052 -0.00004556 -0.00000321 -0.00000629 -0.00000281 -0.00000152 0.00020116 0.00475526 0.00233601 0.37510050 24.61283 
0.420 0.01573044 5 7100064.23 -767800.39 -1136898.35 521477.22 1153630.63 7329655.12 706594917.43 0.00433778 -0.01487950 -0.01543115 -0.00410886 -0.00145553 -0.00328481 -0.00340777 -0.00346222 -0.00348197 -0.00346567 -0.00341135 -0.00331654 -0.00317855 -0.00299475 -0.00276344 -0.00248495 -0.00216331 -0.00181164 -0.00096009 -0.00009001 0.00007274 0.00002517 0.00000550 -0.00000141 -0.00000292 -0.00038673 -0.00547381 -0.00277143 -0.46785177 26.50613 
0.450 0.01846070 5 5127543.07 -1039869.79 -2294945.46 -76095.33 1324240.33 7214213.32 641154504.50 0.00527155 -0.01751356 -0.01784817 -0.00457257 -0.00120939 -0.00137253 -0.00137845 -0.00137931 -0.00138348 -0.00138947 -0.00139497 -0.00139706 -0.00139230 -0.00137681 -0.00134644 -0.00129687 -0.00122406 -0.00112489 -0.00075650 -0.00018530 0.00002367 0.00002289 0.00000652 -0.00000104 -0.00000284 -0.00019165 -0.00608546 -0.00295453 -0.49256763 28.39942 
0.480 0.01991184 5 2115514.52 -1241258.64 -2728650.40 -2362498.46 1302338.09 7145583.92 499243748.17 0.00521133 -0.01889708 -0.01876973 -0.00395171 -0.00079699 0.00113641 0.00130516 0.00139020 0.00142537 0.00141225 0.00135339 0.00125207 0.00111224 0.00093864 0.00073737 0.00051756 0.00029040 0.00007306 -0.00027213 -0.00027973 -0.00005942 0.00001397 0.00000818 0.00000019 -0.00000234 0.00009090 -0.00607566 -0.00279984 -0.45033000 30.29271 
0.510 0.02095786 5 1279718.32 -1231599.09 -2818096.25 -2812593.45 634628.12 7507378.98 456205296.95 0.00494836 -0.01986989 -0.01884286 -0.00383719 -0.00069787 0.00185401 0.00207081 0.00217867 0.00222393 0.00220819 0.00213406 0.00200486 0.00182474 0.00159868 0.00133335 0.00103938 0.00072981 0.00042506 -0.00014835 -0.00035950 -0.00009831 0.00001319 0.00000795 0.00000023 -0.00000212 0.00016845 -0.00613634 -0.00278709 -0.43685443 32.18601 
0.540 0.02001653 5 1033478.97 -1514117.20 -2671897.82 -2381177.63 112508.89 7488162.73 443990297.32 0.00543950 -0.01890684 -0.01841097 -0.00509389 -0.00108910 0.00206189 0.00230148 0.00242252 0.00247775 0.00246866 0.00239773 0.00226823 0.00208425 0.00185085 0.00157490 0.00126674 0.00093780 0.00060676 -0.00006492 -0.00040177 -0.00011942 0.00001370 0.00000758 -0.00000008 -0.00000222 0.00019729 -0.00632671 -0.00286101 -0.46433630 34.07930 
0.570 0.01946158 5 870099.37 -1715042.00 -2554265.02 -2242884.60 75513.19 7306777.81 436265654.96 0.00597066 -0.01831397 -0.01838226 -0.00557455 -0.00144578 0.00198539 0.00225340 0.00239678 0.00247296 0.00248340 0.00243055 0.00231763 0.00214871 0.00192880 0.00166428 0.00136388 0.00103769 0.00070304 -0.00001002 -0.00043021 -0.00013239 0.00001604 0.00000753 0.00000007 -0.00000173 0.00020318 -0.00643427 -0.00290830 -0.48419653 35.97260 
0.600 0.02022212 5 -8655973.57 -236638.73 380193.49 99553.20 -1700252.00 -7198829.54 -726632578.58 -0.00530622 0.02022212 0.01891085 0.00325707 0.00085822 0.00464128 0.00488491 0.00498782 0.00501062 0.00495339 0.00481630 0.00459977 0.00430457 0.00393253 0.00348873 0.00298496 0.00243978 0.00188165 0.00067049 -0.00030933 -0.00017876 -0.00000775 -0.00000563 -0.00000263 -0.00000165 0.00047560 0.00616911 0.00314458 0.50917748 37.86589 
0.630 0.02189943 5 -7852903.90 -78221.78 529306.67 505473.60 -1682895.79 -7126566.60 -692857883.63 -0.00580481 0.02189943 0.02029260 0.00320769 0.00033961 0.00394883 0.00420023 0.00432685 0.00438767 0.00438215 0.00430938 0.00416821 0.00395730 0.00367563 0.00332398 0.00290736 0.00243680 0.00193500 0.00077195 -0.00026460 -0.00018277 -0.00001046 -0.00000494 -0.00000234 -0.00000173 0.00043952 0.00634866 0.00320959 0.51402680 39.75919 
0.660 0.02277591 5 -7465961.82 132281.27 459854.66 715510.30 -1647457.00 -7126151.05 -680978102.73 -0.00606823 0.02277591 0.02092244 0.00300559 0.00014532 0.00382854 0.00408025 0.00421194 0.00428370 0.00429452 0.00424287 0.00412679 0.00394401 0.00369241 0.00337134 0.00298384 0.00253797 0.00205236 0.00087773 -0.00024960 -0.00020525 -0.00001607 -0.00000338 -0.00000172 -0.00000187 0.00044133 0.00640951 0.00323907 0.51584119 41.65248 
0.690 0.02365703 5 -7005778.93 431451.85 494826.01 769545.75 -1493783.66 -7207818.88 -672595750.81 -0.00603279 0.02365703 0.02142033 0.00296558 -0.00011791 0.00329662 0.00353067 0.00365768 0.00373507 0.00376181 0.00373637 0.00365678 0.00352071 0.00332575 0.00307033 0.00275492 0.00238283 0.00196458 0.00088821 -0.00022930 -0.00020693 -0.00001391 -0.00000349 -0.00000199 -0.00000190 0.00039666 0.00649031 0.00325322 0.51112608 43.54578 
0.720 0.02408758 5 -6823204.40 531112.74 549517.66 692712.62 -1331469.82 -7265077.59 -668129096.72 -0.00592710 0.02408758 0.02159911 0.00293288 -0.00027934 0.00299494 0.00321937 0.00334362 0.00342391 0.00345922 0.00344801 0.00338824 0.00327747 0.00311305 0.00289288 0.00261646 0.00228528 0.00190646 0.00088986 -0.00022105 -0.00021064 -0.00001303 -0.00000307 -0.00000202 -0.00000195 0.00037049 0.00651305 0.00324998 0.50586517 45.43907 
0.750 0.02453198 5 -6703378.74 536770.05 642001.34 627278.30 -1274874.87 -7234553.57 -662041217.92 -0.00592222 0.02453198 0.02191170 0.00288933 -0.00041601 0.00279124 0.00301141 0.00313505 0.00321923 0.00326295 0.00326458 0.00322202 0.00313270 0.00299377 0.00280276 0.00255844 0.00226101 0.00191470 0.00094333 -0.00018017 -0.00020346 -0.00001210 -0.00000276 -0.00000206 -0.00000199 0.00035897 0.00655916 0.00326547 0.50520286 47.33237 
0.780 0.02360345 5 -6791909.42 447841.44 888657.50 330769.27 -1185687.05 -7273490.57 -667231438.43 -0.00579932 0.02360345 0.02116343 0.00309735 -0.00027160 0.00299285 0.00321682 0.00334199 0.00342704 0.00347098 0.00347223 0.00342878 0.00333813 0.00319732 0.00300380 0.00275615 0.00245430 0.00210153 0.00109116 -0.00013424 -0.00021405 -0.00001813 -0.00000215 -0.00000144 -0.00000192 0.00038949 0.00643874 0.00322524 0.50348921 49.22566 
0.810 0.02007857 5 -7323264.53 544896.58 719310.98 -177539.85 -1534665.96 -6875266.28 -689706013.71 -0.00666924 0.02007857 0.01982334 0.00534720 0.00013350 0.00348964 0.00378749 0.00396396 0.00408895 0.00416137 0.00417961 0.00414159 0.00404480 0.00388639 0.00366394 0.00337573 0.00302278 0.00260999 0.00142615 -0.00005998 -0.00024329 -0.00003215 -0.00000130 0.00000003 -0.00000160 0.00047876 0.00642695 0.00326714 0.54984161 51.11896 
0.840 0.02045944 4 -6944803.15 988842.99 509860.17 -224066.48 -1502801.63 -6716638.22 -681883051.67 -0.00682563 0.02033365 0.02029727 0.00568916 -0.00043048 0.00282698 0.00314134 0.00334088 0.00349711 0.00360894 0.00367469 0.00369218 0.00365867 0.00357086 0.00342570 0.00322030 0.00295264 0.00262465 0.00158040 0.00006782 -0.00024664 -0.00004761 0.00000039 0.00000162 -0.00000156 0.00044522 0.00641747 0.00324487 0.54525576 53.01225 
0.870 0.01966838 4 -7087094.96 1325561.34 73616.53 -376432.87 -1544483.92 -6565356.04 -692711831.21 -0.00721779 0.01897525 0.01952732 0.00604886 0.00009544 0.00338994 0.00369624 0.00388677 0.00403238 0.00413207 0.00418428 0.00418694 0.00413735 0.00403217 0.00386828 0.00364377 0.00335681 0.00300564 0.00188111 0.00018687 -0.00025326 -0.00006244 0.00000158 0.00000321 -0.00000133 0.00051668 0.00635608 0.00325405 0.56237566 54.90555 
0.900 0.01857189 4 -7230317.59 1630178.11 -397509.35 -457071.88 -1622303.32 -6383611.16 -700837803.88 -0.00752762 0.01724384 0.01844405 0.00633136 0.00066363 0.00401729 0.00431668 0.00449811 0.00463251 0.00471898 0.00475606 0.00474180 0.00467355 0.00454795 0.00436178 0.00411332 0.00380214 0.00342614 0.00221270 0.00032597 -0.00025175 -0.00007677 0.00000243 0.00000463 -0.00000119 0.00059698 0.00620354 0.00322520 0.57412184 56.79884 
0.930 0.01767332 4 -7170655.49 1849853.08 -596681.25 -545970.78 -1626889.30 -6250967.24 -700168056.70 -0.00787120 0.01587117 0.01755057 0.00664016 0.00120147 0.00442885 0.00471141 0.00487902 0.00500064 0.00507545 0.00510206 0.00507854 0.00500220 0.00486947 0.00467683 0.00442249 0.00410615 0.00372752 0.00248553 0.00047141 -0.00023657 -0.00008781 0.00000306 0.00000583 -0.00000098 0.00065290 0.00611013 0.00321112 0.58616484 58.69213 
0.960 0.01730865 5 -1791774.07 2289665.26 3472050.93 1474563.38 -456175.11 -8571878.53 -584052500.62 -0.00054956 0.01730865 0.01299962 0.00180837 0.00168451 -0.00226177 -0.00268368 -0.00295909 -0.00315001 -0.00325735 -0.00328328 -0.00323105 -0.00310536 -0.00291287 -0.00266169 -0.00235959 -0.00201264 -0.00162899 -0.00067226 0.00016542 0.00010206 -0.00000787 -0.00001448 -0.00000196 0.00000083 -0.00033876 0.00507159 0.00219748 0.29320417 60.58543 
0.990 0.01690330 5 -1524082.24 2320178.59 3527908.72 1517174.66 -394135.21 -8495209.00 -568972007.60 -0.00072041 0.01690330 0.01274727 0.00178087 0.00183504 -0.00229341 -0.00273458 -0.00302157 -0.00322107 -0.00333403 -0.00336267 -0.00331030 -0.00318181 -0.00298424 -0.00272627 -0.00241617 -0.00206005 -0.00166616 -0.00068251 0.00018267 0.00011073 -0.00000846 -0.00001441 -0.00000179 0.00000086 -0.00034570 0.00500347 0.00216187 0.29143038 62.47872 
1.020 0.01772385 4 -6056398.52 -6138728.15 -3725581.24 -3390946.32 967246.65 6231610.54 303027148.51 0.00608412 -0.01507931 -0.01772385 -0.00771450 -0.00073619 0.00992876 0.01067026 0.01103309 0.01115810 0.01105406 0.01073519 0.01021859 0.00952663 0.00868771 0.00773542 0.00670800 0.00564601 0.00459142 0.00230459 0.00009469 -0.00027814 -0.00007254 0.00001258 0.00000745 -0.00000197 0.00112622 -0.00614174 -0.00228083 -0.38894586 64.37202 
1.050 0.01861871 4 -6719665.45 -6442486.81 -3875880.06 -3526865.55 951731.81 6173835.17 284607110.29 0.00652142 -0.01605402 -0.01861871 -0.00788445 -0.00061077 0.01061810 0.01139437 0.01177035 0.01189613 0.01178125 0.01144089 0.01089371 0.01016367 0.00928058 0.00827917 0.00719879 0.00608137 0.00497015 0.00254214 0.00014378 -0.00030122 -0.00008402 0.00001342 0.00000862 -0.00000181 0.00120780 -0.00634567 -0.00233309 -0.39610977 66.26531 
1.080 0.01945734 4 -7495000.37 -6785152.96 -4080709.66 -3682802.50 932396.16 6121268.58 263560904.32 0.00694339 -0.01697389 -0.01945734 -0.00807186 -0.00052255 0.01139845 0.01221798 0.01261096 0.01273926 0.01261289 0.01224785 0.01166444 0.01088868 0.00995233 0.00889183 0.00774811 0.00656492 0.00538734 0.00279871 0.00019294 -0.00032968 -0.00009728 0.00001461 0.00000999 -0.00000164 0.00129948 -0.00654952 -0.00237995 -0.40246086 68.15861 
1.110 0.02015331 4 -8287598.49 -7165826.49 -4302135.92 -3818734.48 917081.09 6082017.31 244432473.08 0.00733862 -0.01772218 -0.02015331 -0.00831212 -0.00048399 0.01214771 0.01301139 0.01342241 0.01355498 0.01341946 0.01303251 0.01241574 0.01159666 0.01060868 0.00948998 0.00828323 0.00703421 0.00579001 0.00304068 0.00022858 -0.00036757 -0.00011429 0.00001608 0.00001175 -0.00000143 0.00138721 -0.00674144 -0.00242331 -0.40914181 70.05190 
1.140 0.02082396 4 -9066031.11 -7518874.60 -4535693.97 -3917557.14 878091.90 6028002.71 223968165.35 0.00764074 -0.01842691 -0.02082396 -0.00855599 -0.00035337 0.01298099 0.01388122 0.01430449 0.01443722 0.01429017 0.01388046 0.01323071 0.01236961 0.01133173 0.01015627 0.00888713 0.00757174 0.00625913 0.00333821 0.00029017 -0.00040321 -0.00013343 0.00001784 0.00001371 -0.00000125 0.00148597 -0.00690576 -0.00244787 -0.41148657 71.94520 
1.170 0.02143057 4 -9699803.53 -7795511.46 -4746917.22 -3958728.98 859498.54 5941855.59 206050445.59 0.00797912 -0.01898262 -0.02143057 -0.00885123 -0.00026718 0.01371674 0.01465417 0.01509444 0.01523410 0.01508399 0.01466146 0.01398972 0.01309820 0.01202213 0.01080130 0.00948028 0.00810776 0.00673450 0.00365247 0.00036430 -0.00043559 -0.00015274 0.00001949 0.00001565 -0.00000107 0.00158037 -0.00706769 -0.00247364 -0.41568871 73.83849 
1.200 0.02203889 4 -10280679.47 -8045547.52 -4951088.77 -3964626.00 844278.49 5836304.33 188823576.22 0.00828580 -0.01950467 -0.02203889 -0.00916836 -0.00013403 0.01448659 0.01545798 0.01591401 0.01606023 0.01590746 0.01547320 0.01478102 0.01386085 0.01274833 0.01148347 0.01011121 0.00868123 0.00724606 0.00399537 0.00044574 -0.00047455 -0.00017745 0.00002133 0.00001814 -0.00000080 0.00167963 -0.00722060 -0.00249259 -0.41843571 75.73179 
