0.001 0.00011823 5 -5962.55 -11620.13 -25378.12 -17311.10 -1991.20 50338.00 2488349.08 -0.00000721 -0.00005070 -0.00011470 -0.00002341 0.00001348 0.00007115 0.00007486 0.00006969 0.00006245 0.00005394 0.00004461 0.00003520 0.00002635 0.00001847 0.00001170 0.00000600 0.00000136 -0.00000231 -0.00000509 0.00000035 0.00001030 0.00000005 -0.00001038 -0.00000145 0.00000189 0.00000446 -0.00002904 -0.00001125 -0.00177191 0.11647 
0.030 0.00170516 5 -216143.92 -393168.22 -764516.79 -466057.54 -30553.46 1438152.10 73162369.68 -0.00063605 -0.00163514 -0.00084511 -0.00035357 -0.00001337 0.00063510 0.00066152 0.00065016 0.00061425 0.00055749 0.00048434 0.00040060 0.00031370 0.00023113 0.00015818 0.00009776 0.00005092 0.00001701 -0.00001790 -0.00001410 0.00000511 -0.00000085 -0.00000997 -0.00000266 0.00000042 0.00004028 -0.00047564 -0.00020157 -0.01881717 3.49403 
0.060 0.00311914 5 -349775.30 -730678.33 -1395490.04 -840359.89 -50368.77 2667121.73 138084341.08 -0.00120070 -0.00304522 -0.00149865 -0.00066385 -0.00004878 0.00122880 0.00128860 0.00128316 0.00123365 0.00114458 0.00102294 0.00087797 0.00072042 0.00056045 0.00040899 0.00027570 0.00016680 0.00008387 -0.00001539 -0.00003273 -0.00000262 -0.00000132 -0.00000858 -0.00000353 -0.00000116 0.00008611 -0.00088040 -0.00036696 -0.03313778 6.98807 
0.090 0.00442033 5 -547615.68 -1133008.77 -1994245.97 -1135432.08 -58228.41 3773299.54 198325171.56 -0.00171453 -0.00434420 -0.00210389 -0.00098077 -0.00009242 0.00192355 0.00202969 0.00203994 0.00198557 0.00187110 0.00170473 0.00149706 0.00126150 0.00101375 0.00076919 0.00054370 0.00035178 0.00020014 0.00000284 -0.00005597 -0.00001321 -0.00000164 -0.00000643 -0.00000398 -0.00000255 0.00014559 -0.00126142 -0.00051398 -0.04534589 10.48210 
0.120 0.00557507 5 -771374.19 -1655721.13 -2501417.32 -1332842.76 -21742.52 4740349.54 257498987.24 -0.00213794 -0.00549602 -0.00265943 -0.00131918 -0.00016834 0.00270686 0.00287198 0.00290785 0.00285788 0.00272632 0.00252138 0.00225451 0.00194093 0.00159956 0.00125146 0.00091965 0.00062543 0.00038420 0.00004772 -0.00008245 -0.00002743 -0.00000217 -0.00000370 -0.00000407 -0.00000372 0.00021934 -0.00162182 -0.00064375 -0.05639222 13.97613 
0.150 0.00633979 5 -1866708.36 333211.13 1743830.73 1761566.07 -175986.95 -5529329.34 -342711495.76 0.00134554 0.00633979 0.00352611 0.00143580 0.00051632 -0.00037772 -0.00041819 -0.00042932 -0.00041538 -0.00037750 -0.00031782 -0.00023905 -0.00014641 -0.00005203 0.00002843 0.00008279 0.00010749 0.00010878 0.00007035 0.00001316 0.00000115 -0.00000498 -0.00001060 -0.00000406 -0.00000191 -0.00001690 0.00195920 0.00090945 0.11034713 17.47017 
0.180 0.00775971 5 7951945.86 -302134.01 -255442.95 450439.63 945420.71 7113662.48 697237895.13 -0.00246220 -0.00762540 -0.00360052 -0.00238667 -0.00159346 -0.00244415 -0.00249995 -0.00249090 -0.00243406 -0.00232940 -0.00217729 -0.00197829 -0.00173518 -0.00145694 -0.00115944 -0.00086455 -0.00059483 -0.00036851 -0.00005130 0.00007064 0.00001202 -0.00000348 0.00000732 -0.00000091 -0.00000465 -0.00019459 -0.00285484 -0.00144166 -0.19060128 20.96420 
0.210 0.00912230 5 7938477.52 -526888.08 -389201.11 153461.61 787361.95 7913743.15 734826534.93 -0.00274696 -0.00884016 -0.00473062 -0.00235156 -0.00156752 -0.00266959 -0.00276167 -0.00279451 -0.00279043 -0.00274824 -0.00266633 -0.00254267 -0.00237540 -0.00216383 -0.00191034 -0.00162276 -0.00131410 -0.00100612 -0.00040744 0.00002151 0.00003300 0.00000583 0.00000804 -0.00000096 -0.00000432 -0.00027345 -0.00321786 -0.00165372 -0.21887877 24.45824 
0.240 0.01061570 5 -2156816.50 1981094.95 2342656.05 1651627.73 -225522.08 -7906673.15 -536075913.71 0.00145936 0.01061570 0.00813835 0.00374509 0.00108619 -0.00238221 -0.00261511 -0.00274467 -0.00280331 -0.00279182 -0.00271209 -0.00256684 -0.00235984 -0.00209699 -0.00178974 -0.00145795 -0.00112445 -0.00081470 -0.00028742 0.00003479 0.00003819 0.00000340 -0.00000710 -0.00000294 -0.00000170 -0.00025960 0.00400518 0.00173963 0.23559483 27.95227 
0.270 0.01244811 5 -180211.62 2713554.47 3131789.06 2449713.91 -103695.54 -8371573.52 -499811930.87 0.00100783 0.01244811 0.01007591 0.00413742 0.00099595 -0.00443488 -0.00483737 -0.00506087 -0.00516757 -0.00515814 -0.00503469 -0.00480022 -0.00446006 -0.00402578 -0.00351731 -0.00296121 -0.00238570 -0.00182284 -0.00072287 0.00006924 0.00008064 0.00000851 -0.00000653 -0.00000336 -0.00000212 -0.00050023 0.00453753 0.00186135 0.24940829 31.44630 
0.300 0.01352764 5 2108960.14 3717065.02 3422822.94 3341530.10 -48701.22 -8323756.71 -433993069.92 0.00032508 0.01352764 0.01126783 0.00420357 0.00109907 -0.00637375 -0.00695913 -0.00728350 -0.00744265 -0.00743809 -0.00727541 -0.00696028 -0.00650448 -0.00592818 -0.00525816 -0.00452472 -0.00375860 -0.00299341 -0.00136501 0.00003615 0.00014798 0.00002296 -0.00000788 -0.00000488 -0.00000248 -0.00074775 0.00480601 0.00185572 0.24704647 34.94034 
0.330 0.01333292 5 2507433.22 2956675.74 3074410.04 4233996.81 160711.04 -7918360.41 -348910621.53 -0.00026433 0.01333292 0.01125152 0.00360340 0.00140699 -0.00639021 -0.00705988 -0.00746853 -0.00772466 -0.00782888 -0.00778322 -0.00759085 -0.00725708 -0.00679176 -0.00621293 -0.00554407 -0.00480868 -0.00403563 -0.00219519 -0.00027060 0.00011773 0.00003490 -0.00000729 -0.00000597 -0.00000282 -0.00086825 0.00466497 0.00172559 0.23028938 38.43437 
0.360 0.01394321 5 1713607.19 3895074.98 4168718.31 2179787.18 -687358.32 -7842614.95 -476208507.61 0.00019223 0.01394321 0.01239588 0.00466504 0.00157818 -0.00685181 -0.00752690 -0.00792226 -0.00816216 -0.00824697 -0.00817846 -0.00795969 -0.00759591 -0.00709706 -0.00648163 -0.00577399 -0.00500018 -0.00419246 -0.00230092 -0.00033419 0.00010508 0.00003872 -0.00000838 -0.00000726 -0.00000345 -0.00091426 0.00531486 0.00200581 0.27463387 41.92840 
0.390 0.01542117 5 838818.43 3667254.39 3264196.32 2809796.40 -342934.49 -8559494.19 -508443226.59 0.00001428 0.01542117 0.01260689 0.00423634 0.00192754 -0.00590917 -0.00658011 -0.00699925 -0.00728317 -0.00743200 -0.00744716 -0.00733122 -0.00708861 -0.00672615 -0.00625316 -0.00568322 -0.00503170 -0.00432394 -0.00255199 -0.00052372 0.00004487 0.00003650 -0.00000660 -0.00000707 -0.00000367 -0.00087591 0.00549202 0.00210923 0.28525667 45.42244 
0.420 0.01637293 5 263978.83 3079480.46 2550471.13 3280671.60 59318.31 -8705962.68 -490428639.75 -0.00065985 0.01637293 0.01294737 0.00356267 0.00220254 -0.00457240 -0.00521895 -0.00564928 -0.00596691 -0.00617188 -0.00626531 -0.00624941 -0.00612801 -0.00590709 -0.00559347 -0.00519204 -0.00470610 -0.00414724 -0.00261026 -0.00065406 -0.00001240 0.00003092 -0.00000498 -0.00000693 -0.00000410 -0.00077898 0.00551191 0.00217004 0.29743122 48.91647 
0.450 0.01599900 5 -223481.67 2305386.10 2256254.52 3613301.32 96357.35 -8494780.95 -462360162.19 -0.00154629 0.01599900 0.01290206 0.00296913 0.00249331 -0.00290708 -0.00349174 -0.00389832 -0.00421374 -0.00443828 -0.00457330 -0.00462113 -0.00458564 -0.00447336 -0.00429441 -0.00405673 -0.00375757 -0.00339028 -0.00224438 -0.00065480 -0.00009254 0.00000431 -0.00000238 -0.00000459 -0.00000409 -0.00059978 0.00533960 0.00218446 0.31374448 52.41050 
0.480 0.01425230 5 -795074.02 1459563.79 2012071.57 3734086.87 119585.85 -8120382.10 -430953583.17 -0.00269991 0.01425230 0.01197910 0.00223656 0.00338608 -0.00030720 -0.00081030 -0.00118024 -0.00148540 -0.00172615 -0.00190382 -0.00202061 -0.00208038 -0.00209384 -0.00208234 -0.00205566 -0.00199767 -0.00188205 -0.00133805 -0.00049243 -0.00018431 -0.00003900 0.00000150 -0.00000043 -0.00000385 -0.00028674 0.00500861 0.00219559 0.34348514 55.90454 
0.510 0.01262198 5 -1363247.93 629983.54 2021895.20 3798643.38 90166.37 -7903936.41 -412069583.59 -0.00378620 0.01262198 0.01077159 0.00117043 0.00475013 0.00282544 0.00237700 0.00202658 0.00171716 0.00144839 0.00121910 0.00102733 0.00086771 0.00071718 0.00053750 0.00031787 0.00009974 -0.00006177 -0.00016063 -0.00021400 -0.00024699 -0.00007971 0.00000501 0.00000352 -0.00000361 0.00009240 0.00471767 0.00226062 0.38179247 59.39857 
0.540 0.01104112 2 -11055337.93 5041369.45 -5417693.10 -1830934.65 -537177.80 -8310901.83 -1010957737.60 -0.00292959 0.00469907 0.00289339 0.00229866 0.01095112 0.01343202 0.01319274 0.01288686 0.01251946 0.01209136 0.01160277 0.01105320 0.01043662 0.00972224 0.00886617 0.00787483 0.00680622 0.00573137 0.00330261 0.00033856 -0.00048888 -0.00018022 0.00000916 0.00001445 -0.00000012 0.00130899 0.00495856 0.00301982 0.58398297 62.89260 
0.570 0.01264705 2 -10045969.52 5892295.28 -5369709.38 -1988908.61 -504305.66 -8075341.14 -993684075.13 -0.00433741 0.00237464 0.00170548 0.00383382 0.01251851 0.01314426 0.01277388 0.01238199 0.01194879 0.01147539 0.01096218 0.01040871 0.00980692 0.00911931 0.00829787 0.00735704 0.00635619 0.00536196 0.00314151 0.00035062 -0.00048165 -0.00018225 0.00000957 0.00001475 -0.00000003 0.00124000 0.00520119 0.00309691 0.63345147 66.38664 
0.600 0.01390580 2 -8761371.77 6591882.06 -5361186.19 -2092438.08 -545101.96 -7354527.59 -938382491.47 -0.00626244 -0.00095914 0.00057780 0.00546908 0.01375326 0.01270279 0.01222773 0.01176874 0.01128574 0.01077999 0.01025199 0.00970136 0.00912105 0.00847576 0.00771562 0.00684784 0.00592924 0.00502402 0.00301598 0.00036820 -0.00050828 -0.00019997 0.00001146 0.00001668 0.00000028 0.00116511 0.00521769 0.00306486 0.67590458 69.88067 
0.630 0.01480249 2 -7530961.81 7263060.62 -5364345.88 -2011370.05 -679482.75 -6738823.74 -889513505.96 -0.00794157 -0.00387755 -0.00030909 0.00697095 0.01462812 0.01204046 0.01147375 0.01095809 0.01043525 0.00990662 0.00937272 0.00883323 0.00828224 0.00768748 0.00699739 0.00620987 0.00537824 0.00456549 0.00280494 0.00039926 -0.00049209 -0.00020507 0.00001157 0.00001731 0.00000060 0.00107093 0.00519948 0.00300630 0.70685179 73.37471 
0.660 0.01534867 2 -6271937.49 7866210.52 -5311343.97 -1946702.25 -804733.13 -6075368.66 -835120234.23 -0.00953454 -0.00636854 -0.00087926 0.00843801 0.01515347 0.01113454 0.01049043 0.00992970 0.00937773 0.00883596 0.00830493 0.00778430 0.00726926 0.00673105 0.00611679 0.00541398 0.00467114 0.00395102 0.00246196 0.00039267 -0.00046575 -0.00020682 0.00001102 0.00001762 0.00000096 0.00094934 0.00517011 0.00292794 0.72951949 76.86874 
0.690 0.01688694 5 2972906.56 912625.06 -280924.03 -1025705.51 -689908.54 4056819.59 239647897.33 -0.01339812 -0.01652164 -0.00436257 0.00785779 0.01040679 0.00678608 0.00638251 0.00605567 0.00574157 0.00543985 0.00514976 0.00486997 0.00459548 0.00429887 0.00392565 0.00345748 0.00294050 0.00243905 0.00150778 0.00021750 -0.00043724 -0.00019689 0.00002153 0.00001648 -0.00000302 0.00058032 0.00133415 0.00093370 0.46783765 80.36277 
0.720 0.01848502 5 2328249.85 926031.18 67663.09 -1286343.88 -949613.38 3570512.83 176076503.88 -0.01454827 -0.01810107 -0.00441492 0.01035428 0.01101601 0.00687367 0.00649540 0.00618688 0.00588851 0.00559995 0.00532046 0.00504875 0.00478032 0.00448995 0.00412375 0.00365816 0.00313572 0.00262095 0.00163996 0.00026027 -0.00046380 -0.00021691 0.00002172 0.00001862 -0.00000203 0.00060546 0.00184170 0.00118498 0.54240027 83.85681 
0.750 0.02026288 5 1380007.00 822213.54 294536.75 -1536205.08 -1202514.20 3001975.99 102513298.84 -0.01512398 -0.01977129 -0.00492953 0.01233812 0.01142326 0.00722853 0.00690532 0.00663333 0.00636304 0.00609414 0.00582591 0.00555714 0.00528416 0.00498706 0.00462102 0.00415939 0.00363635 0.00311318 0.00203406 0.00038672 -0.00048595 -0.00023798 0.00002202 0.00002109 -0.00000089 0.00068084 0.00213384 0.00136197 0.59672449 87.35084 
0.780 0.02107367 5 740992.40 915724.78 643234.54 -1854902.21 -1463413.14 2500348.42 34607831.06 -0.01577827 -0.02049949 -0.00467388 0.01401045 0.01185213 0.00730373 0.00698757 0.00672034 0.00645312 0.00618561 0.00591709 0.00564633 0.00536954 0.00506721 0.00469702 0.00423411 0.00371155 0.00318986 0.00209649 0.00039550 -0.00050352 -0.00024562 0.00002214 0.00002198 -0.00000042 0.00069243 0.00258430 0.00157929 0.65220934 90.84487 
0.810 0.02136578 5 195920.09 1009962.17 1035176.15 -2148482.17 -1704498.32 2003762.27 -28785489.19 -0.01646810 -0.02070591 -0.00409801 0.01571788 0.01215627 0.00715495 0.00683421 0.00656398 0.00629372 0.00602310 0.00575138 0.00547725 0.00519689 0.00489232 0.00452697 0.00408044 0.00358300 0.00309167 0.00204040 0.00035890 -0.00052390 -0.00025019 0.00002232 0.00002253 -0.00000012 0.00066984 0.00310669 0.00181218 0.70696193 94.33891 
0.840 0.02238172 3 -4611418.38 -1897752.97 -7247781.29 5802551.45 2953340.40 -4221775.97 -73287879.75 0.02287834 0.01061033 -0.00284261 -0.02238172 -0.01246389 -0.00189730 -0.00134870 -0.00094475 -0.00059621 -0.00030243 -0.00006175 0.00012801 0.00026754 0.00034589 0.00034188 0.00025736 0.00012915 0.00000191 -0.00020837 -0.00054035 -0.00055985 -0.00015514 0.00001866 0.00001631 0.00000120 -0.00007278 -0.00624041 -0.00296402 -0.91571564 97.83294 
0.870 0.02457019 3 -4900295.64 -2196771.60 -7266316.25 5461485.09 2942300.59 -3840993.48 -60287835.06 0.02520086 0.01079849 -0.00386062 -0.02457019 -0.01404721 -0.00233039 -0.00170090 -0.00123286 -0.00082551 -0.00047841 -0.00019014 0.00004133 0.00021679 0.00032823 0.00036221 0.00032601 0.00025084 0.00017107 -0.00000314 -0.00040840 -0.00054795 -0.00016659 0.00001971 0.00001786 0.00000157 -0.00006880 -0.00718872 -0.00340645 -1.02943774 101.32697 
0.900 0.02641665 3 -5119310.49 -2492690.28 -7198279.04 5183553.82 2845659.19 -3457554.19 -47177976.24 0.02721177 0.01086313 -0.00473973 -0.02641665 -0.01539807 -0.00283592 -0.00214562 -0.00162963 -0.00117760 -0.00078931 -0.00046345 -0.00019813 0.00000753 0.00014709 0.00021266 0.00021584 0.00018523 0.00014723 0.00003086 -0.00036178 -0.00056361 -0.00018144 0.00002165 0.00001972 0.00000191 -0.00009350 -0.00800229 -0.00380096 -1.12917128 104.82101 
0.930 0.02780363 3 -5381402.75 -2668212.67 -7220180.08 5163259.86 2788587.45 -3444857.32 -52209439.40 0.02878164 0.01120327 -0.00497211 -0.02780363 -0.01636323 -0.00336994 -0.00265373 -0.00211683 -0.00164468 -0.00123721 -0.00089311 -0.00061045 -0.00038810 -0.00023040 -0.00014056 -0.00010453 -0.00009542 -0.00009125 -0.00011606 -0.00039719 -0.00058229 -0.00019158 0.00002330 0.00002105 0.00000216 -0.00014742 -0.00847907 -0.00405310 -1.19846556 108.31504 
