0.001 0.00012662 5 13490.41 -14697.62 -23140.45 -11379.75 2709.58 59998.66 4035632.91 -0.00000498 -0.00005908 -0.00012088 -0.00003029 0.00000867 0.00006605 0.00007003 0.00006531 0.00005864 0.00005074 0.00004206 0.00003326 0.00002496 0.00001756 0.00001117 0.00000576 0.00000131 -0.00000224 -0.00000494 0.00000042 0.00001030 0.00000006 -0.00001036 -0.00000144 0.00000189 0.00000424 -0.00003408 -0.00001372 -0.00221078 0.07123 
0.030 0.00215451 5 124360.19 -491722.70 -835026.15 -463069.14 40358.80 1873819.38 113670149.54 -0.00072357 -0.00208322 -0.00108932 -0.00052516 -0.00010720 0.00053031 0.00055537 0.00054397 0.00050854 0.00045332 0.00038428 0.00030913 0.00023601 0.00016923 0.00011191 0.00006564 0.00003065 0.00000592 -0.00001745 -0.00001072 0.00000584 -0.00000083 -0.00000969 -0.00000241 0.00000062 0.00003208 -0.00064992 -0.00028763 -0.03092963 2.13683 
0.060 0.00434714 5 -74912.71 -1059113.42 -1771923.98 -1049008.31 23373.10 3781759.89 216429959.10 -0.00155154 -0.00427067 -0.00211251 -0.00101578 -0.00018590 0.00126268 0.00132478 0.00131078 0.00124275 0.00112731 0.00097545 0.00080156 0.00062188 0.00045195 0.00030439 0.00018562 0.00009531 0.00003110 -0.00003399 -0.00002910 -0.00000004 -0.00000098 -0.00000828 -0.00000326 -0.00000084 0.00007987 -0.00128714 -0.00056095 -0.05698116 4.27366 
0.090 0.00648224 5 -526002.18 -2037964.51 -2669987.15 -1359728.17 53390.64 5488287.01 320190531.35 -0.00248541 -0.00640254 -0.00314206 -0.00165240 -0.00035416 0.00262986 0.00279411 0.00282145 0.00275490 0.00260067 0.00236958 0.00207545 0.00173718 0.00137912 0.00102802 0.00070772 0.00043827 0.00023161 -0.00002199 -0.00008041 -0.00001720 -0.00000027 -0.00000576 -0.00000383 -0.00000232 0.00019861 -0.00198613 -0.00082554 -0.08051507 6.41049 
0.120 0.00851513 5 -599483.79 -2971118.85 -3066509.41 -1634699.66 54220.31 7018623.82 424062563.91 -0.00342843 -0.00842692 -0.00412335 -0.00228782 -0.00064202 0.00407083 0.00436432 0.00446602 0.00444144 0.00429599 0.00403940 0.00368328 0.00324448 0.00274615 0.00221678 0.00168908 0.00119634 0.00076883 0.00013257 -0.00013576 -0.00004894 -0.00000204 -0.00000225 -0.00000384 -0.00000368 0.00035849 -0.00270347 -0.00107688 -0.10215030 8.54732 
0.150 0.01025827 5 -183809.73 -3383340.33 -3139887.24 -1882071.95 13093.51 8208396.27 507823519.85 -0.00427843 -0.01013904 -0.00496689 -0.00281552 -0.00095340 0.00519506 0.00562276 0.00582576 0.00588766 0.00581091 0.00560191 0.00526692 0.00481770 0.00427356 0.00366057 0.00300986 0.00235395 0.00172740 0.00056091 -0.00019328 -0.00011429 -0.00000964 0.00000250 -0.00000294 -0.00000479 0.00053223 -0.00334067 -0.00128329 -0.11843162 10.68414 
0.180 0.01130201 5 227460.89 -3333010.51 -2707776.74 -2406624.45 -108165.70 8783038.30 534460883.58 -0.00452984 -0.01104499 -0.00568546 -0.00287692 -0.00140880 0.00550302 0.00604655 0.00635343 0.00652336 0.00655761 0.00645864 0.00622973 0.00587561 0.00540494 0.00483524 0.00419188 0.00350223 0.00279779 0.00123980 -0.00013168 -0.00018805 -0.00002650 0.00000724 -0.00000082 -0.00000529 0.00066354 -0.00375493 -0.00140774 -0.13203887 12.82097 
0.210 0.01213166 5 889799.62 4014552.46 4824592.59 1732199.92 -203768.05 -9477777.29 -586017171.27 0.00517426 0.01213166 0.00560380 0.00331675 0.00090576 -0.00593611 -0.00629765 -0.00641027 -0.00635192 -0.00613129 -0.00576312 -0.00526750 -0.00467030 -0.00400300 -0.00330141 -0.00260437 -0.00195019 -0.00137120 -0.00041372 0.00015133 0.00009147 0.00000211 -0.00001477 -0.00000437 -0.00000073 -0.00053187 0.00385148 0.00152294 0.13896552 14.95780 
0.240 0.01341992 5 2704479.95 4176760.37 6220528.88 2327174.22 -210095.74 -9809887.79 -540461595.34 0.00528388 0.01341992 0.00681536 0.00348020 0.00067021 -0.00784276 -0.00832685 -0.00849510 -0.00845563 -0.00821806 -0.00779833 -0.00721846 -0.00650659 -0.00569675 -0.00482739 -0.00394051 -0.00307943 -0.00228593 -0.00085054 0.00016563 0.00015252 0.00001383 -0.00001624 -0.00000572 -0.00000107 -0.00074687 0.00415699 0.00155195 0.13268660 17.09463 
0.270 0.01482708 5 4813845.06 4215191.95 7565496.67 2908237.78 85885.46 -9960966.81 -460160864.71 0.00455969 0.01482708 0.00845256 0.00350114 0.00033961 -0.00970550 -0.01032228 -0.01056163 -0.01056006 -0.01032758 -0.00988087 -0.00924308 -0.00844380 -0.00751873 -0.00650825 -0.00545653 -0.00440960 -0.00341339 -0.00146614 0.00012657 0.00023738 0.00003750 -0.00001866 -0.00000826 -0.00000153 -0.00097996 0.00439263 0.00153859 0.12656842 19.23146 
0.300 0.01563202 5 6881601.80 4388430.18 8679996.09 3609494.86 56374.51 -9852693.84 -381278948.70 0.00375189 0.01563202 0.00963583 0.00351697 0.00006015 -0.01172673 -0.01248877 -0.01280987 -0.01285751 -0.01264195 -0.01218035 -0.01149657 -0.01062122 -0.00959127 -0.00844849 -0.00723877 -0.00601040 -0.00481221 -0.00230470 0.00001255 0.00034774 0.00007940 -0.00002279 -0.00001249 -0.00000193 -0.00124976 0.00448335 0.00143779 0.10912095 21.36829 
0.330 0.01581753 5 8717754.65 4593166.86 9118403.65 4188356.05 124266.22 -9306438.13 -284844336.72 0.00243273 0.01581753 0.01069690 0.00331004 -0.00013117 -0.01313020 -0.01400745 -0.01439765 -0.01449351 -0.01430534 -0.01385041 -0.01315275 -0.01224335 -0.01115981 -0.00994453 -0.00864381 -0.00730631 -0.00598179 -0.00308797 -0.00017989 0.00041068 0.00012042 -0.00002566 -0.00001655 -0.00000242 -0.00146151 0.00441637 0.00129390 0.09435271 23.50512 
0.360 0.01632599 5 -5701808.96 -4567745.00 -5807264.83 -4345914.58 488317.33 8530798.12 355408526.26 -0.00018669 -0.01557655 -0.01333450 -0.00375448 -0.00082302 0.00761691 0.00822043 0.00846452 0.00848238 0.00828482 0.00788935 0.00731986 0.00660667 0.00578603 0.00489797 0.00398478 0.00308868 0.00224882 0.00067453 -0.00036214 -0.00018583 -0.00000825 -0.00000067 -0.00000099 -0.00000103 0.00073570 -0.00517513 -0.00203516 -0.26670491 25.64195 
0.390 0.01641383 5 -6544122.17 -5182545.11 -5641831.94 -4416334.59 728489.66 7968099.81 324341055.76 0.00130195 -0.01562340 -0.01442982 -0.00403450 -0.00117412 0.00777497 0.00844301 0.00872998 0.00878225 0.00861051 0.00823223 0.00767125 0.00695797 0.00612882 0.00522420 0.00428696 0.00336010 0.00248377 0.00079720 -0.00038177 -0.00020847 -0.00000868 -0.00000073 -0.00000082 -0.00000085 0.00077416 -0.00539666 -0.00211858 -0.29926074 27.77878 
0.420 0.01654596 5 -7070393.59 -5529047.25 -5599013.01 -4390918.72 1027875.62 7420709.76 300571528.89 0.00278644 -0.01571440 -0.01551290 -0.00438026 -0.00157775 0.00771040 0.00841939 0.00873602 0.00881414 0.00866434 0.00830401 0.00775692 0.00705347 0.00623006 0.00532714 0.00438762 0.00345458 0.00256824 0.00083534 -0.00041518 -0.00022804 -0.00000717 -0.00000081 -0.00000081 -0.00000073 0.00078147 -0.00565697 -0.00223672 -0.33816594 29.91560 
0.450 0.01638966 4 -8745338.70 -5591435.83 -6131344.91 -5015742.28 1512627.29 6480557.03 204590688.21 0.00450005 -0.01529993 -0.01638966 -0.00460160 -0.00172332 0.00848822 0.00926904 0.00962502 0.00972860 0.00959028 0.00922741 0.00866383 0.00793007 0.00706289 0.00610340 0.00509570 0.00408460 0.00311283 0.00115224 -0.00039286 -0.00027322 -0.00001848 -0.00000051 0.00000034 -0.00000034 0.00088753 -0.00567314 -0.00218795 -0.35121410 32.05243 
0.480 0.01694733 4 -9048262.91 -5925929.87 -6063938.49 -4752844.32 2088906.95 5605542.82 185661552.66 0.00611128 -0.01464498 -0.01694733 -0.00513814 -0.00234808 0.00809729 0.00890666 0.00928604 0.00941338 0.00929909 0.00896044 0.00842119 0.00771177 0.00686886 0.00593338 0.00494916 0.00396061 0.00300983 0.00108558 -0.00043596 -0.00027666 -0.00000788 -0.00000112 -0.00000063 -0.00000038 0.00085657 -0.00586665 -0.00229511 -0.39549897 34.18926 
0.510 0.01728758 4 -9156155.57 -6278718.71 -5997523.44 -4217197.68 2605584.91 4731699.35 176908178.14 0.00775291 -0.01387700 -0.01728758 -0.00585439 -0.00308794 0.00750825 0.00833731 0.00873630 0.00888633 0.00879772 0.00848762 0.00797971 0.00730428 0.00649782 0.00560097 0.00465702 0.00370956 0.00279937 0.00095881 -0.00048929 -0.00027919 0.00000160 -0.00000155 -0.00000145 -0.00000044 0.00080197 -0.00608561 -0.00242676 -0.44578034 36.32609 
0.540 0.01743977 4 -9191656.65 -6552738.46 -6030706.78 -3546600.86 3008350.37 3930039.08 170428422.19 0.00939452 -0.01305496 -0.01743977 -0.00669686 -0.00394609 0.00679621 0.00764392 0.00806342 0.00823831 0.00817882 0.00790200 0.00743136 0.00679701 0.00603511 0.00518588 0.00429193 0.00339577 0.00253654 0.00080618 -0.00052638 -0.00026156 0.00001641 -0.00000259 -0.00000282 -0.00000053 0.00073660 -0.00633175 -0.00257687 -0.50019444 38.46292 
0.570 0.01743584 4 -9166981.36 -6715979.02 -6146431.98 -2825278.19 3288944.26 3231763.57 164458136.14 0.01102627 -0.01224836 -0.01743584 -0.00762703 -0.00491816 0.00595825 0.00682481 0.00726728 0.00747108 0.00744634 0.00720996 0.00678516 0.00620168 0.00549515 0.00470512 0.00387315 0.00304023 0.00224320 0.00064291 -0.00056855 -0.00024864 0.00003218 -0.00000317 -0.00000421 -0.00000064 0.00066037 -0.00660832 -0.00274702 -0.55823808 40.59975 
0.600 0.01907472 5 12957511.00 7251228.13 4465013.78 -3314965.64 -2352899.11 6909133.83 403008094.29 -0.00598754 -0.01851313 -0.00757996 0.00865722 0.00166377 -0.01347505 -0.01453822 -0.01516513 -0.01556501 -0.01573852 -0.01568766 -0.01541550 -0.01492774 -0.01423768 -0.01336929 -0.01235403 -0.01122591 -0.01002225 -0.00692360 -0.00248072 -0.00015532 0.00017757 -0.00000369 -0.00001998 -0.00000676 -0.00199921 -0.00156464 -0.00179549 -0.13083270 42.73658 
0.630 0.02183907 5 14603180.78 8365687.77 4896215.03 -4230085.65 -2558543.53 8129907.15 460554270.18 -0.00657893 -0.02119764 -0.00854436 0.01093879 0.00122388 -0.01579182 -0.01689671 -0.01751216 -0.01787088 -0.01797387 -0.01782419 -0.01742675 -0.01679392 -0.01594903 -0.01492431 -0.01375672 -0.01248374 -0.01114388 -0.00774238 -0.00288553 -0.00026159 0.00018136 -0.00000025 -0.00001964 -0.00000689 -0.00226726 -0.00170565 -0.00200399 -0.14239473 44.87341 
0.660 0.02453793 5 15254458.04 8473867.93 5478288.52 -5036305.71 -2734466.24 9073073.54 504944430.20 -0.00657093 -0.02379006 -0.00980058 0.01269639 0.00042723 -0.01744314 -0.01851022 -0.01907545 -0.01937936 -0.01942255 -0.01920858 -0.01874404 -0.01804377 -0.01713338 -0.01604680 -0.01482091 -0.01349050 -0.01209052 -0.00851397 -0.00331041 -0.00036068 0.00019230 0.00000324 -0.00001976 -0.00000696 -0.00246675 -0.00205255 -0.00227258 -0.17318907 47.01024 
0.690 0.02572521 5 14351278.50 7200137.83 6098268.35 -5573509.49 -2928692.69 9555074.50 521230197.65 -0.00628138 -0.02488931 -0.01011395 0.01402965 -0.00065101 -0.01823620 -0.01920163 -0.01970506 -0.01997479 -0.02000987 -0.01981025 -0.01937824 -0.01872220 -0.01786072 -0.01682106 -0.01563343 -0.01432713 -0.01293475 -0.00929371 -0.00380737 -0.00050996 0.00019398 0.00000815 -0.00001889 -0.00000686 -0.00260361 -0.00221517 -0.00242152 -0.19562513 49.14706 
0.720 0.02621335 5 13065529.21 5781033.77 6591213.59 -5904880.04 -3143770.76 9741932.65 517249473.00 -0.00579005 -0.02532479 -0.01006481 0.01492842 -0.00160811 -0.01866511 -0.01954166 -0.02000085 -0.02025259 -0.02029567 -0.02012930 -0.01975398 -0.01917360 -0.01839847 -0.01744594 -0.01633693 -0.01509303 -0.01374302 -0.01010104 -0.00437152 -0.00070125 0.00018358 0.00001422 -0.00001681 -0.00000661 -0.00272065 -0.00227896 -0.00251360 -0.21436314 51.28389 
0.750 0.02614650 5 11760595.50 4484354.89 6987589.78 -6123646.49 -3370238.78 9782536.10 503005365.31 -0.00505493 -0.02522329 -0.00972096 0.01548691 -0.00261830 -0.01901901 -0.01981201 -0.02023205 -0.02046742 -0.02051696 -0.02037989 -0.02005596 -0.01954722 -0.01885983 -0.01800360 -0.01698903 -0.01582608 -0.01453664 -0.01092399 -0.00495186 -0.00085991 0.00019840 0.00001847 -0.00001726 -0.00000654 -0.00282979 -0.00230222 -0.00258248 -0.23588262 53.42072 
0.780 0.02700227 5 19246788.83 12012228.04 5882724.30 -4640707.12 -2451453.53 8443997.13 510236273.66 -0.01143628 -0.02607306 -0.00587399 0.01972267 0.00095736 -0.02364213 -0.02513440 -0.02593710 -0.02636764 -0.02643515 -0.02615515 -0.02554931 -0.02464632 -0.02348165 -0.02209483 -0.02052661 -0.01881683 -0.01700585 -0.01226411 -0.00502637 -0.00059432 0.00031793 0.00001001 -0.00003052 -0.00000974 -0.00342344 -0.00029625 -0.00195749 -0.03714902 55.55755 
0.810 0.02784796 5 19743802.34 12172757.24 5595134.45 -4625549.66 -2635857.77 9237318.08 557753573.82 -0.01044659 -0.02687227 -0.00609389 0.02024069 -0.00127322 -0.02628911 -0.02771871 -0.02845034 -0.02880424 -0.02878937 -0.02842120 -0.02772177 -0.02672016 -0.02545210 -0.02395692 -0.02227508 -0.02044527 -0.01850483 -0.01340656 -0.00558451 -0.00072864 0.00032913 0.00001259 -0.00003066 -0.00000936 -0.00373796 -0.00092672 -0.00242012 -0.13083388 57.69438 
0.840 0.02880293 5 19161354.31 11138642.28 5817045.61 -4779685.09 -2843376.67 9828728.19 590907237.06 -0.00923526 -0.02776635 -0.00635688 0.02087469 -0.00391311 -0.02828449 -0.02954008 -0.03013542 -0.03037390 -0.03026180 -0.02981177 -0.02904294 -0.02798152 -0.02666033 -0.02511588 -0.02338591 -0.02150392 -0.01950402 -0.01422154 -0.00605546 -0.00088418 0.00032657 0.00001666 -0.00002946 -0.00000886 -0.00394972 -0.00163756 -0.00286583 -0.22288427 59.83121 
