0.001 0.00012211 5 91462.30 -374.78 7149.39 13304.97 11725.99 59656.73 6911767.33 0.00000243 -0.00005456 -0.00012189 -0.00003991 -0.00000435 0.00003749 0.00004195 0.00003917 0.00003527 0.00003068 0.00002561 0.00002044 0.00001552 0.00001106 0.00000708 0.00000353 0.00000042 -0.00000225 -0.00000425 0.00000075 0.00001012 -0.00000010 -0.00001039 -0.00000151 0.00000183 0.00000280 -0.00004000 -0.00001726 -0.00301468 0.05285 
0.030 0.00186106 5 2462423.06 -27162.88 166216.59 294273.80 287133.07 1741962.48 191555061.11 -0.00045127 -0.00179033 -0.00102294 -0.00073609 -0.00047546 -0.00056913 -0.00055877 -0.00053055 -0.00048328 -0.00042060 -0.00034823 -0.00027346 -0.00020287 -0.00014079 -0.00008962 -0.00005018 -0.00002201 -0.00000371 0.00001186 0.00000844 0.00000341 -0.00000351 -0.00000782 -0.00000313 -0.00000115 -0.00002945 -0.00076597 -0.00037471 -0.05322288 1.58535 
0.060 0.00336846 5 4439138.84 -107002.31 196425.67 561379.88 564816.70 3223518.90 354237742.91 -0.00079168 -0.00329339 -0.00181888 -0.00135611 -0.00087260 -0.00120296 -0.00120925 -0.00117588 -0.00110759 -0.00100816 -0.00088363 -0.00074241 -0.00059438 -0.00045056 -0.00031993 -0.00020902 -0.00012144 -0.00005725 0.00001532 0.00002430 0.00000144 -0.00000527 -0.00000395 -0.00000349 -0.00000327 -0.00007521 -0.00139404 -0.00069345 -0.09910771 3.17071 
0.090 0.00507858 5 -5248342.19 81833.08 -33299.48 -130939.47 -468428.33 -4697507.99 -446897717.73 0.00164066 0.00507858 0.00240586 0.00168473 0.00108776 0.00115868 0.00114102 0.00107550 0.00097274 0.00083758 0.00067874 0.00050751 0.00033913 0.00018913 0.00006981 -0.00001309 -0.00006219 -0.00008569 -0.00007537 -0.00001776 0.00001255 0.00000101 -0.00001160 -0.00000375 -0.00000085 0.00005196 0.00192583 0.00093038 0.12107356 4.75606 
0.120 0.00678929 5 -6714614.35 74814.20 114252.26 -61383.02 -593432.96 -6248864.83 -581580695.81 0.00216017 0.00678929 0.00322140 0.00218262 0.00137906 0.00177407 0.00178999 0.00174133 0.00164608 0.00150666 0.00132828 0.00111708 0.00088405 0.00064626 0.00042330 0.00023252 0.00008701 -0.00001067 -0.00008846 -0.00004669 0.00000778 0.00000270 -0.00001166 -0.00000385 -0.00000091 0.00010590 0.00253478 0.00124450 0.16243295 6.34141 
0.150 0.00812322 5 -8154944.91 213885.60 16883.45 -174988.95 -769352.57 -7441372.45 -705889134.43 0.00247274 0.00812322 0.00390393 0.00263827 0.00169076 0.00260056 0.00266287 0.00263977 0.00255950 0.00242323 0.00223361 0.00199390 0.00171113 0.00139891 0.00107728 0.00076991 0.00049931 0.00028148 0.00000136 -0.00007607 -0.00000839 0.00000201 -0.00001138 -0.00000360 -0.00000078 0.00019358 0.00305755 0.00153614 0.20486234 7.92677 
0.180 0.00911802 5 4036471.30 -1212078.37 -1996106.24 -806335.17 360294.85 7690696.24 583681680.68 -0.00362183 -0.00901839 -0.00437040 -0.00260998 -0.00112012 0.00132166 0.00146511 0.00153834 0.00157526 0.00157663 0.00154386 0.00147890 0.00138430 0.00126349 0.00112136 0.00096544 0.00080377 0.00064471 0.00030302 -0.00000206 -0.00004278 -0.00001057 0.00000489 -0.00000257 -0.00000585 0.00015839 -0.00311309 -0.00137520 -0.15309945 9.51212 
0.210 0.01044165 5 4820259.76 -1287175.40 -2117145.31 -873410.53 423921.61 8674069.38 665741483.43 -0.00413383 -0.01030057 -0.00497645 -0.00299352 -0.00133258 0.00131783 0.00147827 0.00156586 0.00161757 0.00163415 0.00161703 0.00156813 0.00149001 0.00138591 0.00125981 0.00111637 0.00096072 0.00080028 0.00042967 0.00003277 -0.00005143 -0.00001412 0.00000826 -0.00000131 -0.00000610 0.00017511 -0.00357580 -0.00158323 -0.17731611 11.09747 
0.240 0.01138652 5 5342408.05 -1145971.81 -2208998.30 -1039003.05 412813.92 9323567.29 709692424.56 -0.00448828 -0.01117359 -0.00534282 -0.00316551 -0.00141104 0.00127089 0.00143505 0.00152846 0.00158888 0.00161677 0.00161315 0.00157934 0.00151710 0.00142875 0.00131760 0.00118798 0.00104469 0.00089299 0.00052668 0.00008511 -0.00005356 -0.00001855 0.00001060 0.00000006 -0.00000592 0.00018309 -0.00384010 -0.00170288 -0.18950048 12.68283 
0.270 0.01187087 5 5356890.25 -768681.09 -2249150.42 -1342111.84 410950.41 9305883.19 691433256.53 -0.00420531 -0.01148294 -0.00625519 -0.00308853 -0.00124708 0.00129486 0.00145117 0.00154111 0.00160105 0.00163132 0.00163260 0.00160565 0.00155117 0.00146996 0.00136401 0.00123799 0.00109829 0.00095063 0.00058635 0.00013087 -0.00004968 -0.00002235 0.00001150 0.00000084 -0.00000575 0.00019089 -0.00394865 -0.00174963 -0.19932433 14.26818 
0.300 0.01194361 5 5109275.20 -373462.85 -2161986.82 -1574472.73 136863.05 9082334.55 643609771.87 -0.00345788 -0.01147440 -0.00702810 -0.00266185 -0.00068188 0.00108916 0.00118681 0.00123925 0.00127060 0.00128126 0.00127197 0.00124340 0.00119572 0.00112862 0.00104318 0.00094451 0.00084078 0.00073857 0.00049675 0.00014333 -0.00004277 -0.00002321 0.00001121 0.00000078 -0.00000582 0.00015169 -0.00373369 -0.00166969 -0.19240926 15.85354 
0.330 0.01165601 5 4579918.27 -221055.94 -2115506.52 -1934894.27 190982.38 8660392.62 593712358.61 -0.00282932 -0.01113366 -0.00754194 -0.00223441 -0.00018315 0.00125149 0.00132254 0.00135411 0.00136517 0.00135635 0.00132871 0.00128314 0.00121944 0.00113597 0.00103277 0.00091648 0.00079947 0.00069242 0.00047248 0.00015054 -0.00004037 -0.00002433 0.00001107 0.00000065 -0.00000600 0.00015515 -0.00346510 -0.00154193 -0.17750735 17.43889 
0.360 0.01103649 5 4548564.70 -28813.15 -1906386.30 -1978214.62 258895.49 8203083.29 563567500.85 -0.00276834 -0.01051270 -0.00741514 -0.00185722 0.00035978 0.00119653 0.00121426 0.00121064 0.00119389 0.00116463 0.00112386 0.00107206 0.00100745 0.00092525 0.00082274 0.00070762 0.00059755 0.00050866 0.00037332 0.00014714 -0.00003745 -0.00002568 0.00001108 0.00000086 -0.00000589 0.00012930 -0.00311257 -0.00139041 -0.15380382 19.02424 
0.390 0.01125106 4 -3086237.13 166836.93 3207171.46 1232857.91 -1985474.14 -5707629.28 -470699012.53 -0.00554686 0.00801638 0.01123022 0.00479937 0.00305551 0.00297400 0.00290048 0.00282075 0.00274576 0.00267467 0.00260581 0.00253579 0.00245645 0.00235334 0.00221369 0.00203998 0.00185099 0.00166562 0.00118201 0.00028156 -0.00013469 -0.00006543 0.00000164 0.00000171 -0.00000391 0.00032937 0.00452568 0.00229650 0.44483147 20.60960 
0.420 0.01194928 4 -3059547.72 -233254.82 4042218.84 459993.28 -2198102.81 -5130402.22 -451841763.47 -0.00761680 0.00741157 0.01193831 0.00616409 0.00374323 0.00377961 0.00373788 0.00367635 0.00361191 0.00354367 0.00346984 0.00338637 0.00328237 0.00313760 0.00293396 0.00267605 0.00239324 0.00211715 0.00144856 0.00033373 -0.00016009 -0.00007742 0.00000361 0.00000295 -0.00000405 0.00042872 0.00492575 0.00253682 0.51988970 22.19495 
0.450 0.01280637 4 -2918511.97 -528393.87 4580173.09 74739.34 -2361254.78 -4683775.76 -429227189.29 -0.00952186 0.00743909 0.01278703 0.00740852 0.00438349 0.00441657 0.00439699 0.00434921 0.00429367 0.00422945 0.00415466 0.00406436 0.00394434 0.00376741 0.00350909 0.00317628 0.00280950 0.00245486 0.00165184 0.00038469 -0.00017975 -0.00008965 0.00000547 0.00000422 -0.00000417 0.00050714 0.00538362 0.00279312 0.59108475 23.78030 
0.480 0.01376790 4 -2865574.34 -814266.41 4850228.69 -34440.17 -2530890.46 -4336205.99 -409288040.97 -0.01133080 0.00782958 0.01373631 0.00853545 0.00503498 0.00519131 0.00519314 0.00515841 0.00511047 0.00504836 0.00497007 0.00486964 0.00472886 0.00451238 0.00418874 0.00376723 0.00330009 0.00284967 0.00187952 0.00043474 -0.00020300 -0.00010286 0.00000740 0.00000560 -0.00000425 0.00059954 0.00588391 0.00307673 0.66360245 25.36566 
0.510 0.01463654 4 -2703696.04 -970104.24 4894226.36 62321.84 -2666341.23 -4023798.78 -385806927.63 -0.01305903 0.00822410 0.01459886 0.00954290 0.00577123 0.00588322 0.00588327 0.00584546 0.00579206 0.00572215 0.00563355 0.00551907 0.00535607 0.00510092 0.00471638 0.00421354 0.00365632 0.00312412 0.00202894 0.00046910 -0.00021770 -0.00011183 0.00000889 0.00000656 -0.00000434 0.00067245 0.00637341 0.00334492 0.73213385 26.95101 
0.540 0.01544736 4 -2571405.57 -1068251.92 4884036.83 137553.74 -2772851.36 -3751892.86 -366459663.42 -0.01480094 0.00859113 0.01540706 0.01055987 0.00661959 0.00667057 0.00665715 0.00660677 0.00653881 0.00645235 0.00634504 0.00620823 0.00601462 0.00571304 0.00526151 0.00467185 0.00402027 0.00340381 0.00217610 0.00049797 -0.00023002 -0.00011887 0.00001010 0.00000734 -0.00000441 0.00074972 0.00688755 0.00362699 0.80371634 28.53636 
0.570 0.01643678 4 -2184784.85 -1073553.90 5006232.63 275065.86 -2856347.73 -3536181.71 -342794239.41 -0.01617009 0.00935863 0.01639223 0.01126035 0.00714722 0.00691179 0.00687006 0.00680066 0.00671773 0.00662036 0.00650602 0.00636488 0.00616568 0.00585045 0.00537127 0.00473820 0.00403807 0.00338470 0.00215378 0.00051160 -0.00022844 -0.00012212 0.00001092 0.00000774 -0.00000452 0.00076420 0.00733047 0.00384231 0.85484614 30.12172 
0.600 0.01727179 4 -1920053.18 -1096928.40 5075174.53 346153.69 -2901256.17 -3343196.83 -323508096.41 -0.01764514 0.00988855 0.01722616 0.01210956 0.00782348 0.00736098 0.00729606 0.00720953 0.00711117 0.00700008 0.00687350 0.00672022 0.00650492 0.00616360 0.00564265 0.00495159 0.00418781 0.00347886 0.00218977 0.00052395 -0.00023297 -0.00012627 0.00001181 0.00000823 -0.00000459 0.00080177 0.00779553 0.00408028 0.91350538 31.70707 
0.630 0.01806409 4 -1510148.59 -999057.65 5194928.46 381968.72 -2918472.92 -3169515.20 -303998622.23 -0.01898897 0.01032043 0.01802078 0.01306239 0.00841130 0.00736548 0.00725568 0.00713789 0.00701403 0.00688324 0.00674254 0.00657972 0.00635756 0.00601047 0.00548365 0.00478716 0.00402071 0.00331434 0.00207636 0.00050942 -0.00022580 -0.00012519 0.00001202 0.00000819 -0.00000464 0.00078202 0.00824868 0.00428221 0.96440741 33.29242 
0.660 0.01904117 4 -1086652.79 -897895.14 5378725.67 361757.79 -2905286.14 -3023954.98 -285721863.04 -0.02043297 0.01091298 0.01899935 0.01424462 0.00895665 0.00724163 0.00708890 0.00694271 0.00679716 0.00665138 0.00650220 0.00633649 0.00611505 0.00576994 0.00524364 0.00454591 0.00377947 0.00307868 0.00191428 0.00048791 -0.00021653 -0.00012411 0.00001201 0.00000813 -0.00000466 0.00074871 0.00878094 0.00451403 1.02094441 34.87778 
0.690 0.01993100 4 -612182.38 -772309.50 5586485.22 373950.86 -2889809.16 -2910499.80 -267562789.96 -0.02158154 0.01148382 0.01988902 0.01520084 0.00934877 0.00689804 0.00669703 0.00651973 0.00635148 0.00619143 0.00603627 0.00587227 0.00565895 0.00532674 0.00481592 0.00413534 0.00338889 0.00271347 0.00166969 0.00044994 -0.00020325 -0.00012144 0.00001178 0.00000790 -0.00000467 0.00068838 0.00922196 0.00468872 1.06320731 36.46313 
0.720 0.02073675 4 -107994.45 -630532.16 5792855.76 368771.10 -2852547.28 -2786541.87 -247870763.66 -0.02277405 0.01192828 0.02069470 0.01620804 0.00980353 0.00657163 0.00631942 0.00610942 0.00591745 0.00574257 0.00558116 0.00541861 0.00521262 0.00489144 0.00439284 0.00372535 0.00299465 0.00234010 0.00140570 0.00039590 -0.00019185 -0.00011786 0.00001165 0.00000763 -0.00000469 0.00062743 0.00966175 0.00486250 1.10681801 38.04849 
0.750 0.02114169 4 480435.53 -343907.80 5996905.88 269086.99 -2798667.84 -2642981.70 -230112270.15 -0.02382601 0.01166901 0.02110803 0.01748090 0.01026832 0.00582858 0.00550496 0.00524779 0.00501977 0.00482002 0.00464469 0.00447848 0.00427867 0.00397539 0.00351063 0.00289564 0.00223378 0.00165948 0.00095412 0.00028579 -0.00017757 -0.00010708 0.00001090 0.00000662 -0.00000474 0.00050577 0.01003590 0.00497327 1.14223450 39.63384 
0.780 0.02148220 4 1080961.56 -10452.10 6181360.73 183501.49 -2735694.24 -2537754.31 -214792292.06 -0.02471450 0.01142931 0.02145416 0.01864026 0.01070476 0.00499554 0.00459201 0.00428239 0.00401468 0.00378794 0.00359806 0.00342917 0.00323865 0.00295902 0.00253669 0.00198453 0.00140165 0.00091606 0.00044987 0.00014459 -0.00016645 -0.00009434 0.00001007 0.00000544 -0.00000478 0.00036962 0.01038009 0.00506229 1.17144670 41.21919 
0.810 0.02165513 4 -6164883.84 620931.82 478411.82 -210973.65 -1196478.68 -5856775.15 -586628398.52 -0.02516832 0.01490773 0.02146392 0.02065355 0.01448379 0.01323248 0.01314853 0.01301041 0.01282418 0.01258906 0.01230113 0.01194445 0.01147747 0.01083861 0.00998966 0.00895583 0.00782340 0.00669603 0.00421676 0.00104225 -0.00026532 -0.00018616 0.00000765 0.00001665 0.00000196 0.00146530 0.01248291 0.00663009 1.45317766 42.80455 
0.840 0.02322748 3 -8603964.32 -282086.13 591339.81 -1618760.40 -1511662.69 -5782794.92 -675177268.09 -0.02752649 0.01418065 0.02196347 0.02303712 0.01635229 0.01611298 0.01611455 0.01599807 0.01579093 0.01549238 0.01509846 0.01459320 0.01393729 0.01307545 0.01197599 0.01066913 0.00924247 0.00781098 0.00467487 0.00094972 -0.00036329 -0.00020330 0.00000944 0.00001837 0.00000227 0.00174904 0.01345666 0.00723730 1.60405662 44.38990 
