0.001 0.00013927 5 38548.38 -6147.96 -16255.15 -10369.94 1479.24 69842.20 5077404.51 -0.00001561 -0.00007174 -0.00012538 -0.00003281 0.00000546 0.00005952 0.00006360 0.00005933 0.00005328 0.00004611 0.00003822 0.00003021 0.00002265 0.00001589 0.00001004 0.00000506 0.00000094 -0.00000239 -0.00000490 0.00000036 0.00001003 -0.00000014 -0.00001042 -0.00000155 0.00000179 0.00000387 -0.00003921 -0.00001633 -0.00249051 0.13764 
0.030 0.00236715 5 885646.26 -247788.83 -569403.62 -362078.36 19772.35 2045144.72 140917124.18 -0.00094461 -0.00229575 -0.00114743 -0.00056811 -0.00019735 0.00018311 0.00019476 0.00018567 0.00016429 0.00013423 0.00010053 0.00006903 0.00004320 0.00002306 0.00000823 -0.00000186 -0.00000818 -0.00001176 -0.00001140 -0.00000312 0.00000317 -0.00000240 -0.00000758 -0.00000322 -0.00000134 0.00000830 -0.00075395 -0.00034902 -0.03859894 4.12909 
0.060 0.00425083 5 1795515.06 -456420.50 -940671.54 -586935.44 58745.86 3720796.67 264720024.39 -0.00168851 -0.00417541 -0.00201371 -0.00104807 -0.00040784 0.00016360 0.00017561 0.00016005 0.00012549 0.00007571 0.00001786 -0.00003886 -0.00008461 -0.00011164 -0.00011871 -0.00011087 -0.00009481 -0.00007579 -0.00003401 0.00000032 0.00000196 -0.00000279 -0.00000418 -0.00000345 -0.00000301 -0.00000223 -0.00137489 -0.00064570 -0.07262078 8.25818 
0.090 0.00579352 5 3076236.01 -534013.64 -947218.73 -653601.82 118959.69 5092110.51 383574018.98 -0.00225263 -0.00571655 -0.00272290 -0.00148219 -0.00067855 -0.00009169 -0.00007605 -0.00008182 -0.00010257 -0.00013671 -0.00018133 -0.00023280 -0.00028315 -0.00031973 -0.00033151 -0.00031533 -0.00027626 -0.00022460 -0.00010296 0.00000056 0.00000600 -0.00000140 -0.00000093 -0.00000337 -0.00000407 -0.00002894 -0.00192377 -0.00091719 -0.10654371 12.38727 
0.120 0.00713764 5 4562791.00 -490031.32 -821510.81 -666137.91 211903.20 6328567.83 500264188.17 -0.00264814 -0.00705747 -0.00334684 -0.00187156 -0.00095807 -0.00067838 -0.00068687 -0.00069746 -0.00071086 -0.00072567 -0.00073980 -0.00075065 -0.00075513 -0.00074840 -0.00072169 -0.00066664 -0.00058249 -0.00047801 -0.00022456 -0.00000058 0.00001640 0.00000180 0.00000200 -0.00000316 -0.00000476 -0.00008871 -0.00241459 -0.00117903 -0.14214624 16.51636 
0.150 0.00808466 5 1098549.43 951086.40 3555117.81 2774672.48 465015.48 -6647342.74 -283052204.67 0.00360173 0.00808466 0.00350551 0.00145704 0.00008603 -0.00379726 -0.00402132 -0.00409949 -0.00407990 -0.00396385 -0.00375539 -0.00346069 -0.00309137 -0.00266652 -0.00221147 -0.00175420 -0.00132234 -0.00093949 -0.00030437 0.00008603 0.00005997 0.00000220 -0.00001064 -0.00000361 -0.00000115 -0.00034935 0.00219355 0.00084270 0.05748856 20.64545 
0.180 0.00951090 5 1020782.63 1699616.49 3579807.34 2897325.82 520916.02 -7676883.05 -359434558.72 0.00430684 0.00951090 0.00414743 0.00188011 0.00033751 -0.00467125 -0.00498307 -0.00511322 -0.00512552 -0.00502137 -0.00480521 -0.00448266 -0.00406503 -0.00357136 -0.00302787 -0.00246641 -0.00191973 -0.00141770 -0.00053293 0.00006472 0.00007706 0.00000783 -0.00001118 -0.00000404 -0.00000115 -0.00046147 0.00270609 0.00102341 0.07302061 24.77454 
0.210 0.01077896 5 367378.44 2160850.02 3291729.73 2896754.06 564787.88 -8546743.25 -439518060.68 0.00492463 0.01077896 0.00469282 0.00225740 0.00065068 -0.00512898 -0.00551559 -0.00570523 -0.00577195 -0.00571686 -0.00554269 -0.00525319 -0.00485530 -0.00436383 -0.00380192 -0.00319921 -0.00258756 -0.00200057 -0.00086435 0.00001344 0.00009332 0.00001564 -0.00001186 -0.00000464 -0.00000109 -0.00055620 0.00319034 0.00120009 0.09003758 28.90363 
0.240 0.01183052 5 -198736.78 2536713.82 3087384.19 2735166.84 578464.76 -9136466.39 -503642505.61 0.00557182 0.01183052 0.00506818 0.00235564 0.00091200 -0.00549937 -0.00595717 -0.00620584 -0.00632933 -0.00632836 -0.00620503 -0.00596240 -0.00560518 -0.00514220 -0.00459133 -0.00397855 -0.00333262 -0.00268650 -0.00131763 -0.00009535 0.00010418 0.00002659 -0.00001254 -0.00000554 -0.00000105 -0.00065505 0.00354163 0.00131225 0.09598194 33.03272 
0.270 0.01249894 5 -370016.49 2926430.64 3043525.59 2525652.76 515938.83 -9381564.30 -541028232.66 0.00576073 0.01249894 0.00565330 0.00256752 0.00110692 -0.00601734 -0.00655291 -0.00686254 -0.00704108 -0.00708901 -0.00700808 -0.00680109 -0.00647209 -0.00602774 -0.00548163 -0.00485589 -0.00417571 -0.00347202 -0.00186116 -0.00023701 0.00011533 0.00003958 -0.00001296 -0.00000658 -0.00000107 -0.00077320 0.00384875 0.00139346 0.10419054 37.16181 
0.300 0.01224356 5 -1473443.53 -5422298.85 -2853561.49 -2321062.11 -86880.78 9210359.70 569355022.23 -0.00281070 -0.01172695 -0.00749127 -0.00360400 -0.00160018 0.00547482 0.00596089 0.00616481 0.00618578 0.00603336 0.00572275 0.00527337 0.00470969 0.00406130 0.00336164 0.00264714 0.00195310 0.00131010 0.00013815 -0.00048879 -0.00016207 0.00001395 0.00000524 -0.00000337 -0.00000473 0.00049850 -0.00421073 -0.00170908 -0.20460381 41.29090 
0.330 0.01337322 5 -2248489.19 -6184162.78 -2726936.30 -2642859.53 -262041.49 9567510.91 573273698.00 -0.00231059 -0.01284151 -0.00835910 -0.00371093 -0.00204468 0.00605705 0.00665633 0.00693327 0.00700661 0.00688634 0.00658829 0.00613266 0.00554477 0.00485518 0.00409872 0.00331354 0.00253776 0.00180582 0.00039836 -0.00052114 -0.00022150 0.00000754 0.00000746 -0.00000195 -0.00000429 0.00059202 -0.00458278 -0.00183380 -0.22520401 45.41999 
0.360 0.01480280 5 -4501545.02 -7088147.30 -2923142.81 -3289303.97 -293169.86 9092218.92 488299156.09 -0.00025866 -0.01408032 -0.01075526 -0.00366477 -0.00236736 0.00720263 0.00796782 0.00834342 0.00848276 0.00839634 0.00810088 0.00761827 0.00697603 0.00620741 0.00535027 0.00444587 0.00353591 0.00266021 0.00088531 -0.00051502 -0.00031952 -0.00001446 0.00000999 0.00000091 -0.00000336 0.00075948 -0.00500078 -0.00194079 -0.25876341 49.54908 
0.390 0.01491188 5 -5115422.04 -7432612.44 -2372921.85 -3758910.51 -288348.22 8737370.98 449572848.84 0.00111113 -0.01415324 -0.01132355 -0.00339122 -0.00313668 0.00705010 0.00793382 0.00840257 0.00862642 0.00861540 0.00838579 0.00795819 0.00735872 0.00661944 0.00577761 0.00487449 0.00395172 0.00304907 0.00115206 -0.00048265 -0.00036535 -0.00002657 0.00001195 0.00000268 -0.00000279 0.00080267 -0.00513645 -0.00198145 -0.28135146 53.67817 
0.420 0.01361793 5 -4941929.73 -6937633.00 -1898230.89 -4175724.13 -78005.72 8147664.01 407161327.45 0.00240730 -0.01286673 -0.01117306 -0.00324943 -0.00389469 0.00633590 0.00729437 0.00784806 0.00817165 0.00827129 0.00815900 0.00784899 0.00736105 0.00672178 0.00596408 0.00512632 0.00424856 0.00337062 0.00143867 -0.00040563 -0.00040927 -0.00004566 0.00001442 0.00000496 -0.00000235 0.00080319 -0.00505211 -0.00194164 -0.29839198 57.80726 
0.450 0.01187390 5 -3944657.62 -5532680.47 -1735179.78 -4433908.51 212781.88 7544329.26 369652733.94 0.00350365 -0.01114819 -0.01065695 -0.00296578 -0.00465710 0.00475543 0.00572292 0.00633980 0.00677227 0.00702093 0.00708789 0.00697630 0.00669221 0.00624957 0.00567232 0.00499304 0.00424705 0.00347004 0.00164074 -0.00028463 -0.00040249 -0.00005383 0.00001503 0.00000624 -0.00000183 0.00072702 -0.00486252 -0.00189323 -0.31525683 61.93635 
0.480 0.01000897 4 -5463391.96 -5783580.44 -2140487.52 -4382523.59 517693.39 6325506.19 276038811.34 0.00466315 -0.00865092 -0.01000897 -0.00333467 -0.00509176 0.00553536 0.00658831 0.00724929 0.00771218 0.00797774 0.00804830 0.00792738 0.00762134 0.00714445 0.00652121 0.00578538 0.00497403 0.00412464 0.00208901 -0.00017005 -0.00046279 -0.00009186 0.00001829 0.00001020 -0.00000115 0.00084665 -0.00457816 -0.00169638 -0.30987501 66.06544 
0.510 0.01023482 5 40893.58 395372.31 -3788227.92 -3492118.99 -854813.76 7780681.94 310244598.21 -0.00277506 -0.00982736 -0.00649108 -0.00234864 -0.00033656 0.00257021 0.00273033 0.00277279 0.00274493 0.00264694 0.00247983 0.00224628 0.00195284 0.00161208 0.00124241 0.00086660 0.00050825 0.00018960 -0.00026563 -0.00026957 -0.00002583 0.00001753 -0.00000238 -0.00000463 -0.00000302 0.00019229 -0.00317864 -0.00138792 -0.15879188 70.19453 
0.540 0.01128878 2 6952563.13 -6301420.30 6764521.98 897494.72 -172567.02 5764533.74 730378764.63 0.00684305 -0.00228978 -0.00283810 -0.00118287 -0.01128878 -0.01344390 -0.01326323 -0.01304734 -0.01279409 -0.01250316 -0.01217354 -0.01180368 -0.01139160 -0.01093509 -0.01043123 -0.00987525 -0.00926153 -0.00858664 -0.00655980 -0.00277582 -0.00018464 0.00022783 -0.00000496 -0.00002225 -0.00000482 -0.00168364 -0.00408496 -0.00280932 -0.60255453 74.32362 
0.570 0.01306127 2 6897907.29 -6599706.61 6960891.01 1013408.31 -112087.33 5635401.91 735217707.81 0.00798535 -0.00167070 -0.00225027 -0.00146280 -0.01306127 -0.01469691 -0.01442544 -0.01413430 -0.01380612 -0.01344072 -0.01303723 -0.01259430 -0.01211030 -0.01158355 -0.01101179 -0.01039056 -0.00971387 -0.00897783 -0.00680498 -0.00283471 -0.00016870 0.00024084 -0.00000549 -0.00002354 -0.00000504 -0.00178335 -0.00442531 -0.00302184 -0.66176267 78.45271 
0.600 0.01470899 2 6769076.08 -6821686.03 6978687.56 1067725.04 -19266.40 5563615.91 738699478.30 0.00946781 -0.00098604 -0.00179014 -0.00273569 -0.01470899 -0.01550718 -0.01516217 -0.01481301 -0.01442980 -0.01401245 -0.01356020 -0.01307185 -0.01254613 -0.01198217 -0.01137866 -0.01073122 -0.01003274 -0.00927813 -0.00706515 -0.00301108 -0.00023810 0.00023316 -0.00000336 -0.00002282 -0.00000525 -0.00185925 -0.00493588 -0.00330150 -0.73784649 82.58180 
0.630 0.01632907 2 6416794.95 -7006449.32 7266387.91 642831.56 -115970.86 5629995.65 723624871.14 0.01146667 -0.00044031 -0.00176313 -0.00463564 -0.01632907 -0.01601125 -0.01560482 -0.01520914 -0.01478332 -0.01432731 -0.01384050 -0.01332183 -0.01277046 -0.01218649 -0.01156997 -0.01091671 -0.01021810 -0.00946735 -0.00727181 -0.00319901 -0.00032829 0.00021899 -0.00000082 -0.00002166 -0.00000551 -0.00190973 -0.00562080 -0.00364939 -0.83177626 86.71089 
0.660 0.01829647 2 5031872.47 -7604888.61 7166784.63 742301.87 101489.53 4626185.04 653681675.88 0.01440566 0.00160390 -0.00075345 -0.00656908 -0.01829647 -0.01633722 -0.01577698 -0.01526755 -0.01473993 -0.01419433 -0.01363036 -0.01304736 -0.01244518 -0.01182534 -0.01118949 -0.01053358 -0.00984754 -0.00912331 -0.00705411 -0.00319908 -0.00038947 0.00019835 0.00000040 -0.00001990 -0.00000527 -0.00187905 -0.00596973 -0.00379667 -0.90966693 90.83998 
0.690 0.01994632 2 3571926.89 -8188135.23 6548794.03 1395006.16 466006.45 3350255.48 584035168.02 0.01787044 0.00389249 -0.00045805 -0.00972125 -0.01994632 -0.01581299 -0.01512983 -0.01453533 -0.01393684 -0.01333475 -0.01272886 -0.01211875 -0.01150477 -0.01088955 -0.01027617 -0.00966085 -0.00903188 -0.00837996 -0.00656052 -0.00313368 -0.00048089 0.00016016 0.00000325 -0.00001624 -0.00000479 -0.00176403 -0.00655629 -0.00401053 -1.00821504 94.96907 
0.720 0.02155279 2 2169758.59 -8711764.72 5762423.73 2227610.90 838794.07 2052694.62 517526623.40 0.02134450 0.00640373 -0.00020296 -0.01341116 -0.02155279 -0.01485987 -0.01406487 -0.01339525 -0.01273632 -0.01208863 -0.01145215 -0.01082664 -0.01021278 -0.00961398 -0.00903445 -0.00847074 -0.00791002 -0.00734228 -0.00580830 -0.00292716 -0.00055239 0.00011110 0.00000608 -0.00001134 -0.00000401 -0.00159147 -0.00723866 -0.00423874 -1.11155615 99.09816 
0.750 0.02327573 2 859663.67 -9217377.63 5226236.58 2713066.44 1164730.00 973008.29 455884333.38 0.02466694 0.00851980 -0.00010934 -0.01686908 -0.02327573 -0.01386474 -0.01296311 -0.01222160 -0.01150436 -0.01081208 -0.01014486 -0.00950254 -0.00888599 -0.00829940 -0.00774830 -0.00722904 -0.00673007 -0.00623830 -0.00495843 -0.00261628 -0.00058243 0.00006777 0.00000797 -0.00000698 -0.00000326 -0.00140457 -0.00798840 -0.00449091 -1.21492240 103.22725 
0.780 0.02491536 2 -266898.78 -9606984.64 4833149.81 2970905.04 1377226.51 158804.50 401634193.67 0.02781882 0.01025510 -0.00015789 -0.02033847 -0.02491536 -0.01275506 -0.01177343 -0.01097859 -0.01021891 -0.00949520 -0.00880765 -0.00815623 -0.00754206 -0.00697047 -0.00644799 -0.00597147 -0.00553037 -0.00511021 -0.00406390 -0.00222563 -0.00057817 0.00002665 0.00000920 -0.00000279 -0.00000247 -0.00120748 -0.00879623 -0.00476491 -1.31775281 107.35635 
0.810 0.02762675 3 -9279094.84 -5668291.44 -5909897.08 4101996.60 2723039.67 -4525942.58 -171017039.26 0.03020106 0.01412085 -0.00136429 -0.02762675 -0.02124855 0.00145391 0.00278809 0.00372079 0.00450884 0.00515188 0.00565043 0.00600561 0.00621762 0.00628117 0.00619037 0.00594731 0.00556197 0.00505814 0.00343263 0.00073922 -0.00046908 -0.00023749 0.00001828 0.00002332 0.00000190 0.00074878 -0.00873187 -0.00369553 -1.16936961 111.48544 
0.840 0.03138347 3 -10899963.55 -6148580.41 -6640657.48 4334541.80 2703124.40 -5148391.85 -237229211.34 0.03286729 0.01514203 -0.00278057 -0.03138347 -0.02152103 0.00447411 0.00583196 0.00675312 0.00750399 0.00808431 0.00849463 0.00873623 0.00880952 0.00870805 0.00842468 0.00795514 0.00731176 0.00653661 0.00430513 0.00092404 -0.00054497 -0.00028979 0.00002266 0.00002861 0.00000240 0.00107720 -0.00954144 -0.00390057 -1.24709406 115.61453 
0.870 0.03476612 3 -12405646.10 -7002231.73 -7067701.91 4701923.77 2646061.38 -5683697.61 -282736573.93 0.03471300 0.01730077 -0.00266476 -0.03476612 -0.02192522 0.00738096 0.00878003 0.00969617 0.01040983 0.01092099 0.01123033 0.01133939 0.01124874 0.01095066 0.01043541 0.00970143 0.00878051 0.00773558 0.00495758 0.00102641 -0.00062318 -0.00033498 0.00002666 0.00003316 0.00000282 0.00137468 -0.00999095 -0.00395326 -1.29504937 119.74362 
0.900 0.03770574 3 -13864871.10 -7954578.46 -7301464.20 5070315.00 2558052.97 -6237196.41 -326190379.80 0.03626964 0.01986279 -0.00215129 -0.03770574 -0.02215667 0.00997281 0.01138408 0.01227158 0.01292654 0.01334941 0.01354122 0.01350396 0.01323845 0.01273718 0.01199276 0.01101486 0.00985369 0.00858608 0.00538574 0.00107085 -0.00068259 -0.00036659 0.00002937 0.00003641 0.00000317 0.00161470 -0.01020235 -0.00392486 -1.32733263 123.87271 
0.930 0.04006359 3 -15210334.87 -8638201.44 -7830835.25 5428777.23 2504847.82 -6674923.23 -366330254.25 0.03712146 0.02232041 -0.00155110 -0.04006359 -0.02198401 0.01287246 0.01431076 0.01518612 0.01579855 0.01614906 0.01623889 0.01607035 0.01564545 0.01496067 0.01400634 0.01279435 0.01138527 0.00987330 0.00616357 0.00125363 -0.00075271 -0.00042314 0.00003520 0.00004248 0.00000365 0.00191959 -0.01021707 -0.00376979 -1.32617003 128.00180 
0.960 0.04433191 3 3360624.45 -5303054.85 1711703.99 4011536.78 1769711.34 1170727.20 483206879.79 0.04774220 0.02216783 -0.00209741 -0.04332433 -0.03765319 -0.02076939 -0.02021072 -0.01970652 -0.01917003 -0.01859853 -0.01799112 -0.01734704 -0.01667413 -0.01599275 -0.01533995 -0.01471846 -0.01407888 -0.01337498 -0.01111886 -0.00639583 -0.00194646 -0.00010152 0.00005328 0.00001465 -0.00000197 -0.00273085 -0.01545274 -0.00869458 -2.39223892 132.13089 
