0.001 0.00011604 4 84516.41 2717.09 10758.63 11788.55 9190.67 50061.47 5938267.45 0.00000342 -0.00004476 -0.00011604 -0.00003513 -0.00000210 0.00003811 0.00004240 0.00003943 0.00003534 0.00003059 0.00002539 0.00002012 0.00001514 0.00001065 0.00000669 0.00000317 0.00000011 -0.00000251 -0.00000442 0.00000058 0.00000979 -0.00000033 -0.00001046 -0.00000165 0.00000169 0.00000274 -0.00003591 -0.00001538 -0.00273623 0.07125 
0.030 0.00154306 5 2484776.90 106876.60 328760.94 329105.51 260752.57 1459281.27 172333980.64 -0.00035047 -0.00147308 -0.00085923 -0.00063355 -0.00044901 -0.00065522 -0.00064783 -0.00061725 -0.00056501 -0.00049535 -0.00041425 -0.00032936 -0.00024776 -0.00017480 -0.00011370 -0.00006578 -0.00003088 -0.00000761 0.00001362 0.00001035 0.00000178 -0.00000371 -0.00000590 -0.00000321 -0.00000220 -0.00003516 -0.00066002 -0.00032808 -0.04784573 2.13765 
0.060 0.00289841 5 -4273529.89 -48276.24 -367205.97 -549702.76 -486110.79 -2822234.13 -318866835.12 0.00076878 0.00289841 0.00140485 0.00116162 0.00083024 0.00133018 0.00134021 0.00129365 0.00120729 0.00108658 0.00093924 0.00077567 0.00060800 0.00044882 0.00030811 0.00019163 0.00010149 0.00003642 -0.00003073 -0.00002626 0.00000362 0.00000057 -0.00000867 -0.00000306 -0.00000109 0.00007899 0.00121274 0.00061047 0.08643855 4.27529 
0.090 0.00417295 5 -6226800.63 -74372.36 -560256.84 -825632.45 -711668.58 -4054870.40 -461989552.47 0.00109725 0.00417295 0.00206258 0.00168783 0.00120964 0.00204886 0.00207340 0.00201614 0.00190046 0.00173352 0.00152541 0.00128967 0.00104138 0.00079652 0.00057049 0.00037571 0.00021946 0.00010258 -0.00003087 -0.00004469 0.00000038 0.00000184 -0.00000876 -0.00000285 -0.00000080 0.00012967 0.00176389 0.00089575 0.12785525 6.41294 
0.120 0.00538662 5 -7984394.34 -97216.88 -751013.74 -1042395.01 -898587.04 -5195181.67 -591176267.74 0.00142910 0.00538662 0.00267864 0.00216618 0.00156187 0.00274796 0.00278844 0.00272369 0.00258332 0.00237544 0.00211226 0.00181034 0.00148827 0.00116482 0.00085830 0.00058584 0.00036102 0.00018834 -0.00002182 -0.00006342 -0.00000390 0.00000270 -0.00000919 -0.00000264 -0.00000036 0.00018151 0.00228086 0.00116563 0.16673833 8.55058 
0.150 0.00653757 5 8564169.65 20891.88 552421.48 927489.98 951663.39 6111702.92 661793248.39 -0.00177452 -0.00645656 -0.00339654 -0.00252555 -0.00169633 -0.00250763 -0.00252204 -0.00244990 -0.00230655 -0.00209957 -0.00184134 -0.00154885 -0.00124233 -0.00094233 -0.00066691 -0.00043097 -0.00024483 -0.00010873 0.00004241 0.00005428 -0.00000165 -0.00000529 0.00000695 -0.00000096 -0.00000455 -0.00015640 -0.00269178 -0.00134493 -0.18891536 10.68823 
0.180 0.00768099 5 9871441.82 23221.48 654926.80 1013022.45 1088414.19 7091856.91 763880943.96 -0.00210147 -0.00758276 -0.00398919 -0.00293610 -0.00197776 -0.00305740 -0.00308193 -0.00300480 -0.00284557 -0.00261169 -0.00231556 -0.00197426 -0.00160945 -0.00124533 -0.00090443 -0.00060544 -0.00036246 -0.00017990 0.00003496 0.00006996 0.00000196 -0.00000495 0.00000916 0.00000001 -0.00000424 -0.00019813 -0.00315374 -0.00158365 -0.22249846 12.82587 
0.210 0.00850776 5 10822607.59 -44209.06 818922.09 1400136.64 997560.05 7650197.87 830962945.99 -0.00229914 -0.00829669 -0.00457586 -0.00325342 -0.00219515 -0.00353185 -0.00357124 -0.00349641 -0.00333137 -0.00308297 -0.00276284 -0.00238688 -0.00197601 -0.00155580 -0.00115260 -0.00078971 -0.00048667 -0.00025474 0.00002746 0.00008669 0.00000624 -0.00000484 0.00001063 0.00000091 -0.00000371 -0.00023755 -0.00351755 -0.00177514 -0.25169375 14.96352 
0.240 0.00861838 5 10800973.31 -253195.33 790548.48 1499356.29 1188248.69 7576015.17 842210893.43 -0.00220067 -0.00831799 -0.00500569 -0.00334118 -0.00221087 -0.00365039 -0.00370453 -0.00364595 -0.00350005 -0.00327153 -0.00296918 -0.00260491 -0.00219574 -0.00176438 -0.00133752 -0.00094193 -0.00060155 -0.00033217 0.00000938 0.00009791 0.00001074 -0.00000462 0.00001108 0.00000132 -0.00000330 -0.00025733 -0.00362429 -0.00183569 -0.26440218 17.10117 
0.270 0.00898383 5 -11426375.25 -372856.59 -1222799.08 -1058211.61 -1199424.51 -7573083.47 -833842647.92 0.00116864 0.00898383 0.00622525 0.00304854 0.00219918 0.00499888 0.00512856 0.00509329 0.00494334 0.00468314 0.00432153 0.00387157 0.00335230 0.00278931 0.00221340 0.00165822 0.00115624 0.00073257 0.00011941 -0.00013446 -0.00003515 0.00000151 -0.00001043 -0.00000289 0.00000001 0.00038586 0.00375635 0.00196587 0.29627099 19.23881 
0.300 0.01105869 5 -9998540.05 -181827.74 -427712.49 -463257.09 -1344045.96 -7581696.78 -788708528.13 -0.00085708 0.01105869 0.01029400 0.00315841 0.00193634 0.00482143 0.00495653 0.00495322 0.00485835 0.00467228 0.00439643 0.00403367 0.00359136 0.00308476 0.00253803 0.00198311 0.00145518 0.00098578 0.00023875 -0.00013786 -0.00005070 -0.00000178 -0.00000938 -0.00000288 -0.00000044 0.00040476 0.00446468 0.00230795 0.36907242 21.37646 
0.330 0.01425549 4 -7426633.02 70089.63 736531.40 326044.81 -1491984.05 -7067314.82 -676921927.45 -0.00355373 0.01380625 0.01407060 0.00361025 0.00149508 0.00368470 0.00379456 0.00380950 0.00376673 0.00366573 0.00350578 0.00328593 0.00300583 0.00266745 0.00227865 0.00185711 0.00142826 0.00102199 0.00030310 -0.00012329 -0.00005809 -0.00000485 -0.00000778 -0.00000284 -0.00000104 0.00033527 0.00509596 0.00256697 0.42794379 23.51410 
0.360 0.01684669 4 -7074359.02 254314.05 574360.45 545889.86 -1465221.91 -6983701.48 -660862092.20 -0.00496603 0.01680399 0.01664985 0.00379301 0.00141851 0.00347694 0.00357150 0.00357997 0.00353511 0.00343636 0.00328291 0.00307372 0.00280820 0.00248775 0.00211892 0.00171720 0.00130555 0.00091204 0.00021616 -0.00015796 -0.00005649 -0.00000127 -0.00000844 -0.00000291 -0.00000052 0.00030882 0.00573154 0.00285087 0.47501239 25.65175 
0.390 0.01974130 5 -9652219.86 -1001299.20 -449581.61 275124.81 -904492.24 -7571971.61 -719500860.08 -0.00470891 0.01974130 0.01749428 0.00275654 0.00154358 0.00497626 0.00509303 0.00506053 0.00492265 0.00468266 0.00434691 0.00392371 0.00342620 0.00287403 0.00229308 0.00171425 0.00116870 0.00068382 -0.00006636 -0.00028005 -0.00004474 0.00001315 -0.00001049 -0.00000316 0.00000115 0.00037534 0.00601364 0.00301844 0.48101718 27.78940 
0.420 0.01858274 5 -11112120.04 -1104328.10 -1223646.12 -377344.40 -1083673.46 -7323127.96 -769300493.13 -0.00429136 0.01858274 0.01680457 0.00251956 0.00176945 0.00582703 0.00595359 0.00589912 0.00571487 0.00540812 0.00499077 0.00447808 0.00388990 0.00325086 0.00258970 0.00193819 0.00132724 0.00078436 -0.00007385 -0.00033987 -0.00005739 0.00001648 -0.00001089 -0.00000319 0.00000169 0.00043098 0.00585233 0.00297238 0.47670189 29.92704 
0.450 0.01976206 4 6949896.78 -653204.64 -464462.76 -156615.92 1177781.46 7046398.64 668969390.82 0.00782750 -0.01773150 -0.01976206 -0.00829807 -0.00145958 -0.00295178 -0.00319230 -0.00335275 -0.00348033 -0.00357359 -0.00363034 -0.00364780 -0.00362267 -0.00355127 -0.00342991 -0.00325529 -0.00302492 -0.00273963 -0.00183768 -0.00049007 0.00005285 0.00005552 0.00000360 -0.00000512 -0.00000305 -0.00048056 -0.00719185 -0.00362665 -0.65023704 32.06469 
0.480 0.02328294 4 6628417.34 -535305.15 -583233.28 -430267.71 1157272.86 7019950.62 647312555.14 0.01087918 -0.02049172 -0.02328294 -0.01197489 -0.00151068 -0.00202480 -0.00228414 -0.00246823 -0.00262566 -0.00275490 -0.00285372 -0.00291921 -0.00294792 -0.00293593 -0.00287914 -0.00277350 -0.00261536 -0.00240315 -0.00166009 -0.00047155 0.00003679 0.00005018 0.00000426 -0.00000458 -0.00000311 -0.00039567 -0.00866931 -0.00427416 -0.78821698 34.20233 
0.510 0.02457331 4 6162221.43 -172804.00 -493919.17 -1109215.55 776998.14 7161162.02 599816560.08 0.01198538 -0.02185139 -0.02457331 -0.01339585 -0.00129033 -0.00141042 -0.00169182 -0.00189946 -0.00208424 -0.00224457 -0.00237809 -0.00248183 -0.00255222 -0.00258516 -0.00257628 -0.00252111 -0.00241535 -0.00225602 -0.00161924 -0.00049163 0.00002748 0.00004898 0.00000413 -0.00000503 -0.00000363 -0.00034895 -0.00917906 -0.00448829 -0.83133950 36.33998 
