0.001 0.00011406 5 30232.69 -9098.46 -5861.48 -4106.93 1403.29 47896.28 3822935.26 -0.00000473 -0.00004654 -0.00011380 -0.00002759 0.00000635 0.00005719 0.00006127 0.00005715 0.00005134 0.00004448 0.00003693 0.00002927 0.00002202 0.00001553 0.00000990 0.00000506 0.00000103 -0.00000225 -0.00000473 0.00000053 0.00001025 0.00000000 -0.00001038 -0.00000146 0.00000187 0.00000379 -0.00003174 -0.00001286 -0.00214649 0.09078 
0.030 0.00182211 5 -489017.46 295472.91 617342.86 246034.19 -43306.36 -1604561.06 -109130347.64 0.00076925 0.00182211 0.00076044 0.00045801 0.00015818 -0.00019271 -0.00019525 -0.00018782 -0.00016875 -0.00014118 -0.00010958 -0.00007924 -0.00005305 -0.00003196 -0.00001622 -0.00000562 0.00000057 0.00000329 0.00000370 0.00000360 0.00000858 -0.00000167 -0.00001109 -0.00000278 0.00000043 -0.00000872 0.00057117 0.00026312 0.02765027 2.72352 
0.060 0.00346636 5 1214366.55 -737022.92 -612431.30 -451536.25 4251.80 3011105.23 216327696.29 -0.00138491 -0.00339159 -0.00165581 -0.00088534 -0.00037539 0.00049198 0.00054132 0.00055434 0.00054613 0.00051918 0.00047778 0.00042734 0.00037174 0.00031200 0.00024798 0.00018393 0.00012590 0.00007753 0.00000921 -0.00001669 -0.00000351 -0.00000291 -0.00000708 -0.00000350 -0.00000180 0.00004208 -0.00113825 -0.00051123 -0.05624060 5.44704 
0.090 0.00514940 5 1529836.10 -1179903.28 -1144166.51 -610722.81 45397.40 4419231.29 315314732.71 -0.00210488 -0.00507248 -0.00244850 -0.00137439 -0.00054682 0.00104951 0.00114724 0.00118163 0.00117828 0.00113895 0.00106745 0.00096805 0.00084839 0.00071892 0.00058809 0.00045963 0.00033756 0.00022927 0.00005770 -0.00003202 -0.00001628 -0.00000421 -0.00000398 -0.00000370 -0.00000330 0.00009588 -0.00170242 -0.00074712 -0.08027339 8.17056 
0.120 0.00675286 5 1906148.90 -1576583.41 -1584319.80 -752694.30 106594.93 5713151.48 409683985.26 -0.00280293 -0.00667276 -0.00322065 -0.00186702 -0.00074558 0.00168927 0.00184290 0.00190741 0.00191979 0.00188151 0.00179550 0.00166517 0.00149613 0.00129841 0.00108555 0.00087198 0.00066952 0.00048466 0.00016160 -0.00004335 -0.00003375 -0.00000649 -0.00000033 -0.00000345 -0.00000452 0.00016709 -0.00226061 -0.00097096 -0.10283703 10.89408 
0.150 0.00826505 5 2419562.56 -1821502.48 -1919985.28 -901354.97 168744.28 6893661.00 497452351.14 -0.00344214 -0.00817912 -0.00395539 -0.00233994 -0.00095850 0.00222932 0.00243273 0.00252791 0.00256210 0.00253676 0.00245432 0.00231793 0.00213200 0.00190369 0.00164491 0.00137129 0.00109905 0.00084339 0.00035147 -0.00003047 -0.00005415 -0.00001108 0.00000359 -0.00000266 -0.00000541 0.00024096 -0.00279709 -0.00118320 -0.12455992 13.61760 
0.180 0.00964239 5 3107224.57 -1834966.13 -2202021.92 -1041159.89 257516.49 7927856.03 577005418.85 -0.00399420 -0.00953758 -0.00463986 -0.00276838 -0.00116251 0.00253163 0.00277099 0.00289311 0.00295244 0.00295045 0.00288954 0.00277284 0.00260438 0.00238934 0.00213523 0.00185306 0.00155442 0.00125512 0.00061963 0.00002155 -0.00007629 -0.00001921 0.00000765 -0.00000119 -0.00000590 0.00030260 -0.00329013 -0.00138159 -0.14576408 16.34112 
0.210 0.01088201 5 3879161.80 -1640433.87 -2532972.42 -1126638.58 375528.65 8803678.03 646691987.74 -0.00446908 -0.01073726 -0.00525273 -0.00314671 -0.00132384 0.00258993 0.00284556 0.00298430 0.00306388 0.00308560 0.00305168 0.00296503 0.00282927 0.00264870 0.00242863 0.00217565 0.00189712 0.00160235 0.00090159 0.00012696 -0.00008495 -0.00002978 0.00001081 0.00000075 -0.00000584 0.00034170 -0.00372356 -0.00156400 -0.16610648 19.06464 
0.240 0.01153865 5 4504527.63 -1290147.41 -2880126.78 -1075752.75 562943.38 9187611.19 685839968.99 -0.00470703 -0.01132568 -0.00563839 -0.00339905 -0.00127458 0.00255588 0.00279804 0.00293441 0.00302001 0.00305549 0.00304220 0.00298185 0.00287648 0.00272824 0.00254009 0.00231747 0.00206823 0.00180053 0.00111206 0.00024488 -0.00008084 -0.00004076 0.00001294 0.00000268 -0.00000547 0.00035986 -0.00393056 -0.00165139 -0.17568002 21.78817 
0.270 0.01165249 5 5266238.86 -526739.11 -2560726.90 -1284855.28 531486.33 9107073.82 676730188.76 -0.00458692 -0.01134503 -0.00602320 -0.00326632 -0.00089583 0.00190085 0.00206613 0.00216402 0.00223364 0.00227498 0.00228811 0.00227281 0.00222810 0.00215172 0.00204164 0.00189994 0.00173417 0.00155353 0.00105775 0.00030973 -0.00006658 -0.00004732 0.00001379 0.00000362 -0.00000531 0.00029013 -0.00385552 -0.00165326 -0.17733762 24.51169 
0.300 0.01162952 5 5316652.25 47639.95 -2130787.93 -1753952.60 191363.68 8962389.16 629353496.63 -0.00397510 -0.01121791 -0.00657067 -0.00298629 -0.00019658 0.00165153 0.00173344 0.00177890 0.00181092 0.00182935 0.00183390 0.00182360 0.00179558 0.00174383 0.00166191 0.00154990 0.00141766 0.00127898 0.00092220 0.00032077 -0.00005448 -0.00004934 0.00001412 0.00000375 -0.00000546 0.00024049 -0.00359394 -0.00155700 -0.16669412 27.23521 
0.330 0.01076673 5 5193210.88 364678.17 -1561825.11 -1977506.48 55379.33 8312484.97 569770454.02 -0.00367792 -0.01036602 -0.00652286 -0.00278024 0.00072659 0.00171755 0.00170682 0.00168723 0.00166524 0.00164071 0.00161321 0.00158137 0.00154097 0.00148335 0.00139899 0.00128672 0.00115847 0.00103210 0.00075640 0.00028090 -0.00006412 -0.00005342 0.00001432 0.00000380 -0.00000567 0.00020807 -0.00312533 -0.00135455 -0.13755823 29.95873 
0.360 0.00981693 5 5180113.20 584359.82 -1161919.42 -1803134.34 5718.06 7555089.09 522720371.97 -0.00395453 -0.00946170 -0.00593859 -0.00250245 0.00158143 0.00186404 0.00177151 0.00169303 0.00162120 0.00155588 0.00149658 0.00144161 0.00138568 0.00131785 0.00122582 0.00110693 0.00097451 0.00085043 0.00062805 0.00024793 -0.00007471 -0.00005824 0.00001419 0.00000389 -0.00000577 0.00018809 -0.00261605 -0.00112642 -0.09735303 32.68225 
0.390 0.00959808 5 -3567522.28 836869.82 1679868.13 2547982.88 -938700.04 -7693543.07 -543732522.36 -0.00232390 0.00959808 0.00840525 0.00164799 0.00438777 0.00410969 0.00388917 0.00369978 0.00352735 0.00337119 0.00322967 0.00309953 0.00297300 0.00283534 0.00266952 0.00246896 0.00224562 0.00202282 0.00151232 0.00052313 -0.00015363 -0.00011417 0.00000256 0.00000719 -0.00000197 0.00041895 0.00416937 0.00217706 0.37255136 35.40577 
0.420 0.01000564 5 10666542.89 -2127433.31 2781997.12 1197956.67 88279.59 8725742.82 905013491.20 -0.00307029 -0.00981741 -0.00495743 -0.00342350 -0.00278922 -0.00339562 -0.00338194 -0.00329128 -0.00313668 -0.00291936 -0.00264327 -0.00231528 -0.00194739 -0.00155716 -0.00116642 -0.00079988 -0.00048212 -0.00023113 0.00006562 0.00010317 0.00000731 -0.00000763 0.00000645 -0.00000178 -0.00000568 -0.00022567 -0.00405519 -0.00202086 -0.27845838 38.12929 
0.450 0.01056964 5 11302815.40 -2219868.68 3098180.18 1368734.60 50917.58 9004851.72 945036366.26 -0.00326117 -0.01029360 -0.00534243 -0.00358023 -0.00294988 -0.00377672 -0.00377592 -0.00368827 -0.00353111 -0.00330538 -0.00301461 -0.00266526 -0.00226925 -0.00184455 -0.00141378 -0.00100286 -0.00063820 -0.00034134 0.00003632 0.00011705 0.00001335 -0.00000696 0.00000754 -0.00000126 -0.00000559 -0.00026119 -0.00429685 -0.00215301 -0.29814153 40.85281 
0.480 0.01107484 5 11839101.73 -2453107.28 3352992.07 1538766.95 216301.36 9184148.64 988778621.67 -0.00337553 -0.01071886 -0.00582636 -0.00378180 -0.00311925 -0.00410830 -0.00411948 -0.00403760 -0.00388282 -0.00365569 -0.00335884 -0.00299750 -0.00258258 -0.00213158 -0.00166732 -0.00121646 -0.00080701 -0.00046395 0.00000169 0.00013058 0.00001960 -0.00000629 0.00000847 -0.00000071 -0.00000538 -0.00029508 -0.00455760 -0.00229325 -0.32066964 43.57633 
0.510 0.01156688 5 12261528.47 -2720307.36 3458452.35 1829313.44 374879.86 9319190.19 1029918315.41 -0.00341931 -0.01114802 -0.00640751 -0.00402500 -0.00327810 -0.00436993 -0.00439312 -0.00432068 -0.00417442 -0.00395445 -0.00366217 -0.00330092 -0.00287937 -0.00241343 -0.00192535 -0.00144214 -0.00099309 -0.00060554 -0.00004382 0.00014604 0.00002736 -0.00000557 0.00000911 -0.00000018 -0.00000503 -0.00032647 -0.00483534 -0.00244012 -0.34526357 46.29985 
0.540 0.01235061 5 4606795.23 -902839.49 -1885082.09 -1381438.10 1251461.09 7524693.83 606690548.81 0.00136368 -0.01166439 -0.01197588 -0.00384907 -0.00149391 -0.00052416 -0.00043637 -0.00037243 -0.00031910 -0.00027524 -0.00023912 -0.00020846 -0.00018057 -0.00015257 -0.00012180 -0.00008630 -0.00004561 -0.00000246 0.00006575 0.00004641 -0.00000270 -0.00000282 0.00000608 0.00000083 -0.00000264 -0.00001980 -0.00474690 -0.00223575 -0.35559224 49.02337 
0.570 0.01343047 5 3635258.54 -1205387.04 -1794366.65 -1940289.49 1231348.34 7343953.38 562419666.89 0.00228440 -0.01268364 -0.01327407 -0.00384769 -0.00142220 0.00005120 0.00018193 0.00026641 0.00032812 0.00036816 0.00038829 0.00039086 0.00037870 0.00035500 0.00032324 0.00028711 0.00024992 0.00021504 0.00014829 0.00004359 -0.00001069 -0.00000412 0.00000581 0.00000141 -0.00000193 0.00004291 -0.00495548 -0.00230022 -0.37033418 51.74689 
0.600 0.01460314 5 3011413.52 -1352014.31 -1775803.91 -2298094.52 1163780.15 7273546.11 532937327.48 0.00284017 -0.01381205 -0.01428011 -0.00373148 -0.00138235 0.00042904 0.00059642 0.00070234 0.00077744 0.00082277 0.00084007 0.00083162 0.00080024 0.00074912 0.00068191 0.00060300 0.00051671 0.00042880 0.00025313 0.00005715 -0.00001736 -0.00000679 0.00000510 0.00000196 -0.00000123 0.00009202 -0.00514505 -0.00236300 -0.37974454 54.47041 
0.630 0.01651509 5 1910865.92 -1202822.76 -1607002.42 -3335677.58 778202.68 7278166.01 456418840.70 0.00368008 -0.01567084 -0.01550506 -0.00301431 -0.00109577 0.00075914 0.00095582 0.00107943 0.00116783 0.00122178 0.00124260 0.00123208 0.00119246 0.00112631 0.00103663 0.00092736 0.00080297 0.00066998 0.00037764 0.00007615 -0.00001965 -0.00000926 0.00000170 0.00000217 -0.00000001 0.00013930 -0.00518508 -0.00235664 -0.37315729 57.19393 
0.660 0.01813319 5 1064752.91 -1122176.21 -1752823.09 -3889808.43 501586.71 7327973.93 407316771.96 0.00420977 -0.01726340 -0.01652568 -0.00261291 -0.00084683 0.00120252 0.00143272 0.00157666 0.00167817 0.00173786 0.00175690 0.00173691 0.00167990 0.00158818 0.00146453 0.00131296 0.00113884 0.00095135 0.00052386 0.00009441 -0.00002840 -0.00001310 0.00000109 0.00000279 0.00000062 0.00019769 -0.00528458 -0.00237227 -0.36940480 59.91746 
0.690 0.01922902 5 534881.10 -1311974.24 -1875292.92 -4057190.59 446754.04 7332584.80 390859675.14 0.00451751 -0.01833286 -0.01736592 -0.00263435 -0.00076360 0.00174002 0.00201318 0.00218212 0.00229832 0.00236247 0.00237583 0.00234014 0.00225755 0.00213043 0.00196166 0.00175584 0.00152003 0.00126756 0.00068782 0.00011358 -0.00003811 -0.00001725 0.00000124 0.00000335 0.00000095 0.00026654 -0.00548215 -0.00242831 -0.37515010 62.64098 
0.720 0.02040151 5 -80932.13 -1496497.42 -2040638.24 -4255753.51 350213.45 7361743.59 370580090.26 0.00482633 -0.01947501 -0.01820890 -0.00262699 -0.00066905 0.00235690 0.00267859 0.00287588 0.00300923 0.00307934 0.00308751 0.00303558 0.00292574 0.00276029 0.00254209 0.00227645 0.00197272 0.00164932 0.00090311 0.00014895 -0.00004963 -0.00002323 0.00000171 0.00000408 0.00000122 0.00034776 -0.00567448 -0.00247532 -0.37856618 65.36450 
0.750 0.02176521 5 -926953.69 -1959796.53 -2231200.40 -4346026.45 373626.84 7236442.85 350013945.25 0.00551059 -0.02085040 -0.01953976 -0.00288883 -0.00059758 0.00331878 0.00371434 0.00395419 0.00411217 0.00418889 0.00418568 0.00410436 0.00394710 0.00371598 0.00341412 0.00304980 0.00263797 0.00220303 0.00119537 0.00017747 -0.00006960 -0.00002996 0.00000255 0.00000480 0.00000127 0.00046929 -0.00600723 -0.00256675 -0.39293519 68.08802 
0.780 0.02308191 5 -1579973.78 -2452152.13 -2314568.25 -4428929.01 362960.25 7252715.36 342874115.68 0.00587404 -0.02212201 -0.02057948 -0.00310815 -0.00055543 0.00418700 0.00464829 0.00492377 0.00510007 0.00517795 0.00515900 0.00504536 0.00483948 0.00454354 0.00416142 0.00370585 0.00319771 0.00266636 0.00144545 0.00021169 -0.00008078 -0.00003526 0.00000345 0.00000535 0.00000121 0.00057623 -0.00631165 -0.00265264 -0.40347303 70.81154 
0.810 0.02419920 5 -2086558.66 -2900445.18 -2336816.56 -4512811.46 381333.48 7282181.07 340856695.98 0.00607833 -0.02320101 -0.02145190 -0.00332138 -0.00051250 0.00495821 0.00547453 0.00577947 0.00597106 0.00605021 0.00601870 0.00587893 0.00563354 0.00528455 0.00483601 0.00430365 0.00371334 0.00309915 0.00169045 0.00024883 -0.00009484 -0.00004165 0.00000444 0.00000607 0.00000122 0.00067259 -0.00658457 -0.00272939 -0.41195657 73.53506 
0.840 0.02510591 5 -2549050.52 -3346653.39 -2342375.34 -4583315.14 444710.62 7278582.73 340428395.96 0.00621459 -0.02407617 -0.02222419 -0.00354786 -0.00044655 0.00573425 0.00630019 0.00663114 0.00683563 0.00691461 0.00686998 0.00670431 0.00642025 0.00601948 0.00550618 0.00489886 0.00422868 0.00353474 0.00194325 0.00028493 -0.00011686 -0.00005022 0.00000567 0.00000701 0.00000126 0.00076832 -0.00682311 -0.00279036 -0.41819509 76.25858 
0.870 0.02572604 5 -2975231.78 -3814526.62 -2346926.28 -4606176.02 559646.21 7232750.93 342552226.49 0.00629691 -0.02467354 -0.02286019 -0.00381070 -0.00037646 0.00652836 0.00714174 0.00749713 0.00771295 0.00779008 0.00773044 0.00753662 0.00721114 0.00675539 0.00617473 0.00549031 0.00473852 0.00396390 0.00218909 0.00031374 -0.00013832 -0.00005621 0.00000680 0.00000769 0.00000126 0.00086416 -0.00702296 -0.00283313 -0.42251979 78.98210 
0.900 0.02604509 5 -3387717.12 -4268078.17 -2373505.74 -4597378.79 698458.12 7152787.46 344454809.21 0.00636796 -0.02497742 -0.02331578 -0.00407472 -0.00035124 0.00726835 0.00793124 0.00831257 0.00854123 0.00861815 0.00854541 0.00832579 0.00796181 0.00745451 0.00680983 0.00605104 0.00522005 0.00436780 0.00242425 0.00035148 -0.00016015 -0.00006488 0.00000813 0.00000863 0.00000127 0.00095515 -0.00717682 -0.00285693 -0.42538348 81.70562 
0.930 0.02605833 5 -3762774.89 -4665580.22 -2411835.82 -4584839.03 859379.57 7040100.61 345044904.45 0.00641181 -0.02498455 -0.02357375 -0.00430533 -0.00034477 0.00791629 0.00862524 0.00903153 0.00927388 0.00935325 0.00927184 0.00903255 0.00863785 0.00808808 0.00738864 0.00656411 0.00566180 0.00473986 0.00264683 0.00039099 -0.00018040 -0.00007356 0.00000957 0.00000956 0.00000120 0.00103735 -0.00726682 -0.00285545 -0.42542270 84.42914 
0.960 0.02584975 5 -4075130.08 -4949625.97 -2475728.81 -4577492.58 1038048.88 6889668.40 342777220.37 0.00648214 -0.02477548 -0.02371244 -0.00452317 -0.00033721 0.00845842 0.00920521 0.00963278 0.00988788 0.00997148 0.00988584 0.00963393 0.00921795 0.00863692 0.00789410 0.00701415 0.00604955 0.00506633 0.00284459 0.00042697 -0.00020050 -0.00008300 0.00001095 0.00001053 0.00000112 0.00110773 -0.00730841 -0.00283756 -0.42430848 87.15266 
0.990 0.02352602 5 -5680807.87 -5833719.06 -3349780.72 -4088811.36 1431256.72 6160246.56 305311040.60 0.00722536 -0.02249391 -0.02331514 -0.00605989 -0.00029028 0.01036304 0.01118105 0.01161988 0.01185348 0.01188297 0.01171133 0.01134271 0.01078387 0.01004156 0.00912390 0.00806058 0.00691396 0.00576130 0.00321158 0.00045948 -0.00025418 -0.00010026 0.00001254 0.00001198 0.00000112 0.00129714 -0.00725414 -0.00271150 -0.42624887 89.87618 
1.020 0.02304660 4 -5376546.92 -5780771.24 -3151470.74 -4005138.77 1459727.15 6101106.69 312857408.19 0.00749067 -0.02162147 -0.02304660 -0.00688262 -0.00028284 0.01049079 0.01129495 0.01173168 0.01196864 0.01200689 0.01184906 0.01149855 0.01095877 0.01023068 0.00931571 0.00824119 0.00707343 0.00589679 0.00330047 0.00047313 -0.00026748 -0.00010408 0.00001370 0.00001234 0.00000083 0.00131784 -0.00728319 -0.00271412 -0.43667330 92.59970 
1.050 0.02283335 4 -5112318.58 -5511992.68 -3148443.63 -3980090.59 1482327.86 6045880.46 311578789.33 0.00761275 -0.02105235 -0.02283335 -0.00726255 -0.00026379 0.01049499 0.01128744 0.01172435 0.01196826 0.01202016 0.01188241 0.01155800 0.01104785 0.01034564 0.00944433 0.00836895 0.00718980 0.00599728 0.00337278 0.00049390 -0.00026916 -0.00010509 0.00001394 0.00001238 0.00000069 0.00132879 -0.00725964 -0.00269726 -0.43933688 95.32322 
1.080 0.02252069 3 4582554.65 348829.23 9915363.27 -7085715.08 -1670979.04 3075056.27 77807249.91 -0.01776197 -0.01485284 0.00130882 0.02224115 0.00829134 -0.00057025 -0.00118413 -0.00161689 -0.00195494 -0.00219905 -0.00235096 -0.00241593 -0.00241639 -0.00240439 -0.00244990 -0.00260809 -0.00287514 -0.00315756 -0.00321626 -0.00169475 -0.00026034 0.00002019 0.00000725 -0.00000396 -0.00000389 -0.00046870 0.00477293 0.00198845 0.70775945 98.04675 
1.110 0.02385257 3 5279550.46 645227.04 10038130.86 -7352428.48 -1724919.56 3673540.59 115823946.62 -0.01864830 -0.01587507 0.00113686 0.02354722 0.00833287 -0.00101738 -0.00169412 -0.00216716 -0.00253431 -0.00279634 -0.00295501 -0.00301638 -0.00300669 -0.00298458 -0.00302876 -0.00320443 -0.00349926 -0.00380163 -0.00380050 -0.00198637 -0.00027934 0.00004823 0.00000690 -0.00000667 -0.00000447 -0.00057106 0.00485791 0.00197391 0.72331473 100.77027 
1.140 0.02507157 3 5985248.85 987513.47 10110207.07 -7522499.20 -1795993.80 4206021.31 150535342.21 -0.01945877 -0.01674653 0.00104972 0.02473600 0.00837498 -0.00145549 -0.00220131 -0.00271834 -0.00311739 -0.00339918 -0.00356549 -0.00362335 -0.00360318 -0.00357107 -0.00361635 -0.00381317 -0.00413428 -0.00445002 -0.00436310 -0.00224737 -0.00028598 0.00007794 0.00000606 -0.00000952 -0.00000496 -0.00067154 0.00495510 0.00196610 0.73802852 103.49379 
1.170 0.02591329 3 6708388.97 1319434.62 10248504.56 -7593724.62 -1838286.25 4572460.66 180210793.07 -0.01992175 -0.01716040 0.00116471 0.02554823 0.00817078 -0.00231392 -0.00312171 -0.00367463 -0.00409577 -0.00438587 -0.00454678 -0.00458645 -0.00453922 -0.00447702 -0.00449735 -0.00467543 -0.00496677 -0.00523282 -0.00491676 -0.00241976 -0.00026093 0.00010828 0.00000427 -0.00001243 -0.00000531 -0.00080449 0.00499977 0.00191641 0.73682268 106.21731 
1.200 0.02702442 3 7362204.55 1650396.03 10282861.10 -7665009.68 -1899956.21 4993913.31 210043622.95 -0.02076939 -0.01804849 0.00103152 0.02662103 0.00828024 -0.00259560 -0.00346983 -0.00406422 -0.00451512 -0.00482325 -0.00499059 -0.00502683 -0.00497103 -0.00490427 -0.00493719 -0.00514553 -0.00546760 -0.00575085 -0.00536417 -0.00263440 -0.00026945 0.00013189 0.00000361 -0.00001456 -0.00000563 -0.00088092 0.00507777 0.00191237 0.75283172 108.94083 
