0.001 0.00011393 4 69658.84 1598.73 5829.77 8423.89 7975.84 45830.62 5154704.23 0.00000438 -0.00004086 -0.00011393 -0.00003259 0.00000051 0.00004168 0.00004584 0.00004260 0.00003818 0.00003307 0.00002749 0.00002184 0.00001650 0.00001170 0.00000746 0.00000371 0.00000046 -0.00000229 -0.00000434 0.00000075 0.00001020 -0.00000005 -0.00001038 -0.00000148 0.00000185 0.00000298 -0.00003350 -0.00001412 -0.00253810 0.06090 
0.030 0.00153027 5 2008200.84 40392.67 126582.12 210338.42 224478.27 1406409.36 152563071.27 -0.00037962 -0.00146063 -0.00085119 -0.00059490 -0.00038012 -0.00043712 -0.00042521 -0.00040050 -0.00036232 -0.00031411 -0.00025983 -0.00020432 -0.00015189 -0.00010569 -0.00006758 -0.00003824 -0.00001736 -0.00000388 0.00000780 0.00000659 0.00000508 -0.00000275 -0.00000857 -0.00000272 -0.00000031 -0.00002201 -0.00062541 -0.00030487 -0.04314816 1.82685 
0.060 0.00292178 5 3949434.62 69683.83 241189.85 447251.71 452545.11 2738764.13 300004464.36 -0.00075480 -0.00284855 -0.00157846 -0.00115936 -0.00076588 -0.00103160 -0.00102660 -0.00098564 -0.00091303 -0.00081363 -0.00069439 -0.00056462 -0.00043498 -0.00031528 -0.00021215 -0.00012894 -0.00006638 -0.00002292 0.00002028 0.00001818 0.00000221 -0.00000456 -0.00000588 -0.00000317 -0.00000201 -0.00005857 -0.00121569 -0.00060100 -0.08517427 3.65370 
0.090 0.00424107 5 5828826.94 97952.51 405015.89 667116.29 662037.92 3996704.34 440305965.17 -0.00109657 -0.00416482 -0.00226402 -0.00168967 -0.00114600 -0.00169429 -0.00170538 -0.00165609 -0.00155724 -0.00141534 -0.00123935 -0.00104125 -0.00083413 -0.00063212 -0.00044848 -0.00029258 -0.00016941 -0.00007900 0.00002298 0.00003479 0.00000210 -0.00000587 -0.00000295 -0.00000322 -0.00000330 -0.00010550 -0.00177809 -0.00088957 -0.12670750 5.48056 
0.120 0.00552704 5 7643786.67 125303.12 571602.79 888526.54 864041.80 5194312.41 575027652.89 -0.00144293 -0.00544890 -0.00292979 -0.00220945 -0.00152392 -0.00238180 -0.00241100 -0.00235604 -0.00223408 -0.00205255 -0.00182255 -0.00155923 -0.00127917 -0.00099869 -0.00073406 -0.00050033 -0.00030879 -0.00016294 0.00001484 0.00005321 0.00000424 -0.00000653 0.00000006 -0.00000306 -0.00000434 -0.00015710 -0.00233135 -0.00117634 -0.16811225 7.30741 
0.150 0.00677053 5 9316632.54 124403.05 686448.37 1126664.91 1063452.98 6315663.24 702221408.63 -0.00180453 -0.00668895 -0.00357643 -0.00271955 -0.00187949 -0.00317504 -0.00322843 -0.00317536 -0.00303971 -0.00282854 -0.00255324 -0.00222956 -0.00187658 -0.00151409 -0.00116059 -0.00083472 -0.00055376 -0.00032880 -0.00002663 0.00007538 0.00001178 -0.00000597 0.00000293 -0.00000273 -0.00000510 -0.00022469 -0.00287117 -0.00146530 -0.21015528 9.13426 
0.180 0.00786399 5 11035778.11 171805.27 1007834.35 1478897.81 1172484.32 7204756.37 815362888.12 -0.00207320 -0.00772796 -0.00424607 -0.00316550 -0.00223230 -0.00417835 -0.00427128 -0.00422847 -0.00408466 -0.00384643 -0.00352511 -0.00313664 -0.00270130 -0.00224246 -0.00178315 -0.00134533 -0.00095055 -0.00061697 -0.00012287 0.00009964 0.00002654 -0.00000381 0.00000543 -0.00000222 -0.00000548 -0.00031830 -0.00337396 -0.00175072 -0.25421940 10.96111 
0.210 0.00901060 5 11596834.19 280760.67 1157830.78 1273491.12 1182140.17 7702611.45 852998344.94 -0.00153684 -0.00862260 -0.00587619 -0.00333740 -0.00230691 -0.00493278 -0.00507575 -0.00506618 -0.00494839 -0.00472594 -0.00440664 -0.00400252 -0.00353101 -0.00301479 -0.00247950 -0.00195078 -0.00145421 -0.00101362 -0.00029206 0.00011141 0.00004793 0.00000075 0.00000641 -0.00000171 -0.00000518 -0.00041024 -0.00380166 -0.00200006 -0.30161561 12.78797 
0.240 0.01002778 5 12283844.77 373205.96 1509121.21 1319132.61 1216688.82 7865696.16 882937258.88 -0.00070679 -0.00952183 -0.00792976 -0.00349111 -0.00240965 -0.00585795 -0.00605646 -0.00607973 -0.00598405 -0.00577126 -0.00544673 -0.00501951 -0.00450473 -0.00392417 -0.00330462 -0.00267626 -0.00207004 -0.00151386 -0.00052799 0.00011220 0.00007399 0.00000702 0.00000684 -0.00000129 -0.00000461 -0.00052190 -0.00428827 -0.00228749 -0.35971653 14.61482 
0.270 0.01166765 4 7848568.67 83436.27 -659278.56 -274338.61 1625903.07 7072846.50 692351397.18 0.00203276 -0.01058870 -0.01166765 -0.00328192 -0.00163475 -0.00410555 -0.00426838 -0.00433291 -0.00433949 -0.00428706 -0.00417418 -0.00399920 -0.00376067 -0.00345839 -0.00309556 -0.00268234 -0.00223658 -0.00178273 -0.00081462 0.00001494 0.00008691 0.00001896 0.00000397 -0.00000120 -0.00000272 -0.00043933 -0.00447991 -0.00233346 -0.39124088 16.44167 
0.300 0.01474718 4 6834271.90 -269680.47 -923526.33 -451719.20 1696501.62 6782696.28 654246842.48 0.00431816 -0.01275275 -0.01474718 -0.00433558 -0.00158418 -0.00361512 -0.00377100 -0.00384643 -0.00387777 -0.00386390 -0.00380319 -0.00369365 -0.00353306 -0.00331947 -0.00305207 -0.00273262 -0.00236725 -0.00197088 -0.00101652 -0.00005803 0.00009329 0.00002690 0.00000308 -0.00000137 -0.00000195 -0.00042437 -0.00525017 -0.00268659 -0.46834339 18.26852 
0.330 0.01743591 4 5907673.38 -625020.71 -1091965.95 -764881.29 1736361.30 6653180.02 623590099.92 0.00593697 -0.01550107 -0.01743591 -0.00502895 -0.00149189 -0.00291107 -0.00303407 -0.00310137 -0.00314094 -0.00315158 -0.00313147 -0.00307831 -0.00298943 -0.00286200 -0.00269343 -0.00248197 -0.00222729 -0.00193337 -0.00112114 -0.00014634 0.00008460 0.00003291 0.00000296 -0.00000153 -0.00000149 -0.00037370 -0.00596988 -0.00299706 -0.52484357 20.09538 
0.360 0.02441291 5 6079291.65 -553760.43 -854944.01 -1100470.26 843303.22 7745163.13 643678227.21 0.00692698 -0.02316447 -0.02174231 -0.00602191 -0.00135645 -0.00229497 -0.00239678 -0.00246171 -0.00251050 -0.00254165 -0.00255298 -0.00254167 -0.00250443 -0.00243758 -0.00233748 -0.00220088 -0.00202536 -0.00181134 -0.00115538 -0.00025280 0.00004846 0.00003329 0.00000451 -0.00000308 -0.00000307 -0.00032734 -0.00759482 -0.00373417 -0.61741694 21.92223 
0.390 0.03059442 5 3565104.30 -673879.59 -2089603.60 -2102352.90 349648.86 8081291.54 546251572.78 0.00929097 -0.02890645 -0.02638469 -0.00754168 -0.00098759 0.00038687 0.00042895 0.00043170 0.00040652 0.00035507 0.00027991 0.00018434 0.00007242 -0.00005099 -0.00018033 -0.00030931 -0.00043120 -0.00053861 -0.00065761 -0.00038128 -0.00003833 0.00002619 0.00000577 -0.00000253 -0.00000304 -0.00003526 -0.00896260 -0.00422019 -0.69199193 23.74908 
