0.001 0.00011066 4 56490.80 913.89 4251.72 5396.90 5510.45 40417.84 4301386.22 0.00000340 -0.00003612 -0.00011066 -0.00002912 0.00000302 0.00004539 0.00004946 0.00004594 0.00004116 0.00003562 0.00002958 0.00002347 0.00001771 0.00001254 0.00000799 0.00000400 0.00000059 -0.00000227 -0.00000441 0.00000073 0.00001026 -0.00000001 -0.00001037 -0.00000146 0.00000188 0.00000317 -0.00003082 -0.00001276 -0.00230222 0.05204 
0.030 0.00135825 5 1632154.45 17713.47 103776.80 134328.44 155557.65 1220778.09 126850423.32 -0.00039201 -0.00128895 -0.00074108 -0.00048990 -0.00030811 -0.00030954 -0.00029671 -0.00027692 -0.00024829 -0.00021350 -0.00017526 -0.00013676 -0.00010081 -0.00006947 -0.00004390 -0.00002452 -0.00001102 -0.00000260 0.00000446 0.00000454 0.00000600 -0.00000227 -0.00000913 -0.00000252 0.00000018 -0.00001484 -0.00053827 -0.00026021 -0.03573111 1.56110 
0.060 0.00260402 5 3161419.72 -5912.52 203976.73 261581.06 305725.06 2396049.39 248832109.99 -0.00077887 -0.00253162 -0.00136654 -0.00094413 -0.00061801 -0.00072683 -0.00071508 -0.00068060 -0.00062353 -0.00054775 -0.00045904 -0.00036521 -0.00027479 -0.00019390 -0.00012613 -0.00007298 -0.00003423 -0.00000833 0.00001514 0.00001139 0.00000282 -0.00000387 -0.00000713 -0.00000309 -0.00000135 -0.00003876 -0.00104194 -0.00050903 -0.06961215 3.12220 
0.090 0.00379244 5 4707002.80 -21299.42 325569.04 420946.34 464765.08 3517021.76 369128803.65 -0.00113286 -0.00371697 -0.00196814 -0.00139490 -0.00093333 -0.00120198 -0.00119729 -0.00115273 -0.00107226 -0.00096080 -0.00082572 -0.00067712 -0.00052653 -0.00038545 -0.00026246 -0.00016213 -0.00008583 -0.00003212 0.00002281 0.00002174 0.00000093 -0.00000520 -0.00000467 -0.00000332 -0.00000269 -0.00006975 -0.00153351 -0.00075592 -0.10396371 4.68330 
0.120 0.00496017 5 6228516.57 -44703.17 462691.76 588892.94 621974.18 4599660.85 486902578.59 -0.00147996 -0.00488298 -0.00255689 -0.00184214 -0.00125314 -0.00169807 -0.00170333 -0.00165138 -0.00155043 -0.00140619 -0.00122758 -0.00102698 -0.00081847 -0.00061657 -0.00043438 -0.00028075 -0.00016012 -0.00007213 0.00002549 0.00003402 0.00000036 -0.00000613 -0.00000195 -0.00000334 -0.00000383 -0.00010437 -0.00202084 -0.00100277 -0.13854668 6.24440 
0.150 0.00610091 5 7706343.71 -77958.85 596784.82 774766.79 778042.99 5634707.97 601322148.87 -0.00183052 -0.00602205 -0.00313368 -0.00229068 -0.00157340 -0.00223654 -0.00225143 -0.00219261 -0.00207248 -0.00189695 -0.00167594 -0.00142341 -0.00115586 -0.00089047 -0.00064341 -0.00042887 -0.00025617 -0.00012699 0.00002440 0.00004865 0.00000137 -0.00000656 0.00000093 -0.00000315 -0.00000478 -0.00014342 -0.00250502 -0.00125048 -0.17348552 7.80551 
0.180 0.00722601 5 9130606.62 -112936.63 744799.11 953660.97 923681.18 6621402.00 710877943.49 -0.00218745 -0.00714247 -0.00370399 -0.00273080 -0.00188754 -0.00286371 -0.00289083 -0.00282750 -0.00269135 -0.00248792 -0.00222705 -0.00192291 -0.00159370 -0.00125970 -0.00094068 -0.00065424 -0.00041512 -0.00022960 0.00000498 0.00006613 0.00000584 -0.00000607 0.00000383 -0.00000272 -0.00000546 -0.00019319 -0.00298467 -0.00150177 -0.20921645 9.36661 
0.210 0.00835324 5 10430305.05 -155707.22 886871.73 1093091.73 1053689.07 7552359.73 812223308.41 -0.00250711 -0.00824503 -0.00430401 -0.00314595 -0.00218524 -0.00349386 -0.00354045 -0.00348030 -0.00333691 -0.00311486 -0.00282319 -0.00247531 -0.00208965 -0.00168871 -0.00129560 -0.00093201 -0.00061747 -0.00036554 -0.00002782 0.00008511 0.00001285 -0.00000495 0.00000650 -0.00000193 -0.00000569 -0.00024807 -0.00345298 -0.00175046 -0.24502595 10.92771 
0.240 0.00935061 5 10425200.45 -159552.32 701847.45 922800.81 1033295.38 7926809.12 828397980.77 -0.00203674 -0.00899320 -0.00574612 -0.00331748 -0.00218176 -0.00370750 -0.00377337 -0.00373319 -0.00361258 -0.00341326 -0.00314027 -0.00280211 -0.00241336 -0.00199478 -0.00157081 -0.00116660 -0.00080630 -0.00050732 -0.00008034 0.00009420 0.00002097 -0.00000303 0.00000781 -0.00000106 -0.00000526 -0.00028023 -0.00380204 -0.00193117 -0.27946104 12.48881 
0.270 0.01026164 5 10116820.10 -92600.36 422371.35 735965.91 1031085.38 8019997.81 817927430.26 -0.00107722 -0.00976588 -0.00775127 -0.00341298 -0.00209691 -0.00382040 -0.00389714 -0.00386985 -0.00376531 -0.00358398 -0.00332824 -0.00300277 -0.00261795 -0.00219179 -0.00174831 -0.00131531 -0.00092106 -0.00058775 -0.00010321 0.00010372 0.00002636 -0.00000209 0.00000837 -0.00000028 -0.00000463 -0.00029892 -0.00416202 -0.00210985 -0.31883912 14.04991 
0.300 0.01107282 5 9039472.59 34252.99 -183644.90 158201.93 1243975.90 7786686.67 764061163.07 0.00015628 -0.01047946 -0.00984530 -0.00336580 -0.00184089 -0.00354321 -0.00361990 -0.00360722 -0.00352975 -0.00338707 -0.00317930 -0.00290738 -0.00257554 -0.00219464 -0.00178368 -0.00136815 -0.00097678 -0.00063580 -0.00012162 0.00010730 0.00003043 -0.00000111 0.00000827 0.00000038 -0.00000384 -0.00028897 -0.00440431 -0.00221814 -0.34814231 15.61101 
0.330 0.01250419 4 6312776.06 -163653.05 -1023867.35 -1074475.64 1368081.82 7206690.28 631566099.93 0.00231475 -0.01173498 -0.01250419 -0.00303748 -0.00132508 -0.00240839 -0.00244632 -0.00243928 -0.00239851 -0.00232305 -0.00221164 -0.00206284 -0.00187566 -0.00165062 -0.00139197 -0.00111084 -0.00082464 -0.00055643 -0.00011566 0.00008932 0.00002649 -0.00000021 0.00000721 0.00000068 -0.00000308 -0.00020723 -0.00452816 -0.00223278 -0.36539374 17.17211 
0.360 0.01402968 5 5541052.04 -531860.60 -1349544.17 -1087251.29 1302904.97 7206803.12 615581699.53 0.00294248 -0.01326038 -0.01386204 -0.00291986 -0.00121938 -0.00191536 -0.00192245 -0.00190780 -0.00187443 -0.00182122 -0.00174655 -0.00164851 -0.00152534 -0.00137576 -0.00119952 -0.00099843 -0.00077816 -0.00055352 -0.00013137 0.00008713 0.00002494 -0.00000048 0.00000749 0.00000071 -0.00000315 -0.00016978 -0.00479270 -0.00233690 -0.38048076 18.73321 
0.390 0.01519715 5 4998035.83 -801670.33 -1630849.02 -1051247.75 1277249.95 7204552.98 606330294.19 0.00332104 -0.01437217 -0.01478947 -0.00291062 -0.00114040 -0.00146841 -0.00145119 -0.00142995 -0.00140162 -0.00136496 -0.00131813 -0.00125897 -0.00118546 -0.00109588 -0.00098834 -0.00086029 -0.00070983 -0.00054186 -0.00016845 0.00007223 0.00002404 0.00000028 0.00000759 0.00000054 -0.00000329 -0.00013547 -0.00499878 -0.00241528 -0.39106499 20.29431 
0.420 0.01694187 5 4439393.76 -870550.89 -1782024.84 -1312455.13 1220374.99 7184049.62 581926310.34 0.00398247 -0.01600950 -0.01614714 -0.00277468 -0.00104268 -0.00119765 -0.00116163 -0.00113387 -0.00110695 -0.00107954 -0.00104967 -0.00101503 -0.00097341 -0.00092295 -0.00086128 -0.00078425 -0.00068645 -0.00056565 -0.00023037 0.00006176 0.00003487 0.00000335 0.00000686 0.00000024 -0.00000316 -0.00011576 -0.00527120 -0.00253251 -0.40825835 21.85541 
0.450 0.01822413 5 4003712.92 -951155.21 -1870170.42 -1472891.03 1143133.14 7154796.44 562551564.45 0.00441154 -0.01725124 -0.01700664 -0.00258522 -0.00098675 -0.00097177 -0.00091414 -0.00087626 -0.00084553 -0.00082057 -0.00079929 -0.00077915 -0.00075755 -0.00073210 -0.00070009 -0.00065719 -0.00059743 -0.00051629 -0.00024532 0.00004758 0.00003818 0.00000483 0.00000623 -0.00000036 -0.00000346 -0.00009394 -0.00543630 -0.00259832 -0.41596415 23.41652 
0.480 0.01976187 5 3543512.53 -1008963.64 -1991269.39 -1588658.97 1001021.93 7131382.60 540421941.73 0.00510049 -0.01873162 -0.01809622 -0.00273671 -0.00093188 -0.00067168 -0.00059775 -0.00055371 -0.00052290 -0.00050387 -0.00049443 -0.00049172 -0.00049236 -0.00049264 -0.00048875 -0.00047657 -0.00045132 -0.00040896 -0.00022365 0.00003750 0.00004501 0.00000783 0.00000533 -0.00000095 -0.00000352 -0.00006379 -0.00571891 -0.00271478 -0.43455104 24.97762 
0.510 0.02129801 5 3051088.46 -1062826.00 -2116604.85 -1732025.65 928663.72 7033881.24 515305333.78 0.00585312 -0.02017147 -0.01936951 -0.00308657 -0.00078648 -0.00020814 -0.00011686 -0.00006551 -0.00003347 -0.00001929 -0.00002073 -0.00003490 -0.00005834 -0.00008721 -0.00011758 -0.00014507 -0.00016447 -0.00017090 -0.00010518 0.00005301 0.00004307 0.00000511 0.00000463 -0.00000088 -0.00000332 -0.00001075 -0.00604388 -0.00283894 -0.45563019 26.53872 
0.540 0.02234373 5 2470490.17 -1139294.80 -2287403.67 -1824091.06 890995.95 6830283.75 484780382.23 0.00645590 -0.02114351 -0.02034252 -0.00337389 -0.00064925 0.00032295 0.00044355 0.00051123 0.00055224 0.00056801 0.00056077 0.00053343 0.00048949 0.00043274 0.00036702 0.00029686 0.00022802 0.00016636 0.00008247 0.00008007 0.00003328 -0.00000042 0.00000420 -0.00000049 -0.00000302 0.00005710 -0.00627063 -0.00290919 -0.46825628 28.09982 
0.570 0.02470802 5 2563856.60 -1205384.44 -1708422.76 -3147963.81 458521.53 8167106.08 517080438.11 0.00507041 -0.02360212 -0.02103079 -0.00449271 -0.00087834 0.00128617 0.00148293 0.00160153 0.00167963 0.00171844 0.00172002 0.00168696 0.00162237 0.00152941 0.00141101 0.00127113 0.00111571 0.00095134 0.00055384 0.00016052 0.00001656 -0.00001008 0.00000366 0.00000250 -0.00000040 0.00020051 -0.00712809 -0.00323497 -0.49596486 29.66092 
0.600 0.02728277 5 1681192.68 -1356471.39 -1624028.06 -3651293.54 160071.22 8152914.46 470269172.68 0.00627091 -0.02610541 -0.02304882 -0.00482903 -0.00060898 0.00214620 0.00238655 0.00252912 0.00262012 0.00266079 0.00265319 0.00259999 0.00250424 0.00236875 0.00219582 0.00198928 0.00175610 0.00150475 0.00087303 0.00019569 -0.00000989 -0.00001916 0.00000381 0.00000362 0.00000036 0.00030987 -0.00759404 -0.00339530 -0.52048679 31.22202 
0.630 0.02661154 5 1756509.30 -1503700.08 -1125518.25 -3645917.64 265034.31 7766610.95 459812769.82 0.00789326 -0.02542519 -0.02328102 -0.00526684 -0.00133159 0.00105554 0.00128720 0.00143180 0.00153390 0.00159474 0.00161632 0.00160124 0.00155238 0.00147193 0.00136120 0.00122349 0.00106653 0.00090018 0.00049965 0.00011656 0.00001355 -0.00000732 0.00000305 0.00000240 0.00000018 0.00018553 -0.00773732 -0.00352852 -0.57028186 32.78312 
0.660 0.02483983 5 1869818.10 -1754357.62 -934868.32 -3256351.00 594623.00 7220772.04 462280607.85 0.00943571 -0.02366673 -0.02318435 -0.00650404 -0.00206326 0.00039346 0.00061726 0.00075915 0.00086363 0.00093193 0.00096604 0.00096855 0.00094226 0.00088904 0.00080961 0.00070694 0.00058924 0.00046732 0.00020085 0.00003105 0.00002748 0.00000408 0.00000235 0.00000126 0.00000009 0.00010227 -0.00791616 -0.00365658 -0.62674630 34.34422 
0.690 0.02307795 5 2161739.78 -1931263.72 -772690.44 -2976134.55 795610.67 7046217.82 481078992.19 0.01002606 -0.02202426 -0.02232394 -0.00758764 -0.00260813 -0.00000874 0.00019611 0.00032610 0.00042314 0.00048842 0.00052396 0.00053232 0.00051626 0.00047727 0.00041518 0.00033242 0.00023775 0.00014345 -0.00002926 -0.00004140 0.00003381 0.00001185 0.00000264 0.00000076 0.00000004 0.00004341 -0.00796464 -0.00371057 -0.65707537 35.90532 
0.720 0.02284115 5 2288325.47 -2045217.95 -662916.72 -2589159.30 714237.40 6871382.03 483780468.46 0.01083633 -0.02167742 -0.02269632 -0.00809204 -0.00280463 -0.00031674 -0.00013022 -0.00001332 0.00007367 0.00013200 0.00016369 0.00017138 0.00015777 0.00012417 0.00007029 -0.00000118 -0.00008091 -0.00015600 -0.00025801 -0.00013450 0.00002576 0.00001785 0.00000288 -0.00000022 -0.00000060 -0.00000905 -0.00810056 -0.00380216 -0.68673596 37.46643 
0.750 0.02371515 5 2465409.63 -2133683.59 -618828.35 -2422709.66 617988.77 7022642.46 499949691.99 0.01079575 -0.02252846 -0.02318026 -0.00815663 -0.00275522 -0.00024614 -0.00006273 0.00004965 0.00013137 0.00018373 0.00020884 0.00020942 0.00018814 0.00014589 0.00008176 -0.00000165 -0.00009399 -0.00018054 -0.00029729 -0.00016834 0.00002281 0.00002168 0.00000266 -0.00000119 -0.00000109 -0.00000851 -0.00827887 -0.00388546 -0.69559474 39.02753 
0.780 0.02223986 4 2636784.39 -2802190.49 -413910.68 -2003991.33 1171389.46 6685487.43 537716907.17 0.01100313 -0.02032543 -0.02223986 -0.00948507 -0.00312685 0.00006034 0.00026686 0.00039492 0.00048740 0.00054554 0.00057147 0.00056796 0.00053771 0.00048145 0.00039791 0.00028961 0.00016751 0.00004754 -0.00016353 -0.00016210 0.00000889 0.00001946 0.00000345 -0.00000120 -0.00000138 0.00003411 -0.00829983 -0.00387264 -0.71300848 40.58863 
0.810 0.02397345 5 2614869.26 -2447576.26 -388288.86 -2275143.99 701829.62 7024048.74 520427799.77 0.01060517 -0.02286556 -0.02310657 -0.00781628 -0.00282276 -0.00029916 -0.00010581 0.00001328 0.00010044 0.00015696 0.00018497 0.00018721 0.00016616 0.00012206 0.00005310 -0.00003848 -0.00014151 -0.00023893 -0.00036788 -0.00022069 0.00002043 0.00002870 0.00000261 -0.00000223 -0.00000151 -0.00001708 -0.00825737 -0.00387993 -0.68964074 42.14973 
0.840 0.02519147 5 2492986.46 -2425217.99 -239222.82 -2568437.61 564140.63 7161724.25 511607029.28 0.01000916 -0.02406774 -0.02337769 -0.00673743 -0.00255618 -0.00014916 0.00006300 0.00019403 0.00028917 0.00034975 0.00037802 0.00037678 0.00034862 0.00029402 0.00021182 0.00010480 -0.00001579 -0.00013306 -0.00031893 -0.00023769 0.00001712 0.00003254 0.00000258 -0.00000271 -0.00000172 0.00000357 -0.00814424 -0.00381593 -0.66082783 43.71083 
0.870 0.02571149 5 2080835.17 -2327191.55 -364620.53 -2784648.89 381797.06 7175499.09 484638980.25 0.00970217 -0.02457136 -0.02347632 -0.00606866 -0.00238193 0.00020206 0.00044819 0.00060028 0.00071032 0.00077964 0.00081053 0.00080590 0.00076841 0.00069888 0.00059661 0.00046470 0.00031422 0.00016153 -0.00013994 -0.00022937 -0.00000170 0.00002990 0.00000268 -0.00000256 -0.00000169 0.00005565 -0.00802301 -0.00373144 -0.63682559 45.27193 
0.900 0.02382494 5 -6164531.50 -5001332.93 -3947058.60 -4531865.35 106313.93 7209411.45 260726036.29 0.00730471 -0.02270232 -0.02108986 -0.00406179 -0.00132986 0.00694994 0.00763644 0.00797041 0.00810105 0.00803507 0.00778437 0.00736448 0.00679655 0.00610767 0.00532969 0.00449812 0.00364946 0.00282111 0.00113631 -0.00019598 -0.00018682 -0.00001876 0.00000640 0.00000358 0.00000004 0.00076731 -0.00671658 -0.00274096 -0.43149438 46.83303 
0.930 0.02303057 5 2316330.28 -2458340.72 7571.66 -2767812.78 458034.31 7076877.81 493707751.85 0.00889463 -0.02187290 -0.02129619 -0.00587486 -0.00282664 -0.00029144 -0.00004492 0.00011009 0.00022491 0.00030086 0.00034016 0.00034564 0.00032002 0.00026449 0.00017916 0.00006760 -0.00005981 -0.00018832 -0.00042847 -0.00040072 -0.00003083 0.00004372 0.00000349 -0.00000376 -0.00000230 -0.00001437 -0.00754117 -0.00354276 -0.61248888 48.39413 
0.960 0.02279329 5 -7100139.78 -5618139.00 -3866591.63 -4880615.12 -203113.32 7468319.29 243957804.03 0.00627375 -0.02162549 -0.01948804 -0.00346305 -0.00131981 0.00787014 0.00862929 0.00899969 0.00914471 0.00907238 0.00879638 0.00833478 0.00771131 0.00695560 0.00610178 0.00518753 0.00425155 0.00333302 0.00141829 -0.00019721 -0.00024314 -0.00003300 0.00000857 0.00000459 -0.00000061 0.00087676 -0.00625466 -0.00246628 -0.37482951 49.95523 
0.990 0.02250480 5 -7728772.03 -5939563.71 -3978584.71 -4907193.53 -423165.96 7519735.88 227253941.34 0.00606853 -0.02130717 -0.01905122 -0.00344735 -0.00129292 0.00847746 0.00927112 0.00965567 0.00980288 0.00972130 0.00942539 0.00893450 0.00827375 0.00747410 0.00657110 0.00560394 0.00461300 0.00363883 0.00158885 -0.00018824 -0.00027312 -0.00004150 0.00000954 0.00000522 -0.00000080 0.00094510 -0.00613837 -0.00237546 -0.35726887 51.51633 
1.020 0.02258793 5 -8111391.31 -6225097.41 -3911948.99 -4924502.86 -607179.50 7557337.45 217987783.15 0.00593385 -0.02134693 -0.01887924 -0.00318275 -0.00134001 0.00877830 0.00960618 0.01001096 0.01017078 0.01009442 0.00979671 0.00929759 0.00862279 0.00780389 0.00687706 0.00588224 0.00486082 0.00385424 0.00171791 -0.00017355 -0.00028928 -0.00004584 0.00001000 0.00000551 -0.00000091 0.00098771 -0.00606860 -0.00232013 -0.34460451 53.07744 
1.050 0.02104071 5 -9061862.89 -6489033.78 -4323044.87 -4940248.93 -825929.87 7516394.54 184860369.32 0.00529116 -0.01976141 -0.01763640 -0.00330684 -0.00110233 0.00983487 0.01069024 0.01109759 0.01124532 0.01114289 0.01080599 0.01025607 0.00952067 0.00863316 0.00763141 0.00655706 0.00545346 0.00436391 0.00202441 -0.00013201 -0.00033144 -0.00006162 0.00001115 0.00000677 -0.00000096 0.00110124 -0.00568702 -0.00208094 -0.30338662 54.63854 
1.080 0.02092205 5 -4712506.24 978896.30 1341613.01 1198086.45 -939944.11 -7291157.89 -590528376.48 -0.00678477 0.02092205 0.01907690 0.00345152 0.00118300 0.00243588 0.00247102 0.00247544 0.00247020 0.00245449 0.00242677 0.00238495 0.00232639 0.00224797 0.00214635 0.00201852 0.00186205 0.00167540 0.00108504 0.00019365 -0.00009585 -0.00004187 -0.00000247 0.00000126 -0.00000131 0.00030621 0.00619028 0.00306452 0.50427740 56.19964 
1.110 0.02151412 5 -4218587.38 1255240.68 1496427.60 1303252.39 -1092811.06 -7180696.99 -581138047.49 -0.00695396 0.02151412 0.01959497 0.00331919 0.00118036 0.00195474 0.00194000 0.00191387 0.00188902 0.00186458 0.00183888 0.00180965 0.00177398 0.00172832 0.00166881 0.00159180 0.00149426 0.00137359 0.00095116 0.00020225 -0.00008696 -0.00004156 -0.00000288 0.00000122 -0.00000124 0.00024273 0.00628629 0.00307581 0.50359293 57.76074 
1.140 0.02167776 5 -3808926.22 1421514.79 1670722.37 1369997.72 -1150477.71 -7120683.38 -570907635.11 -0.00694398 0.02167776 0.01973321 0.00330874 0.00109320 0.00142125 0.00137079 0.00132391 0.00128734 0.00126023 0.00124087 0.00122688 0.00121520 0.00120206 0.00118323 0.00115471 0.00111312 0.00105538 0.00080204 0.00020780 -0.00007652 -0.00004056 -0.00000295 0.00000121 -0.00000119 0.00017687 0.00629005 0.00304259 0.49566591 59.32184 
1.170 0.02136209 5 -3397853.68 1525937.22 1887656.59 1443116.00 -1205617.21 -7048946.28 -557939603.53 -0.00672873 0.02136209 0.01949757 0.00321328 0.00101460 0.00092470 0.00083783 0.00076884 0.00071866 0.00068646 0.00067046 0.00066825 0.00067661 0.00069154 0.00070848 0.00072306 0.00073167 0.00073089 0.00063835 0.00021247 -0.00006245 -0.00003932 -0.00000315 0.00000113 -0.00000113 0.00011281 0.00618296 0.00295835 0.47933585 60.88294 
1.200 0.02099556 5 -2982771.90 1618868.44 2126520.35 1518213.87 -1299841.25 -6946533.31 -544359034.11 -0.00657457 0.02099556 0.01925963 0.00313109 0.00100521 0.00045396 0.00032256 0.00022454 0.00015384 0.00010961 0.00009012 0.00009287 0.00011458 0.00015107 0.00019753 0.00024932 0.00030265 0.00035387 0.00042140 0.00020405 -0.00003842 -0.00003398 -0.00000367 0.00000067 -0.00000112 0.00004446 0.00608914 0.00287806 0.46481435 62.44404 
