0.001 0.00010945 4 47610.85 -847.56 1423.06 3488.58 5118.97 38427.80 3910686.81 0.00000537 -0.00003352 -0.00010945 -0.00002774 0.00000459 0.00004825 0.00005225 0.00004853 0.00004344 0.00003756 0.00003115 0.00002468 0.00001858 0.00001312 0.00000834 0.00000418 0.00000064 -0.00000231 -0.00000450 0.00000067 0.00001025 -0.00000002 -0.00001038 -0.00000146 0.00000187 0.00000330 -0.00002920 -0.00001193 -0.00218490 0.03223 
0.030 0.00129019 5 -1478055.94 -14042.39 -97226.13 -48965.07 -111611.04 -1206211.30 -117733408.39 0.00043197 0.00129019 0.00053788 0.00041421 0.00030217 0.00039150 0.00038943 0.00036664 0.00033175 0.00028775 0.00023812 0.00018726 0.00013911 0.00009648 0.00006090 0.00003285 0.00001202 -0.00000248 -0.00001428 -0.00000531 0.00000930 -0.00000060 -0.00001151 -0.00000259 0.00000094 0.00002067 0.00048277 0.00023729 0.03071785 0.96690 
0.060 0.00248326 5 -2949673.50 -20486.67 -204990.71 -149058.24 -240331.99 -2334805.88 -233000701.57 0.00080469 0.00248326 0.00112880 0.00083515 0.00059009 0.00078376 0.00078190 0.00074507 0.00068406 0.00060297 0.00050774 0.00040629 0.00030741 0.00021796 0.00014205 0.00008145 0.00003612 0.00000447 -0.00002397 -0.00001296 0.00000845 -0.00000036 -0.00001189 -0.00000325 0.00000014 0.00004303 0.00095761 0.00047177 0.06241506 1.93379 
0.090 0.00361026 5 -4422815.17 -49831.55 -310750.18 -279571.60 -381165.60 -3401496.25 -345373122.38 0.00114213 0.00361026 0.00169350 0.00125027 0.00087762 0.00123322 0.00123533 0.00118595 0.00109917 0.00098080 0.00083898 0.00068446 0.00052900 0.00038433 0.00025866 0.00015620 0.00007805 0.00002244 -0.00003219 -0.00002282 0.00000713 0.00000014 -0.00001209 -0.00000363 -0.00000038 0.00007078 0.00141636 0.00070155 0.09413577 2.90069 
0.120 0.00475755 5 -5808500.97 -60591.76 -399617.15 -378031.58 -509316.41 -4460944.07 -453968572.00 0.00149285 0.00475755 0.00226186 0.00165917 0.00115952 0.00163832 0.00164177 0.00157943 0.00146819 0.00131529 0.00113109 0.00092931 0.00072462 0.00053117 0.00036138 0.00022189 0.00011474 0.00003800 -0.00003963 -0.00003150 0.00000612 0.00000068 -0.00001224 -0.00000384 -0.00000068 0.00009538 0.00187517 0.00092970 0.12522379 3.86759 
0.150 0.00591050 5 -7129120.03 -67232.94 -471430.76 -463942.16 -629073.73 -5497440.44 -558787043.93 0.00186646 0.00591050 0.00283016 0.00206469 0.00143825 0.00203765 0.00204310 0.00196929 0.00183569 0.00164991 0.00142413 0.00117456 0.00091936 0.00067603 0.00045970 0.00028170 0.00014529 0.00004791 -0.00005031 -0.00004048 0.00000548 0.00000136 -0.00001237 -0.00000396 -0.00000083 0.00011953 0.00233539 0.00115827 0.15608587 4.83448 
0.180 0.00708480 5 -8406979.84 -93253.29 -537360.00 -518067.03 -737743.63 -6520555.89 -659830401.15 0.00225681 0.00708480 0.00340766 0.00246286 0.00171065 0.00250415 0.00251909 0.00243993 0.00228997 0.00207671 0.00181237 0.00151331 0.00120012 0.00089466 0.00061627 0.00038065 0.00019857 0.00006840 -0.00006423 -0.00005443 0.00000410 0.00000236 -0.00001250 -0.00000404 -0.00000087 0.00015124 0.00279892 0.00139241 0.18767290 5.80138 
0.210 0.00822892 5 -9704984.62 -156872.74 -625281.42 -590205.55 -856078.02 -7476546.89 -757462040.57 0.00259492 0.00822892 0.00399650 0.00284854 0.00198186 0.00308266 0.00311552 0.00303633 0.00287381 0.00263535 0.00233312 0.00198333 0.00160706 0.00122947 0.00087512 0.00056488 0.00031496 0.00013129 -0.00006804 -0.00007453 0.00000018 0.00000336 -0.00001260 -0.00000407 -0.00000083 0.00019569 0.00325430 0.00162950 0.22068180 6.76827 
0.240 0.00917976 5 -10927338.53 -270017.46 -935373.67 -785617.96 -1020412.53 -7915916.90 -827215292.44 0.00272093 0.00917976 0.00497956 0.00309286 0.00220663 0.00381591 0.00387041 0.00379247 0.00361679 0.00335088 0.00300708 0.00260181 0.00215641 0.00169714 0.00125248 0.00084929 0.00051060 0.00025033 -0.00005553 -0.00010099 -0.00000706 0.00000421 -0.00001261 -0.00000402 -0.00000070 0.00025560 0.00370133 0.00187088 0.25849552 7.73517 
0.270 0.01024259 5 -11628448.15 -486884.79 -1017421.36 -892106.05 -931235.21 -8300800.75 -862583716.75 0.00211973 0.01024259 0.00658161 0.00323493 0.00227780 0.00445255 0.00453150 0.00446071 0.00428066 0.00399867 0.00362691 0.00318148 0.00268351 0.00215930 0.00163880 0.00115317 0.00073108 0.00039293 -0.00003109 -0.00012722 -0.00001571 0.00000476 -0.00001243 -0.00000388 -0.00000052 0.00031230 0.00411944 0.00209700 0.30070927 8.70207 
0.300 0.01012978 5 -11168874.75 -497112.32 -832314.78 -935097.35 -962105.14 -7942245.15 -830420866.59 0.00132333 0.01012978 0.00740367 0.00315339 0.00213754 0.00453428 0.00462915 0.00457487 0.00441365 0.00415136 0.00379822 0.00336733 0.00287698 0.00235116 0.00181846 0.00131078 0.00085884 0.00048693 -0.00000287 -0.00013768 -0.00002159 0.00000470 -0.00001161 -0.00000343 -0.00000027 0.00033021 0.00411659 0.00210518 0.31226743 9.66896 
0.330 0.01061256 5 -9963814.34 -198635.39 -233577.53 -308380.48 -813733.79 -8409487.15 -808109491.04 0.00180801 0.01061256 0.00711505 0.00307555 0.00200572 0.00448543 0.00463988 0.00466738 0.00461561 0.00448424 0.00427324 0.00398305 0.00361677 0.00318376 0.00270204 0.00219705 0.00169904 0.00123685 0.00041958 -0.00009875 -0.00005968 -0.00000775 -0.00001125 -0.00000363 -0.00000139 0.00041094 0.00409808 0.00213939 0.30975894 10.63586 
0.360 0.01163273 5 -10170293.00 -332588.65 -238770.46 -218258.46 -885033.61 -8495641.82 -816278755.53 0.00113624 0.01163273 0.00884466 0.00317753 0.00201958 0.00493374 0.00510711 0.00514619 0.00510270 0.00497613 0.00476611 0.00447247 0.00409679 0.00364565 0.00313497 0.00259034 0.00204360 0.00152643 0.00056854 -0.00009459 -0.00007631 -0.00001165 -0.00001020 -0.00000330 -0.00000162 0.00046761 0.00449836 0.00235713 0.35153639 11.60276 
0.390 0.01299610 5 -9466774.47 -455697.93 80732.40 252576.53 -1147867.12 -8196518.35 -774767180.35 -0.00034771 0.01299610 0.01125551 0.00316193 0.00185756 0.00503687 0.00521684 0.00526718 0.00524030 0.00513555 0.00495214 0.00468917 0.00434635 0.00392595 0.00343719 0.00290062 0.00234558 0.00180459 0.00073955 -0.00007663 -0.00009467 -0.00001719 -0.00000821 -0.00000285 -0.00000213 0.00049971 0.00487682 0.00255160 0.39527689 12.56965 
0.420 0.01516156 5 -7971313.24 -190436.69 397643.98 694460.38 -1155922.98 -7717057.93 -700404801.39 -0.00253286 0.01516156 0.01393208 0.00307629 0.00164690 0.00475255 0.00491420 0.00496418 0.00495093 0.00487379 0.00473172 0.00452327 0.00424677 0.00390132 0.00348919 0.00302073 0.00251612 0.00200379 0.00091449 -0.00003323 -0.00011072 -0.00002451 -0.00000545 -0.00000219 -0.00000281 0.00049628 0.00525344 0.00272633 0.43670913 13.53655 
0.450 0.01723753 5 -6606265.61 32168.90 448689.70 1174507.57 -1079469.62 -7182162.17 -621455619.82 -0.00507109 0.01723753 0.01657262 0.00350971 0.00142319 0.00436642 0.00452664 0.00458672 0.00459394 0.00454766 0.00444674 0.00428938 0.00407303 0.00379536 0.00345626 0.00306018 0.00261774 0.00214963 0.00107003 0.00001490 -0.00012419 -0.00003167 -0.00000283 -0.00000145 -0.00000336 0.00048400 0.00569023 0.00292456 0.48740024 14.50344 
0.480 0.01976655 5 -5800629.71 150359.21 457140.79 1581315.77 -1094987.56 -6894457.92 -575785537.85 -0.00691290 0.01976655 0.01908832 0.00391650 0.00131092 0.00407456 0.00422130 0.00427905 0.00429251 0.00426100 0.00418329 0.00405720 0.00387940 0.00364635 0.00335685 0.00301381 0.00262413 0.00220136 0.00116614 0.00006084 -0.00013043 -0.00003727 -0.00000143 -0.00000089 -0.00000362 0.00046839 0.00625906 0.00318292 0.53818052 15.47034 
0.510 0.02193328 5 -4925629.56 282427.62 785922.11 1778264.31 -1228779.03 -6543464.57 -534304098.46 -0.00871667 0.02193328 0.02146937 0.00459823 0.00125574 0.00358746 0.00370496 0.00375242 0.00376714 0.00374836 0.00369464 0.00360330 0.00347008 0.00329012 0.00306109 0.00278529 0.00246809 0.00211664 0.00119445 0.00010582 -0.00012794 -0.00004092 -0.00000095 -0.00000056 -0.00000372 0.00042695 0.00685414 0.00343986 0.59110229 16.43724 
0.540 0.02360233 5 -4476958.31 342882.66 1275221.52 1613608.37 -1409238.44 -6299432.42 -519666725.56 -0.01006908 0.02360233 0.02334122 0.00531740 0.00133780 0.00322886 0.00331851 0.00335307 0.00336294 0.00334735 0.00330477 0.00323241 0.00312562 0.00297902 0.00278975 0.00255985 0.00229437 0.00199790 0.00117895 0.00013372 -0.00012305 -0.00004251 -0.00000050 -0.00000031 -0.00000374 0.00039070 0.00741208 0.00368216 0.64003175 17.40413 
0.570 0.02574263 5 -4134013.58 404481.78 1708558.80 1518208.15 -1451908.77 -6313353.54 -515507581.40 -0.01086039 0.02574263 0.02511712 0.00574014 0.00131249 0.00274433 0.00280133 0.00281927 0.00282192 0.00280850 0.00277738 0.00272564 0.00264850 0.00254019 0.00239725 0.00222097 0.00201573 0.00178442 0.00110642 0.00015525 -0.00011301 -0.00004268 -0.00000076 -0.00000020 -0.00000358 0.00033761 0.00795327 0.00390765 0.67553747 18.37103 
0.600 0.02787920 5 -3856857.20 504624.95 1961316.99 1480476.32 -1444465.81 -6358809.65 -512937010.87 -0.01151509 0.02787920 0.02675641 0.00596434 0.00129449 0.00236118 0.00238636 0.00238624 0.00237870 0.00236290 0.00233715 0.00229849 0.00224211 0.00216213 0.00205458 0.00191991 0.00176154 0.00158138 0.00102294 0.00016671 -0.00010220 -0.00004161 -0.00000131 -0.00000027 -0.00000341 0.00029168 0.00843917 0.00411103 0.70523415 19.33793 
0.630 0.03003253 5 -3800290.13 576948.36 2106187.07 1513545.21 -1369033.76 -6627937.01 -524445715.63 -0.01144852 0.03003253 0.02780988 0.00555468 0.00123957 0.00213064 0.00213347 0.00212069 0.00210534 0.00208652 0.00206246 0.00203015 0.00198486 0.00192079 0.00183379 0.00172361 0.00159261 0.00144183 0.00095401 0.00016575 -0.00009335 -0.00003960 -0.00000205 -0.00000038 -0.00000316 0.00026186 0.00873332 0.00423308 0.71085979 20.30482 
0.660 0.03167436 5 -3782311.48 652093.45 2261363.46 1420090.68 -1339865.63 -6775993.44 -535169241.78 -0.01170583 0.03167436 0.02886904 0.00560370 0.00126209 0.00194240 0.00192617 0.00190251 0.00188027 0.00185850 0.00183539 0.00180796 0.00177159 0.00172065 0.00165090 0.00156149 0.00145385 0.00132817 0.00090037 0.00016783 -0.00008569 -0.00003810 -0.00000259 -0.00000040 -0.00000290 0.00023751 0.00907980 0.00438257 0.72957781 21.27172 
0.690 0.03286531 5 -3764848.65 682127.96 2393187.09 1356498.69 -1305902.33 -6890760.06 -541894665.72 -0.01198781 0.03286531 0.02965368 0.00576718 0.00129493 0.00179162 0.00176445 0.00173507 0.00170975 0.00168751 0.00166650 0.00164375 0.00161477 0.00157410 0.00151746 0.00144358 0.00135307 0.00124564 0.00086151 0.00017053 -0.00007887 -0.00003675 -0.00000300 -0.00000037 -0.00000262 0.00021952 0.00935859 0.00450370 0.74669045 22.23862 
