0.001 0.00012185 5 85942.10 1195.47 7069.01 9746.60 9366.61 58564.41 6460965.50 -0.00000011 -0.00005431 -0.00012059 -0.00003744 -0.00000276 0.00003917 0.00004352 0.00004056 0.00003644 0.00003163 0.00002633 0.00002095 0.00001584 0.00001123 0.00000714 0.00000351 0.00000036 -0.00000234 -0.00000434 0.00000068 0.00001004 -0.00000016 -0.00001041 -0.00000154 0.00000179 0.00000285 -0.00003888 -0.00001671 -0.00288075 0.03506 
0.030 0.00184340 5 -2608928.18 -62589.63 -204318.74 -298674.82 -275750.47 -1767594.52 -194512158.76 0.00054161 0.00184340 0.00084796 0.00070780 0.00050884 0.00074746 0.00074682 0.00071031 0.00065001 0.00057048 0.00047794 0.00038049 0.00028632 0.00020167 0.00013028 0.00007366 0.00003157 0.00000239 -0.00002321 -0.00001239 0.00000652 -0.00000063 -0.00001014 -0.00000329 -0.00000067 0.00004043 0.00075300 0.00037447 0.05167206 1.05172 
0.060 0.00338804 5 -4857785.05 -132977.39 -399090.31 -553852.51 -507174.95 -3264689.90 -359920631.97 0.00097466 0.00338804 0.00162874 0.00130046 0.00092837 0.00154200 0.00155875 0.00151090 0.00141657 0.00128204 0.00111619 0.00093081 0.00073884 0.00055387 0.00038749 0.00024741 0.00013731 0.00005656 -0.00003078 -0.00003191 0.00000297 0.00000069 -0.00000958 -0.00000336 -0.00000110 0.00009431 0.00139671 0.00070484 0.09848728 2.10343 
0.090 0.00477271 5 -6848541.35 -187941.81 -591913.50 -782778.71 -711034.60 -4574872.74 -505746616.73 0.00136596 0.00477271 0.00232539 0.00183284 0.00131470 0.00227974 0.00231104 0.00225220 0.00212769 0.00194511 0.00171617 0.00145646 0.00118333 0.00091379 0.00066361 0.00044512 0.00026741 0.00013268 -0.00002630 -0.00005046 -0.00000091 0.00000190 -0.00000949 -0.00000315 -0.00000093 0.00014679 0.00197749 0.00100497 0.14119187 3.15515 
0.120 0.00608113 5 8329767.87 186863.41 657145.95 892575.98 874256.61 5718925.93 624006708.73 -0.00167047 -0.00600123 -0.00313789 -0.00232687 -0.00159600 -0.00250737 -0.00252979 -0.00246212 -0.00232108 -0.00211439 -0.00185449 -0.00155840 -0.00124659 -0.00094077 -0.00066034 -0.00042094 -0.00023366 -0.00009814 0.00004868 0.00005500 -0.00000197 -0.00000632 0.00000518 -0.00000221 -0.00000547 -0.00015640 -0.00250514 -0.00125744 -0.17678303 4.20687 
0.150 0.00732097 5 10015702.97 279876.40 842628.35 1020405.91 1038182.56 6834609.76 744683351.27 -0.00201096 -0.00722221 -0.00375319 -0.00278619 -0.00192888 -0.00327071 -0.00331023 -0.00323639 -0.00307390 -0.00283076 -0.00251960 -0.00215773 -0.00176706 -0.00137262 -0.00099913 -0.00066789 -0.00039610 -0.00019234 0.00004444 0.00007917 0.00000295 -0.00000592 0.00000846 -0.00000093 -0.00000539 -0.00021462 -0.00301407 -0.00152694 -0.21542944 5.25859 
0.180 0.00809236 5 -12805308.33 -826866.85 -1744777.98 -1699407.28 -1283313.12 -7250943.10 -862733246.31 0.00148900 0.00809236 0.00497644 0.00309048 0.00239215 0.00572015 0.00586855 0.00581429 0.00561720 0.00528788 0.00484284 0.00430465 0.00370160 0.00306631 0.00243216 0.00183058 0.00128997 0.00083276 0.00015791 -0.00013997 -0.00003987 0.00000089 -0.00001124 -0.00000335 -0.00000047 0.00043507 0.00354565 0.00189324 0.28570654 6.31030 
0.210 0.00893823 5 -13631363.83 -950863.94 -1945246.08 -1959049.27 -1234546.94 -7541657.61 -904438057.68 0.00102316 0.00893823 0.00643273 0.00328573 0.00252521 0.00641750 0.00658882 0.00653848 0.00633274 0.00598234 0.00550404 0.00492079 0.00426150 0.00356012 0.00285275 0.00217481 0.00155918 0.00103157 0.00022833 -0.00015472 -0.00005107 -0.00000022 -0.00001095 -0.00000313 -0.00000030 0.00049903 0.00396530 0.00212394 0.32902473 7.36202 
0.240 0.01007478 4 -9594681.66 -243814.58 -434021.33 -591848.75 -1728913.39 -6596083.61 -738236180.96 -0.00186314 0.00931195 0.00988784 0.00303809 0.00186426 0.00502817 0.00518027 0.00518340 0.00508754 0.00489334 0.00460290 0.00422034 0.00375562 0.00322755 0.00266313 0.00209502 0.00155778 0.00108025 0.00030244 -0.00012510 -0.00005589 -0.00000411 -0.00000842 -0.00000284 -0.00000097 0.00042723 0.00405324 0.00212702 0.35940789 8.41374 
0.270 0.01109993 4 -9115644.79 -237069.75 161864.17 -799694.58 -1590455.61 -6650289.02 -725619735.36 -0.00260226 0.00991221 0.01098288 0.00368364 0.00175849 0.00459156 0.00474826 0.00476454 0.00469060 0.00452661 0.00427353 0.00393362 0.00351365 0.00302875 0.00250321 0.00196863 0.00145970 0.00100625 0.00027129 -0.00012325 -0.00005207 -0.00000340 -0.00000841 -0.00000275 -0.00000077 0.00039587 0.00435396 0.00225133 0.38706835 9.46545 
0.300 0.01217674 4 -8881402.48 44337.61 325106.48 -952427.32 -1746071.74 -6552347.51 -730855479.70 -0.00327047 0.01056284 0.01209841 0.00431789 0.00177059 0.00432109 0.00447520 0.00449679 0.00443464 0.00428872 0.00405951 0.00374829 0.00335972 0.00290579 0.00240803 0.00189616 0.00140381 0.00096188 0.00024500 -0.00012912 -0.00005056 -0.00000251 -0.00000851 -0.00000270 -0.00000058 0.00037549 0.00471031 0.00240755 0.41972287 10.51717 
0.330 0.01328173 4 -9081966.13 153892.58 225680.79 -1132063.75 -1688332.83 -6641142.93 -746751483.98 -0.00383277 0.01154941 0.01321711 0.00500658 0.00182967 0.00412151 0.00426737 0.00428163 0.00421133 0.00405664 0.00381858 0.00349935 0.00310530 0.00265069 0.00215885 0.00166024 0.00118824 0.00077326 0.00013800 -0.00014085 -0.00004082 0.00000083 -0.00000902 -0.00000261 -0.00000007 0.00034453 0.00513964 0.00259236 0.45398086 11.56889 
0.360 0.01434569 4 -9195799.57 158724.47 206237.38 -1197804.47 -1691928.16 -6671028.79 -753650691.69 -0.00446642 0.01263559 0.01428399 0.00562380 0.00185435 0.00415276 0.00431668 0.00434520 0.00428826 0.00414588 0.00391870 0.00360836 0.00322020 0.00276721 0.00227177 0.00176449 0.00127954 0.00084857 0.00017274 -0.00014229 -0.00004482 0.00000019 -0.00000888 -0.00000243 0.00000003 0.00035636 0.00553415 0.00278359 0.48957624 12.62061 
0.390 0.01575094 4 -4262338.87 966598.62 1577431.27 884032.74 -1049314.71 -6641086.78 -551565919.79 -0.00500326 0.01543754 0.01556945 0.00439788 0.00093338 0.00102623 0.00104120 0.00104273 0.00104278 0.00104039 0.00103388 0.00102092 0.00099870 0.00096410 0.00091404 0.00084563 0.00075603 0.00064228 0.00032514 0.00001001 -0.00002598 -0.00000746 -0.00000559 0.00000016 0.00000124 0.00012165 0.00532898 0.00256272 0.43029198 13.67232 
0.420 0.01687255 4 -9615912.92 181448.88 -115499.73 -1198185.80 -1691329.82 -6792346.45 -773973120.93 -0.00583526 0.01567119 0.01679023 0.00691985 0.00192439 0.00429266 0.00449491 0.00455217 0.00452077 0.00440057 0.00419190 0.00389583 0.00351662 0.00306547 0.00256302 0.00203891 0.00152762 0.00106291 0.00029241 -0.00012859 -0.00005368 -0.00000263 -0.00000866 -0.00000184 0.00000040 0.00039080 0.00648633 0.00324824 0.57094962 14.72404 
0.450 0.01816303 4 -9776937.34 193344.10 -165032.65 -1256246.76 -1647017.63 -6901984.40 -784839689.24 -0.00651963 0.01730660 0.01806669 0.00766189 0.00194500 0.00433756 0.00456496 0.00464363 0.00463385 0.00453524 0.00434776 0.00407184 0.00371040 0.00327242 0.00277628 0.00225008 0.00172757 0.00124351 0.00040316 -0.00010968 -0.00006057 -0.00000561 -0.00000842 -0.00000136 0.00000063 0.00041439 0.00699526 0.00349935 0.61434889 15.77576 
0.480 0.02018099 5 -12286178.45 -979409.21 -1266187.78 -1375130.73 -1093261.74 -7572188.97 -845269809.38 -0.00637469 0.02018099 0.01907969 0.00662944 0.00211453 0.00624426 0.00651737 0.00657565 0.00649634 0.00628191 0.00593874 0.00547702 0.00491327 0.00427135 0.00358159 0.00287965 0.00220304 0.00158766 0.00053035 -0.00012631 -0.00007697 -0.00000744 -0.00000865 -0.00000099 0.00000102 0.00056314 0.00731542 0.00372845 0.63421907 16.82747 
0.510 0.02233395 5 -12596103.90 -1080432.48 -1509465.09 -1298818.82 -1023039.87 -7684347.64 -853564625.16 -0.00706585 0.02233395 0.02055007 0.00674305 0.00211310 0.00667142 0.00697314 0.00704909 0.00698194 0.00677389 0.00643100 0.00596322 0.00538697 0.00472617 0.00401149 0.00327891 0.00256566 0.00190708 0.00072259 -0.00009355 -0.00008896 -0.00001284 -0.00000823 -0.00000049 0.00000104 0.00062295 0.00775706 0.00396725 0.67119681 17.87919 
0.540 0.02448926 5 -12932786.69 -1068787.51 -1965483.72 -1168837.88 -976472.62 -7753204.95 -863340306.61 -0.00781434 0.02448926 0.02206314 0.00673426 0.00214574 0.00719771 0.00752613 0.00761712 0.00755863 0.00735292 0.00700623 0.00652893 0.00593799 0.00525797 0.00451996 0.00376011 0.00301507 0.00231786 0.00099818 -0.00003037 -0.00010406 -0.00002172 -0.00000764 0.00000028 0.00000106 0.00069690 0.00818370 0.00420653 0.70891312 18.93091 
