0.001 0.00011382 4 36973.96 -10842.95 -1083.96 -4710.20 6403.84 47207.23 4233547.31 0.00001765 -0.00003827 -0.00011382 -0.00002898 0.00000436 0.00005129 0.00005547 0.00005177 0.00004657 0.00004042 0.00003363 0.00002673 0.00002018 0.00001430 0.00000915 0.00000468 0.00000092 -0.00000220 -0.00000456 0.00000063 0.00001028 0.00000001 -0.00001038 -0.00000145 0.00000188 0.00000351 -0.00002930 -0.00001187 -0.00227448 0.03658 
0.030 0.00173325 5 328719.39 329648.32 1081564.91 383728.81 -3568.34 -1462654.31 -72409267.11 0.00079395 0.00173325 0.00072395 0.00039479 0.00001219 -0.00055430 -0.00055705 -0.00053385 -0.00048728 -0.00042202 -0.00034457 -0.00026357 -0.00018800 -0.00012355 -0.00007237 -0.00003473 -0.00000935 0.00000583 0.00001581 0.00001065 0.00001046 -0.00000174 -0.00001195 -0.00000246 0.00000116 -0.00002773 0.00049010 0.00021501 0.01873939 1.09729 
0.060 0.00318174 5 259218.83 498107.38 1836646.14 632161.00 -18882.12 -2688813.57 -142712678.62 0.00144313 0.00318174 0.00141335 0.00076690 0.00006891 -0.00091414 -0.00092534 -0.00088967 -0.00081291 -0.00070119 -0.00056465 -0.00041684 -0.00027304 -0.00014787 -0.00005256 0.00001037 0.00004604 0.00006139 0.00005189 0.00001651 0.00000785 -0.00000325 -0.00001262 -0.00000317 0.00000031 -0.00004217 0.00094234 0.00041934 0.03942305 2.19458 
0.090 0.00447336 5 107502.76 706277.74 2581418.73 685115.00 -108928.13 -3756380.57 -215241077.78 0.00201042 0.00447336 0.00206636 0.00119969 0.00016824 -0.00128835 -0.00131754 -0.00128051 -0.00118868 -0.00104810 -0.00086902 -0.00066537 -0.00045447 -0.00025601 -0.00008845 0.00003426 0.00010743 0.00013898 0.00011549 0.00003255 0.00000458 -0.00000561 -0.00001287 -0.00000353 -0.00000041 -0.00006090 0.00139111 0.00061977 0.06153646 3.29186 
0.120 0.00565237 5 -116169.20 1147016.26 3092276.32 592235.31 -231629.87 -4716067.23 -295300341.44 0.00247965 0.00565237 0.00269735 0.00167351 0.00034554 -0.00165488 -0.00171287 -0.00168379 -0.00158568 -0.00142490 -0.00121249 -0.00096344 -0.00069596 -0.00043087 -0.00019028 0.00000464 0.00013818 0.00020913 0.00019706 0.00006188 0.00000270 -0.00000878 -0.00001306 -0.00000360 -0.00000085 -0.00008265 0.00184821 0.00082249 0.08609963 4.38915 
0.150 0.00720533 5 -23274.68 1227602.25 3505914.26 1067903.63 27577.37 -5852272.19 -336863499.22 0.00226819 0.00720533 0.00405881 0.00189564 0.00038906 -0.00194108 -0.00203075 -0.00201755 -0.00192560 -0.00176079 -0.00153387 -0.00125920 -0.00095548 -0.00064409 -0.00034766 -0.00008918 0.00011059 0.00023781 0.00027549 0.00009897 0.00000045 -0.00001269 -0.00001189 -0.00000340 -0.00000144 -0.00010436 0.00230174 0.00102356 0.11507276 5.48644 
0.180 0.00865940 5 6245.04 1105603.47 3706474.46 1822476.58 137409.79 -6765719.25 -362062381.74 0.00160813 0.00865940 0.00587124 0.00205592 0.00040511 -0.00206252 -0.00218543 -0.00219616 -0.00212305 -0.00197149 -0.00175139 -0.00147525 -0.00116031 -0.00082816 -0.00050148 -0.00020265 0.00004810 0.00023219 0.00034778 0.00013936 -0.00000595 -0.00001781 -0.00001006 -0.00000298 -0.00000202 -0.00011893 0.00276293 0.00123202 0.15138086 6.58373 
0.210 0.00996935 5 -48332.51 685087.09 3764283.37 2709024.34 68672.34 -7275399.65 -363112259.79 0.00065075 0.00996935 0.00798523 0.00211972 0.00041171 -0.00195135 -0.00210746 -0.00215144 -0.00211390 -0.00199859 -0.00181311 -0.00156631 -0.00127208 -0.00095013 -0.00062288 -0.00031211 -0.00003696 0.00018397 0.00038386 0.00017588 -0.00001630 -0.00002397 -0.00000788 -0.00000248 -0.00000263 -0.00012309 0.00321450 0.00144150 0.19243672 7.68101 
0.240 0.00993714 5 -317578.35 317440.44 3973720.66 2716198.84 -376085.97 -6948852.32 -360535271.50 -0.00066857 0.00993714 0.00944513 0.00275872 0.00066164 -0.00165416 -0.00182005 -0.00188575 -0.00188241 -0.00181143 -0.00167636 -0.00148155 -0.00123570 -0.00095450 -0.00065835 -0.00036698 -0.00009664 0.00013598 0.00040233 0.00021813 -0.00002399 -0.00003134 -0.00000647 -0.00000188 -0.00000299 -0.00011138 0.00358842 0.00162300 0.24289530 8.77830 
0.270 0.01163889 4 -836507.40 -426123.39 5659582.93 2121145.67 -1826006.60 -6365106.02 -394632073.10 -0.00254038 0.01003132 0.01158390 0.00385726 0.00081472 -0.00134227 -0.00149115 -0.00155348 -0.00155623 -0.00150100 -0.00139066 -0.00122930 -0.00102393 -0.00078682 -0.00053576 -0.00028715 -0.00005040 0.00016418 0.00044774 0.00026239 -0.00003318 -0.00004057 -0.00000542 -0.00000093 -0.00000306 -0.00008441 0.00412506 0.00188889 0.31497674 9.87559 
0.300 0.01327580 4 -986170.03 -1126196.36 6201927.13 2121984.00 -2078131.32 -6105753.48 -374720572.12 -0.00400876 0.01063674 0.01321996 0.00447108 0.00091932 -0.00094845 -0.00107685 -0.00113384 -0.00114167 -0.00110141 -0.00101521 -0.00088685 -0.00072414 -0.00054042 -0.00035139 -0.00016812 0.00001055 0.00018550 0.00046383 0.00029240 -0.00004418 -0.00005010 -0.00000291 0.00000005 -0.00000350 -0.00005142 0.00452204 0.00209251 0.36633389 10.97288 
0.330 0.01469614 4 -974325.10 -1863570.60 6973827.83 1953857.69 -2300005.88 -5738434.14 -345237240.72 -0.00554003 0.01114736 0.01463609 0.00533414 0.00104729 -0.00068346 -0.00078984 -0.00083811 -0.00084580 -0.00081337 -0.00074207 -0.00063512 -0.00050176 -0.00036001 -0.00022949 -0.00011612 -0.00000305 0.00012729 0.00041885 0.00031856 -0.00004137 -0.00005773 -0.00000198 0.00000068 -0.00000373 -0.00003105 0.00492286 0.00229123 0.41813766 12.07017 
0.360 0.01574344 4 -1236033.59 -2570827.37 7406919.44 1853206.62 -2482476.57 -5442855.70 -325949951.75 -0.00681107 0.01152472 0.01567557 0.00598709 0.00129652 0.00002001 -0.00005456 -0.00009359 -0.00010745 -0.00009594 -0.00005920 0.00000050 0.00007253 0.00013320 0.00015730 0.00014583 0.00013477 0.00016431 0.00037571 0.00030871 -0.00004783 -0.00006367 0.00000112 0.00000162 -0.00000425 0.00002603 0.00526289 0.00248094 0.46636982 13.16745 
0.390 0.01701050 4 -1404154.37 -3048891.92 7768239.98 1703003.85 -2736080.49 -5090425.79 -311280686.40 -0.00828601 0.01201795 0.01694049 0.00682431 0.00162595 0.00079757 0.00074703 0.00071303 0.00069292 0.00068735 0.00069691 0.00071928 0.00074005 0.00072490 0.00063717 0.00048003 0.00031047 0.00020356 0.00029473 0.00028085 -0.00004650 -0.00006576 0.00000371 0.00000207 -0.00000478 0.00008922 0.00570584 0.00272216 0.52593175 14.26474 
0.420 0.01783524 4 -1549345.17 -3501100.62 8105444.95 1626659.55 -2955176.31 -4825172.75 -298468476.97 -0.00942747 0.01225794 0.01776557 0.00741833 0.00196800 0.00166815 0.00164023 0.00161215 0.00158805 0.00156885 0.00155550 0.00154520 0.00151903 0.00143094 0.00123188 0.00092205 0.00057734 0.00031110 0.00022249 0.00022682 -0.00004603 -0.00006552 0.00000522 0.00000220 -0.00000513 0.00016340 0.00602429 0.00291085 0.57356443 15.36203 
0.450 0.01855490 4 -1672173.27 -4075384.77 8696604.57 1419438.33 -3178839.88 -4533991.52 -283040483.51 -0.01063615 0.01231787 0.01849228 0.00815619 0.00230791 0.00263469 0.00264014 0.00262974 0.00261410 0.00259419 0.00257101 0.00254067 0.00247839 0.00232431 0.00201333 0.00153992 0.00100270 0.00054823 0.00019780 0.00015324 -0.00004999 -0.00006258 0.00000540 0.00000196 -0.00000521 0.00025652 0.00633414 0.00310556 0.62459534 16.45932 
0.480 0.01915361 4 -1723466.47 -4632425.84 9328153.72 1266368.96 -3333676.01 -4351887.30 -267973357.76 -0.01162287 0.01249286 0.01909788 0.00875654 0.00261227 0.00338692 0.00341853 0.00342478 0.00341927 0.00340290 0.00337658 0.00333545 0.00324982 0.00304845 0.00265264 0.00205697 0.00137825 0.00077783 0.00018834 0.00007587 -0.00005981 -0.00006034 0.00000551 0.00000180 -0.00000524 0.00033093 0.00660816 0.00327355 0.66703636 17.55660 
0.510 0.01969069 4 -1802159.15 -5158555.02 9891808.85 983129.38 -3472195.55 -4046346.81 -249992622.62 -0.01306196 0.01228409 0.01964926 0.00988905 0.00303128 0.00455720 0.00462522 0.00465728 0.00467036 0.00466530 0.00464272 0.00459535 0.00448434 0.00422021 0.00370265 0.00293712 0.00206251 0.00125996 0.00029963 0.00000138 -0.00007984 -0.00006020 0.00000639 0.00000194 -0.00000533 0.00045759 0.00695408 0.00350300 0.72965673 18.65389 
0.540 0.02006312 4 -1856053.80 -5460501.70 10195683.70 823295.04 -3650080.93 -3764449.91 -237974131.64 -0.01404793 0.01230622 0.02002707 0.01061744 0.00338634 0.00547987 0.00555870 0.00560103 0.00562082 0.00561894 0.00559572 0.00554165 0.00540927 0.00509272 0.00447702 0.00358047 0.00254979 0.00159311 0.00034604 -0.00009348 -0.00010485 -0.00005789 0.00000714 0.00000186 -0.00000541 0.00054915 0.00721816 0.00367543 0.77425916 19.75118 
0.570 0.02015917 4 -1908810.47 -5571132.85 10228203.28 723635.31 -3820284.57 -3469231.64 -229111016.98 -0.01497216 0.01204899 0.02013001 0.01129219 0.00383606 0.00654942 0.00663148 0.00667758 0.00669792 0.00669338 0.00666400 0.00659764 0.00643808 0.00606346 0.00534941 0.00431812 0.00311197 0.00198612 0.00043025 -0.00018700 -0.00013006 -0.00005520 0.00000780 0.00000173 -0.00000547 0.00065460 0.00742871 0.00383015 0.81696361 20.84847 
0.600 0.02017887 4 -1896251.91 -5581602.32 10194827.31 631892.98 -3974251.86 -3167118.01 -219932122.61 -0.01592411 0.01166382 0.02015830 0.01197116 0.00433057 0.00759488 0.00767103 0.00771448 0.00773026 0.00771927 0.00768116 0.00760109 0.00741470 0.00698610 0.00618578 0.00502571 0.00364122 0.00234131 0.00049387 -0.00028370 -0.00014808 -0.00004963 0.00000819 0.00000132 -0.00000554 0.00075457 0.00762405 0.00397482 0.85901727 21.94576 
0.630 0.01964804 4 -1855607.73 -5447044.42 10138264.99 464194.12 -4051384.87 -2959637.57 -217904523.46 -0.01635399 0.01075075 0.01964188 0.01249938 0.00469703 0.00795738 0.00802251 0.00806137 0.00807264 0.00805728 0.00801504 0.00793120 0.00774155 0.00730907 0.00649992 0.00531688 0.00388105 0.00250656 0.00048490 -0.00037887 -0.00015009 -0.00003917 0.00000745 0.00000034 -0.00000555 0.00078676 0.00763545 0.00399726 0.87557672 23.04304 
0.660 0.01880208 4 -1816341.76 -5368711.34 10089618.16 242481.80 -4171411.14 -2608319.24 -209230477.93 -0.01712578 0.00925251 0.01880208 0.01323439 0.00537343 0.00903315 0.00909123 0.00912617 0.00913136 0.00910769 0.00905423 0.00895352 0.00873674 0.00825985 0.00738464 0.00609420 0.00450779 0.00296833 0.00063490 -0.00046874 -0.00018118 -0.00003510 0.00000819 0.00000009 -0.00000562 0.00089483 0.00764857 0.00406082 0.90883505 24.14033 
0.690 0.01882343 4 -2080432.97 -5311607.64 9809595.76 337476.83 -4301554.28 -2614343.63 -222573829.37 -0.01728730 0.00995257 0.01882343 0.01194933 0.00594497 0.01114145 0.01117984 0.01119585 0.01117672 0.01112311 0.01103315 0.01088507 0.01059913 0.01001578 0.00899511 0.00749552 0.00566902 0.00388970 0.00110413 -0.00045337 -0.00023350 -0.00004967 0.00000996 0.00000161 -0.00000549 0.00111352 0.00760582 0.00415696 0.92401213 25.23762 
0.720 0.01828480 4 -1919267.57 -5100436.24 9630059.23 332542.63 -4420422.03 -2361011.16 -214636944.97 -0.01768373 0.00925974 0.01828480 0.01192688 0.00647290 0.01186461 0.01186970 0.01186429 0.01182553 0.01175384 0.01164710 0.01148205 0.01117484 0.01055945 0.00949256 0.00791812 0.00599901 0.00411434 0.00112062 -0.00055720 -0.00026288 -0.00004663 0.00001073 0.00000147 -0.00000557 0.00117165 0.00756135 0.00416699 0.93618505 26.33491 
0.750 0.01767582 4 -1616524.33 -4590116.38 9296465.70 375379.49 -4571777.89 -2126475.25 -212361498.65 -0.01797432 0.00868129 0.01763904 0.01173989 0.00723353 0.01247925 0.01240289 0.01234563 0.01226283 0.01215428 0.01201732 0.01182641 0.01149161 0.01083762 0.00971506 0.00805042 0.00603166 0.00404432 0.00089036 -0.00075889 -0.00029231 -0.00003443 0.00001154 0.00000062 -0.00000580 0.00118792 0.00755071 0.00417064 0.94501724 27.43219 
0.780 0.01757115 4 -1379318.75 -4330035.56 9091389.45 403098.11 -4705728.89 -1838041.87 -201452623.63 -0.01851598 0.00842674 0.01753507 0.01184629 0.00765717 0.01313012 0.01300907 0.01292294 0.01281592 0.01268695 0.01253262 0.01232437 0.01196436 0.01126716 0.01007729 0.00831013 0.00618639 0.00409489 0.00076209 -0.00091471 -0.00031460 -0.00002304 0.00001159 -0.00000036 -0.00000593 0.00122504 0.00761281 0.00421948 0.96281683 28.52948 
0.810 0.01799733 4 -1214748.68 -4434610.19 9115780.45 450597.19 -4868305.90 -1478210.23 -178935439.54 -0.01935133 0.00856673 0.01799733 0.01215768 0.00778734 0.01387584 0.01376130 0.01367937 0.01357652 0.01345041 0.01329632 0.01308059 0.01269355 0.01193826 0.01065178 0.00875293 0.00650699 0.00430117 0.00077587 -0.00099077 -0.00033389 -0.00001853 0.00001224 -0.00000084 -0.00000621 0.00129480 0.00774724 0.00431955 0.99069638 29.62677 
0.840 0.01815034 4 -863776.44 -4078075.85 8803173.28 617808.58 -5064020.88 -1142661.57 -164160614.58 -0.01987654 0.00868035 0.01814612 0.01195093 0.00818231 0.01444730 0.01426991 0.01414793 0.01401320 0.01386161 0.01368675 0.01344926 0.01302628 0.01220913 0.01081948 0.00879417 0.00643962 0.00413956 0.00049928 -0.00117753 -0.00035379 -0.00000421 0.00001218 -0.00000197 -0.00000630 0.00130726 0.00780949 0.00435535 1.00282431 30.72406 
0.870 0.01868471 2 -2597940.52 12715516.79 -8814627.54 462050.22 1234941.68 -8195821.67 -844742832.45 -0.01373693 0.01393578 0.01016571 0.00299852 0.01854441 0.02207376 0.02047239 0.01921724 0.01808048 0.01705774 0.01614018 0.01527671 0.01431842 0.01302577 0.01115253 0.00867148 0.00593901 0.00336352 -0.00020867 -0.00112320 -0.00030067 -0.00005796 0.00000609 0.00000204 -0.00000346 0.00151419 0.00868533 0.00487585 0.99179043 31.82135 
0.900 0.01927790 2 -2273923.43 12897269.22 -8896868.93 537518.64 1337992.12 -8149834.48 -831638682.58 -0.01426284 0.01379472 0.00999700 0.00285145 0.01913542 0.02325755 0.02158700 0.02027852 0.01909707 0.01803424 0.01707802 0.01616871 0.01513990 0.01373906 0.01169717 0.00905235 0.00617566 0.00347021 -0.00029834 -0.00123395 -0.00031349 -0.00005078 0.00000626 0.00000132 -0.00000366 0.00159159 0.00874824 0.00494646 1.01266846 32.91863 
0.930 0.01988058 2 -1957463.77 13101527.23 -8996529.51 614869.44 1445089.54 -8122420.47 -820247442.13 -0.01472244 0.01370953 0.00981716 0.00261700 0.01973617 0.02445783 0.02271268 0.02134623 0.02011839 0.01901426 0.01801789 0.01705943 0.01595309 0.01443153 0.01220824 0.00939400 0.00636324 0.00352437 -0.00041349 -0.00134184 -0.00032466 -0.00004318 0.00000637 0.00000060 -0.00000385 0.00166648 0.00880432 0.00501253 1.03145621 34.01592 
0.960 0.02042360 2 -1632180.12 13307768.04 -9094143.05 717988.53 1527901.89 -8091695.52 -808880938.11 -0.01513358 0.01378175 0.00971641 0.00222283 0.02027530 0.02594760 0.02411761 0.02268524 0.02140669 0.02025772 0.01921628 0.01819903 0.01699668 0.01531967 0.01287952 0.00986673 0.00664323 0.00363908 -0.00050813 -0.00145952 -0.00034651 -0.00003806 0.00000681 0.00000015 -0.00000403 0.00176517 0.00884365 0.00508339 1.04942894 35.11321 
0.990 0.02093898 2 -1355112.07 13478058.93 -9166078.86 788207.10 1610071.68 -8065370.92 -798947683.70 -0.01552182 0.01377903 0.00957041 0.00186188 0.02078692 0.02744897 0.02554041 0.02404608 0.02272125 0.02153177 0.02044794 0.01937208 0.01807266 0.01623352 0.01358922 0.01038683 0.00695905 0.00378547 -0.00056189 -0.00155401 -0.00036080 -0.00003125 0.00000701 -0.00000052 -0.00000424 0.00187033 0.00886936 0.00515131 1.06711964 36.21050 
1.020 0.02154925 2 -1090153.59 13648925.62 -9243493.02 859330.31 1684463.59 -8039380.10 -789719722.83 -0.01589078 0.01367657 0.00932579 0.00147271 0.02139483 0.02900424 0.02701044 0.02544718 0.02407203 0.02283983 0.02170955 0.02056666 0.01915774 0.01713642 0.01428651 0.01088635 0.00722417 0.00386953 -0.00065444 -0.00167041 -0.00038765 -0.00002742 0.00000752 -0.00000093 -0.00000446 0.00197316 0.00889335 0.00521718 1.08507189 37.30778 
1.050 0.02226339 2 -861380.38 13762769.76 -9332773.55 931650.57 1849409.78 -8072436.94 -779510174.12 -0.01628214 0.01326778 0.00883311 0.00144332 0.02209635 0.03058717 0.02851475 0.02688459 0.02546132 0.02419100 0.02301816 0.02180462 0.02027605 0.01805479 0.01499823 0.01137445 0.00742235 0.00386147 -0.00078702 -0.00178611 -0.00041197 -0.00002266 0.00000788 -0.00000136 -0.00000458 0.00207590 0.00895397 0.00530018 1.10903311 38.40507 
1.080 0.02352263 2 -660923.37 14137217.75 -9502330.61 1081862.91 1615285.80 -7992959.21 -786053872.42 -0.01653567 0.01328773 0.00869532 0.00046727 0.02337915 0.03302424 0.03077017 0.02897588 0.02743578 0.02608398 0.02482924 0.02348206 0.02173491 0.01917470 0.01580190 0.01174478 0.00729827 0.00346782 -0.00110660 -0.00190963 -0.00042277 -0.00000799 0.00000763 -0.00000284 -0.00000491 0.00220377 0.00911569 0.00544391 1.13969345 39.50236 
1.110 0.02461561 2 -6978847.23 3305824.83 -3738596.33 -4282711.51 -857033.09 -1406331.14 -518387302.42 -0.02783333 -0.00034122 0.00667513 0.01209811 0.02446433 0.04568961 0.04515938 0.04453706 0.04395045 0.04333800 0.04257721 0.04142785 0.03956752 0.03663375 0.03272774 0.02780669 0.02233449 0.01744113 0.00938925 0.00171265 -0.00065345 -0.00041817 0.00002967 0.00004052 0.00000267 0.00463959 0.00948865 0.00691271 1.66259676 40.59965 
1.140 0.02616547 2 -6840711.22 3556793.40 -3736102.47 -4232321.16 -801041.39 -1628039.61 -530359619.39 -0.02886054 -0.00135466 0.00603887 0.01257664 0.02599258 0.04804332 0.04740306 0.04666954 0.04598877 0.04530961 0.04449435 0.04325339 0.04124028 0.03811856 0.03398936 0.02869366 0.02284033 0.01773354 0.00961192 0.00180204 -0.00066323 -0.00043661 0.00002977 0.00004234 0.00000320 0.00482775 0.00978911 0.00715351 1.72911239 41.69694 
1.170 0.02770670 2 -6720175.55 3837183.55 -3794518.58 -4149780.85 -767154.46 -1845905.21 -543710179.71 -0.02969286 -0.00218371 0.00525692 0.01274478 0.02751304 0.05044189 0.04969836 0.04886262 0.04809663 0.04734531 0.04647072 0.04514095 0.04298580 0.03970247 0.03534641 0.02969221 0.02346143 0.01812710 0.00988457 0.00190602 -0.00066392 -0.00045263 0.00002978 0.00004386 0.00000359 0.00502818 0.01002328 0.00736976 1.78712483 42.79422 
1.200 0.02937140 2 -6574073.34 4104272.45 -3815386.96 -4062171.01 -745918.83 -2054868.99 -555795844.09 -0.03069094 -0.00322414 0.00456862 0.01314441 0.02915558 0.05286718 0.05199663 0.05101962 0.05014507 0.04930079 0.04835194 0.04691751 0.04459156 0.04112978 0.03649279 0.03044055 0.02382064 0.01831231 0.01005938 0.00198237 -0.00067265 -0.00046894 0.00003012 0.00004544 0.00000398 0.00520782 0.01033309 0.00761042 1.85349374 43.89151 
