0.001 0.00012809 5 25468.36 -7802.58 -12636.88 -16903.74 463.22 62348.34 4121344.31 -0.00000421 -0.00006056 -0.00012045 -0.00002777 0.00000779 0.00006039 0.00006439 0.00006001 0.00005383 0.00004655 0.00003856 0.00003048 0.00002286 0.00001606 0.00001017 0.00000516 0.00000101 -0.00000234 -0.00000487 0.00000043 0.00001018 -0.00000005 -0.00001041 -0.00000150 0.00000184 0.00000392 -0.00003380 -0.00001376 -0.00221376 0.23418 
0.030 0.00202068 5 -1472397.43 324123.65 37137.01 97203.80 -76034.36 -1854827.53 -158758996.76 0.00072941 0.00202068 0.00086082 0.00057654 0.00036384 0.00016686 0.00015363 0.00013319 0.00010980 0.00008455 0.00005944 0.00003704 0.00001934 0.00000641 -0.00000240 -0.00000793 -0.00001108 -0.00001271 -0.00001030 -0.00000036 0.00000873 -0.00000131 -0.00001084 -0.00000295 0.00000010 0.00000568 0.00070564 0.00033381 0.04021917 7.02531 
0.060 0.00396557 5 -2614462.15 746254.23 187412.68 220388.49 -144666.12 -3623851.43 -304557184.34 0.00141933 0.00396557 0.00177529 0.00113765 0.00067141 0.00015503 0.00012547 0.00009595 0.00006842 0.00004230 0.00001710 -0.00000718 -0.00002858 -0.00004333 -0.00004917 -0.00004811 -0.00004315 -0.00003666 -0.00001901 0.00000134 0.00000955 -0.00000134 -0.00001052 -0.00000328 -0.00000069 0.00000077 0.00138566 0.00064998 0.07813245 14.05063 
0.090 0.00597892 5 -3269806.46 1259873.00 602967.85 438597.48 -205014.23 -5366230.56 -434119228.72 0.00219278 0.00597892 0.00270929 0.00168689 0.00091445 -0.00014958 -0.00020468 -0.00024124 -0.00026128 -0.00026578 -0.00025752 -0.00023917 -0.00021579 -0.00019283 -0.00017107 -0.00014751 -0.00012010 -0.00009225 -0.00003707 0.00000688 0.00001290 -0.00000108 -0.00001042 -0.00000336 -0.00000097 -0.00002391 0.00205716 0.00095164 0.11172338 21.07594 
0.120 0.00783179 5 -3523615.11 1794648.64 1148061.85 684954.92 -266403.71 -6884876.82 -538926871.40 0.00292756 0.00783179 0.00358094 0.00220885 0.00110879 -0.00076288 -0.00086426 -0.00092027 -0.00094061 -0.00092619 -0.00087911 -0.00080203 -0.00070017 -0.00058497 -0.00047024 -0.00036639 -0.00027651 -0.00019846 -0.00006443 0.00002175 0.00002022 -0.00000075 -0.00001078 -0.00000341 -0.00000101 -0.00007774 0.00266887 0.00120980 0.13857757 28.10126 
0.150 0.00943938 5 -3448139.73 2274045.76 1757252.48 926858.76 -317478.41 -8088818.32 -614180069.57 0.00355887 0.00943938 0.00436232 0.00267695 0.00125412 -0.00155653 -0.00171625 -0.00179875 -0.00182412 -0.00179338 -0.00170904 -0.00157423 -0.00139478 -0.00118371 -0.00095912 -0.00074071 -0.00054553 -0.00038252 -0.00011865 0.00004186 0.00003116 -0.00000010 -0.00001088 -0.00000339 -0.00000100 -0.00015337 0.00319534 0.00141643 0.15855471 35.12657 
0.180 0.01071729 5 -2933282.55 2714224.74 2346747.77 1257598.08 -382643.94 -8869209.20 -649854964.47 0.00405958 0.01071729 0.00505619 0.00299681 0.00132026 -0.00257109 -0.00280966 -0.00293293 -0.00297405 -0.00293406 -0.00281595 -0.00262328 -0.00236304 -0.00205013 -0.00170674 -0.00135787 -0.00102714 -0.00073543 -0.00025378 0.00005348 0.00004668 0.00000219 -0.00001014 -0.00000343 -0.00000118 -0.00026153 0.00359309 0.00154543 0.16757471 42.15188 
0.210 0.01166703 5 637463.37 3962823.96 3708153.23 2320567.31 -348427.32 -9005653.81 -559012337.41 0.00385399 0.01166703 0.00634415 0.00303754 0.00098912 -0.00543243 -0.00585679 -0.00604784 -0.00607608 -0.00594863 -0.00567767 -0.00527802 -0.00476982 -0.00417939 -0.00353811 -0.00288112 -0.00224406 -0.00166025 -0.00062609 0.00007798 0.00008601 0.00000829 -0.00000837 -0.00000401 -0.00000199 -0.00054365 0.00376707 0.00147711 0.14883998 49.17720 
0.240 0.01213612 5 3593631.79 4684655.91 4350439.35 3460027.79 -260817.37 -8640673.89 -440061409.66 0.00244165 0.01213612 0.00825893 0.00280914 0.00063015 -0.00729688 -0.00787371 -0.00814331 -0.00820293 -0.00806217 -0.00773670 -0.00724631 -0.00661609 -0.00587680 -0.00506373 -0.00421573 -0.00337282 -0.00257532 -0.00105898 0.00008993 0.00013921 0.00001899 -0.00000780 -0.00000526 -0.00000275 -0.00075996 0.00382204 0.00138797 0.14351934 56.20251 
0.270 0.01206714 5 12431553.18 -3778666.79 6269221.88 488795.44 -550194.62 10002397.27 1036712113.49 -0.00306005 -0.01163314 -0.00608067 -0.00305897 -0.00326378 -0.00611016 -0.00629081 -0.00634070 -0.00631852 -0.00622312 -0.00605255 -0.00580433 -0.00547580 -0.00506492 -0.00457277 -0.00400895 -0.00339497 -0.00276459 -0.00137214 -0.00003712 0.00014379 0.00003608 0.00000724 -0.00000273 -0.00000440 -0.00065369 -0.00455994 -0.00248484 -0.35477642 63.22783 
0.300 0.01380996 5 8828417.55 53223.11 -104436.06 94372.80 970080.96 7815176.75 746026148.40 0.00396686 -0.01294312 -0.01273644 -0.00260134 -0.00275869 -0.00816664 -0.00856974 -0.00881795 -0.00899570 -0.00910151 -0.00913322 -0.00908808 -0.00896280 -0.00875375 -0.00845705 -0.00806839 -0.00758377 -0.00700303 -0.00516347 -0.00196676 -0.00006488 0.00017631 0.00000118 -0.00001606 -0.00000434 -0.00126978 -0.00493737 -0.00298906 -0.52031327 70.25314 
0.330 0.01671828 4 8272395.01 42353.50 -532151.25 284984.36 1595079.59 6882128.82 707056361.05 0.00957332 -0.01404711 -0.01671828 -0.00693086 -0.00418186 -0.00896953 -0.00939933 -0.00967244 -0.00987605 -0.01000868 -0.01006820 -0.01005187 -0.00995643 -0.00977824 -0.00951341 -0.00915747 -0.00870505 -0.00815337 -0.00631010 -0.00277272 -0.00029769 0.00018699 0.00000534 -0.00001607 -0.00000372 -0.00146864 -0.00667490 -0.00390921 -0.75203117 77.27846 
0.360 0.02242192 4 7363190.55 -49430.46 -634382.79 380589.62 1757195.28 5909218.91 636397501.43 0.01727014 -0.01643563 -0.02242192 -0.01391324 -0.00560588 -0.00898336 -0.00944721 -0.00975313 -0.00999433 -0.01016927 -0.01027580 -0.01031117 -0.01027207 -0.01015478 -0.00995483 -0.00966617 -0.00928210 -0.00879899 -0.00709131 -0.00347344 -0.00056270 0.00017653 0.00001096 -0.00001420 -0.00000308 -0.00157282 -0.00924747 -0.00517052 -1.06314735 84.30377 
0.390 0.02174497 4 7160049.68 -426609.20 -372665.76 679469.45 1771734.81 5508120.39 626006792.21 0.02100422 -0.01330688 -0.02174497 -0.01765670 -0.00855906 -0.01059501 -0.01096800 -0.01120171 -0.01137354 -0.01148206 -0.01152521 -0.01150035 -0.01140439 -0.01123415 -0.01098606 -0.01065309 -0.01022505 -0.00969458 -0.00784840 -0.00396182 -0.00074188 0.00016566 0.00001623 -0.00001266 -0.00000322 -0.00176592 -0.01024807 -0.00574215 -1.24026003 91.32908 
0.420 0.02272172 4 5863241.67 403122.87 -378874.27 -1027377.57 560756.80 6305613.84 519320035.02 0.02458954 -0.01565591 -0.02272172 -0.01966478 -0.01113562 -0.01169164 -0.01192127 -0.01204814 -0.01212591 -0.01215314 -0.01212779 -0.01204731 -0.01190867 -0.01170872 -0.01144359 -0.01110192 -0.01066698 -0.01013107 -0.00828637 -0.00438117 -0.00097938 0.00011699 0.00002329 -0.00000797 -0.00000344 -0.00187910 -0.01154040 -0.00640809 -1.38977339 98.35440 
0.450 0.02052269 4 15940760.88 10040648.18 6425879.06 4996402.92 -867995.70 -4654173.58 14833889.01 -0.00776693 0.01825412 0.02025962 0.00825447 0.00073630 -0.01992162 -0.02146756 -0.02232309 -0.02279013 -0.02287835 -0.02260452 -0.02199211 -0.02107192 -0.01988283 -0.01847140 -0.01688664 -0.01517274 -0.01337288 -0.00878065 -0.00241535 0.00042401 0.00040011 -0.00002551 -0.00004278 -0.00000813 -0.00272555 0.00667821 0.00168271 0.26601281 105.37971 
0.480 0.02206015 4 16743407.24 11336520.73 5461299.56 4580092.96 -897192.86 -3737313.15 42420747.18 -0.00970915 0.01889918 0.02178295 0.00955648 0.00108073 -0.02129556 -0.02293953 -0.02385150 -0.02436068 -0.02447664 -0.02421606 -0.02360240 -0.02266657 -0.02144859 -0.01999882 -0.01836867 -0.01659922 -0.01472654 -0.00986017 -0.00290283 0.00039717 0.00045204 -0.00002848 -0.00004765 -0.00000834 -0.00296375 0.00720659 0.00180387 0.30655229 112.40503 
