0.001 0.00010785 4 46471.03 -1177.68 2346.62 5093.36 5224.72 34984.01 3733528.95 0.00000617 -0.00002999 -0.00010785 -0.00002725 0.00000466 0.00004802 0.00005202 0.00004832 0.00004327 0.00003743 0.00003106 0.00002463 0.00001857 0.00001313 0.00000837 0.00000422 0.00000068 -0.00000226 -0.00000446 0.00000071 0.00001030 0.00000002 -0.00001036 -0.00000144 0.00000189 0.00000330 -0.00002832 -0.00001152 -0.00214301 0.01938 
0.030 0.00112417 5 1374181.08 -26659.31 92999.93 146076.09 148019.28 1013745.09 108648759.46 -0.00028878 -0.00105514 -0.00063345 -0.00042625 -0.00026494 -0.00025244 -0.00024077 -0.00022478 -0.00020174 -0.00017362 -0.00014261 -0.00011133 -0.00008210 -0.00005660 -0.00003584 -0.00002018 -0.00000935 -0.00000272 0.00000291 0.00000388 0.00000676 -0.00000196 -0.00000951 -0.00000236 0.00000052 -0.00001196 -0.00045231 -0.00021839 -0.03067007 0.58129 
0.060 0.00214586 5 2716482.48 -64548.76 192649.13 296555.87 295133.22 1996693.02 214991926.45 -0.00056798 -0.00207439 -0.00115757 -0.00082497 -0.00053758 -0.00061395 -0.00060192 -0.00057144 -0.00052169 -0.00045614 -0.00038018 -0.00030086 -0.00022511 -0.00015783 -0.00010184 -0.00005828 -0.00002680 -0.00000604 0.00001235 0.00000934 0.00000369 -0.00000354 -0.00000793 -0.00000301 -0.00000091 -0.00003213 -0.00087556 -0.00042751 -0.05986535 1.16259 
0.090 0.00308877 5 4070669.31 -82112.02 283105.53 488109.83 465108.60 2916457.37 319435577.46 -0.00079495 -0.00301439 -0.00165518 -0.00122115 -0.00080848 -0.00103736 -0.00103242 -0.00099283 -0.00092127 -0.00082240 -0.00070311 -0.00057270 -0.00044160 -0.00032032 -0.00021575 -0.00013130 -0.00006776 -0.00002357 0.00002038 0.00001813 0.00000158 -0.00000491 -0.00000582 -0.00000336 -0.00000224 -0.00005926 -0.00127982 -0.00063143 -0.08928760 1.74388 
0.120 0.00401996 5 5452667.66 -71479.58 396446.06 682329.05 632631.29 3812740.84 422569857.31 -0.00102364 -0.00394367 -0.00214262 -0.00161205 -0.00108326 -0.00148401 -0.00148766 -0.00143946 -0.00134623 -0.00121383 -0.00105116 -0.00087034 -0.00068473 -0.00050754 -0.00035068 -0.00022092 -0.00012089 -0.00004935 0.00002646 0.00002830 0.00000012 -0.00000600 -0.00000335 -0.00000349 -0.00000345 -0.00008892 -0.00168166 -0.00083556 -0.11881961 2.32517 
0.150 0.00494722 5 6806806.95 -63826.75 518981.49 868158.46 793322.87 4690170.88 523422742.61 -0.00125864 -0.00486971 -0.00262368 -0.00199593 -0.00135795 -0.00194709 -0.00196134 -0.00190667 -0.00179420 -0.00163050 -0.00142609 -0.00119548 -0.00095512 -0.00072132 -0.00050863 -0.00032883 -0.00018752 -0.00008432 0.00003029 0.00004007 -0.00000031 -0.00000672 -0.00000066 -0.00000343 -0.00000449 -0.00012106 -0.00208127 -0.00103996 -0.14836694 2.90647 
0.180 0.00587893 5 8085117.21 -54407.30 608402.39 1033477.28 946746.00 5550898.85 620213714.31 -0.00150747 -0.00580007 -0.00310566 -0.00237629 -0.00162021 -0.00244279 -0.00246533 -0.00240361 -0.00227270 -0.00207949 -0.00183528 -0.00155569 -0.00125965 -0.00096677 -0.00069469 -0.00045856 -0.00026958 -0.00012931 0.00003220 0.00005384 0.00000060 -0.00000695 0.00000216 -0.00000314 -0.00000532 -0.00015637 -0.00247895 -0.00124514 -0.17788268 3.48776 
0.210 0.00680538 5 9315183.73 -28026.81 672564.18 1186584.72 1101520.79 6382540.84 713196246.46 -0.00175808 -0.00672140 -0.00359323 -0.00275240 -0.00187228 -0.00299330 -0.00302876 -0.00296399 -0.00281901 -0.00260058 -0.00232030 -0.00199436 -0.00164308 -0.00128919 -0.00095413 -0.00065623 -0.00041001 -0.00022081 0.00001375 0.00006877 0.00000464 -0.00000627 0.00000496 -0.00000260 -0.00000585 -0.00020023 -0.00287394 -0.00145360 -0.20810601 4.06905 
0.240 0.00773117 5 10526330.29 60882.27 696929.60 1362096.20 1240952.95 7165469.26 800938608.59 -0.00198569 -0.00762001 -0.00412514 -0.00312299 -0.00211157 -0.00358789 -0.00364463 -0.00358314 -0.00342944 -0.00319010 -0.00287662 -0.00250509 -0.00209659 -0.00167590 -0.00126815 -0.00089597 -0.00057879 -0.00032920 -0.00000622 0.00008757 0.00001024 -0.00000549 0.00000761 -0.00000169 -0.00000594 -0.00025035 -0.00326860 -0.00166524 -0.23939903 4.65035 
0.270 0.00859937 5 -8691937.67 -134645.64 50705.94 -187830.73 -1160704.82 -7259462.43 -718412134.02 0.00095649 0.00859937 0.00607484 0.00270057 0.00167659 0.00372288 0.00384617 0.00385736 0.00379775 0.00366728 0.00346646 0.00319667 0.00286280 0.00247671 0.00205776 0.00163002 0.00121985 0.00085105 0.00024411 -0.00009387 -0.00004050 -0.00000326 -0.00000942 -0.00000286 -0.00000090 0.00032386 0.00338961 0.00176102 0.26205504 5.23164 
0.300 0.00922085 5 -7376150.76 -114010.90 413555.31 623005.15 -1200049.47 -7098650.85 -653321447.86 -0.00022970 0.00922085 0.00804777 0.00251997 0.00139138 0.00323949 0.00333781 0.00334714 0.00330241 0.00320319 0.00304903 0.00283967 0.00257633 0.00226424 0.00191541 0.00154853 0.00118657 0.00085158 0.00027290 -0.00007697 -0.00004051 -0.00000454 -0.00000832 -0.00000232 -0.00000075 0.00029149 0.00355923 0.00182333 0.28261887 5.81293 
0.330 0.01023908 4 -5842203.03 171226.48 940642.47 1123520.09 -1253454.83 -6824137.23 -590296066.38 -0.00161675 0.00996168 0.01003680 0.00242893 0.00110248 0.00246381 0.00251671 0.00251296 0.00247659 0.00240690 0.00230288 0.00216327 0.00198721 0.00177548 0.00153243 0.00126798 0.00099694 0.00073667 0.00026185 -0.00005052 -0.00003295 -0.00000446 -0.00000713 -0.00000138 -0.00000023 0.00022687 0.00373264 0.00187029 0.30147912 6.39423 
0.360 0.01195443 4 -5209340.31 379701.07 1253690.34 1079265.21 -1175422.85 -6746574.08 -570356941.33 -0.00267777 0.01128209 0.01172654 0.00252606 0.00101122 0.00221843 0.00225393 0.00224621 0.00221504 0.00215962 0.00207864 0.00197038 0.00183312 0.00166601 0.00147034 0.00125091 0.00101681 0.00078181 0.00031511 -0.00003271 -0.00003483 -0.00000579 -0.00000594 -0.00000072 -0.00000012 0.00021266 0.00405476 0.00201374 0.33077062 6.97552 
0.390 0.01314217 4 -4850613.87 510928.95 1356936.84 981267.74 -1150474.09 -6549273.32 -553308134.00 -0.00375024 0.01219567 0.01296485 0.00309289 0.00096873 0.00199923 0.00203546 0.00203246 0.00200921 0.00196491 0.00189818 0.00180715 0.00168980 0.00154489 0.00137315 0.00117834 0.00096793 0.00075434 0.00031734 -0.00002575 -0.00003439 -0.00000603 -0.00000513 -0.00000052 -0.00000022 0.00019661 0.00437629 0.00215595 0.36319468 7.55681 
0.420 0.01245085 4 -4744170.71 445146.25 1305761.11 1001229.14 -1177820.29 -6318486.92 -535972638.42 -0.00374161 0.01126461 0.01227360 0.00308230 0.00094335 0.00199283 0.00204003 0.00204345 0.00202433 0.00198190 0.00191485 0.00182132 0.00169938 0.00154803 0.00136870 0.00116670 0.00095099 0.00073489 0.00030196 -0.00003009 -0.00003427 -0.00000561 -0.00000481 -0.00000052 -0.00000028 0.00019621 0.00414200 0.00204590 0.34921308 8.13811 
0.450 0.01386576 4 -6874426.17 513924.68 1164180.07 -251175.76 -1871026.30 -6430328.87 -665594943.26 -0.00454766 0.01189176 0.01377504 0.00481571 0.00149891 0.00321317 0.00333369 0.00336451 0.00334706 0.00328073 0.00316450 0.00299702 0.00277707 0.00250489 0.00218483 0.00182941 0.00145893 0.00109843 0.00041501 -0.00006705 -0.00005725 -0.00000988 -0.00000733 -0.00000302 -0.00000212 0.00031509 0.00502659 0.00252373 0.44613160 8.71940 
0.480 0.01557073 4 -6122141.16 908805.72 858230.91 334476.57 -1728503.34 -6495151.01 -638824745.00 -0.00509997 0.01413479 0.01543490 0.00462392 0.00140804 0.00262507 0.00269607 0.00270501 0.00268158 0.00262514 0.00253449 0.00240799 0.00224384 0.00204100 0.00180071 0.00152884 0.00123718 0.00094517 0.00037184 -0.00004853 -0.00004775 -0.00000943 -0.00000764 -0.00000292 -0.00000188 0.00025730 0.00541104 0.00267325 0.46337818 9.30069 
0.510 0.01602928 4 -5857685.64 919968.14 657222.28 871490.73 -1483415.84 -6822950.95 -627409958.06 -0.00482130 0.01572447 0.01583686 0.00379834 0.00131210 0.00258741 0.00263690 0.00263416 0.00260372 0.00254488 0.00245638 0.00233643 0.00218301 0.00199457 0.00177147 0.00151761 0.00124176 0.00096116 0.00039423 -0.00003869 -0.00004750 -0.00001015 -0.00000766 -0.00000268 -0.00000163 0.00025306 0.00543744 0.00268338 0.44945641 9.88199 
0.540 0.01682581 4 -5403483.02 1022526.32 969147.04 872169.09 -1584351.71 -6682973.77 -612728972.28 -0.00536488 0.01627963 0.01665704 0.00431722 0.00122641 0.00215560 0.00219174 0.00219058 0.00217124 0.00213292 0.00207411 0.00199269 0.00188606 0.00175173 0.00158849 0.00139717 0.00118107 0.00094955 0.00043219 -0.00001289 -0.00004550 -0.00001196 -0.00000766 -0.00000236 -0.00000139 0.00022279 0.00567776 0.00277995 0.46988873 10.46328 
0.570 0.01891420 4 4715121.67 -834121.06 -2171197.20 -694589.49 1981135.06 6433894.36 592286681.34 0.00651765 -0.01689700 -0.01891420 -0.00562137 -0.00133840 -0.00107360 -0.00106567 -0.00105473 -0.00104324 -0.00103001 -0.00101329 -0.00099094 -0.00096059 -0.00091954 -0.00086471 -0.00079307 -0.00070236 -0.00059231 -0.00029538 -0.00000214 0.00002894 0.00000838 0.00000509 0.00000015 -0.00000232 -0.00011766 -0.00638515 -0.00305571 -0.53132527 11.04457 
0.600 0.02071772 4 4203355.84 -1172131.40 -2132833.04 -954519.09 1911226.88 6551612.49 584331892.43 0.00737330 -0.01903857 -0.02071772 -0.00614538 -0.00132230 -0.00043409 -0.00037999 -0.00034438 -0.00032041 -0.00030693 -0.00030215 -0.00030395 -0.00031007 -0.00031775 -0.00032338 -0.00032261 -0.00031114 -0.00028447 -0.00015870 -0.00000457 0.00001281 0.00000515 0.00000559 0.00000053 -0.00000225 -0.00004326 -0.00694867 -0.00328035 -0.56735230 11.62587 
0.630 0.02168327 4 3525670.94 -1581129.28 -2127419.87 -1201711.36 1859213.86 6576717.59 569198248.75 0.00779334 -0.02029611 -0.02168327 -0.00633215 -0.00130677 0.00027728 0.00038550 0.00044942 0.00048697 0.00049935 0.00048839 0.00045621 0.00040505 0.00033772 0.00025836 0.00017265 0.00008761 0.00001487 -0.00005145 -0.00002168 -0.00000102 0.00000377 0.00000580 0.00000087 -0.00000199 0.00003607 -0.00723308 -0.00337154 -0.57964941 12.20716 
0.660 0.02236536 4 2847005.29 -2061361.76 -2180414.75 -1173380.69 1754032.13 6508130.34 554798272.21 0.00850661 -0.02081717 -0.02236536 -0.00712770 -0.00132726 0.00111605 0.00126988 0.00135586 0.00140190 0.00140921 0.00137973 0.00131563 0.00121920 0.00109334 0.00094272 0.00077446 0.00059782 0.00042840 0.00014188 -0.00002387 -0.00002323 -0.00000078 0.00000653 0.00000126 -0.00000208 0.00013129 -0.00751408 -0.00345268 -0.59917250 12.78845 
0.690 0.02335611 5 1484984.21 -2172351.11 -2229818.39 -1847983.57 1004305.52 6730831.76 483056914.09 0.00857607 -0.02219779 -0.02282282 -0.00650462 -0.00109843 0.00209698 0.00233038 0.00245717 0.00252450 0.00253357 0.00248630 0.00238480 0.00223119 0.00202829 0.00178190 0.00150382 0.00120925 0.00092039 0.00037182 -0.00002472 -0.00004787 -0.00000586 0.00000669 0.00000180 -0.00000183 0.00024788 -0.00747892 -0.00337426 -0.57356568 13.36975 
0.720 0.02195465 4 1490827.41 -2658154.27 -2667227.32 -897417.58 1435796.39 6277830.19 510707799.50 0.00943341 -0.01936800 -0.02195465 -0.00878318 -0.00130020 0.00271441 0.00293783 0.00305125 0.00310002 0.00308532 0.00300911 0.00287348 0.00268047 0.00243278 0.00213667 0.00180579 0.00145742 0.00111541 0.00045625 -0.00002749 -0.00005829 -0.00000795 0.00000735 0.00000190 -0.00000206 0.00030195 -0.00754826 -0.00337804 -0.60660399 13.95104 
0.750 0.02112651 4 746171.20 -2836812.28 -3036717.32 -745295.58 1333233.72 6031762.66 478472416.21 0.00986927 -0.01750945 -0.02112651 -0.00995423 -0.00124511 0.00357813 0.00381513 0.00392515 0.00395953 0.00391954 0.00380727 0.00362494 0.00337461 0.00305916 0.00268597 0.00227246 0.00184035 0.00141692 0.00059239 -0.00002824 -0.00007271 -0.00001110 0.00000760 0.00000206 -0.00000219 0.00038437 -0.00740906 -0.00326900 -0.60519364 14.53233 
0.780 0.02044074 4 81036.07 -2967000.64 -3417888.53 -725580.31 1373613.68 5817891.88 451975885.96 0.00988701 -0.01610350 -0.02044074 -0.01048180 -0.00117584 0.00431892 0.00458231 0.00470025 0.00473127 0.00467666 0.00453849 0.00431895 0.00402003 0.00364474 0.00320198 0.00271272 0.00220277 0.00170248 0.00071532 -0.00003675 -0.00008438 -0.00001258 0.00000782 0.00000210 -0.00000230 0.00045950 -0.00723326 -0.00314669 -0.59285900 15.11363 
0.810 0.02034073 4 -574924.95 -3112007.44 -3722505.88 -821385.07 1512774.90 5568198.54 425687340.01 0.01010794 -0.01534566 -0.02034073 -0.01086113 -0.00112186 0.00493876 0.00523125 0.00536069 0.00539227 0.00532725 0.00516772 0.00491576 0.00457312 0.00414332 0.00363823 0.00308232 0.00250492 0.00193891 0.00081226 -0.00005411 -0.00009728 -0.00001345 0.00000781 0.00000242 -0.00000193 0.00052269 -0.00718128 -0.00308875 -0.59011856 15.69492 
0.840 0.02145504 4 -6198435.10 1222608.30 1837567.95 -1074495.13 -1542206.76 -6641909.45 -681862199.64 -0.01022593 0.01867481 0.02134123 0.01246659 0.00171065 0.00134117 0.00153278 0.00165312 0.00175652 0.00184178 0.00190670 0.00194768 0.00195927 0.00193544 0.00187275 0.00177236 0.00163799 0.00147230 0.00093079 0.00011911 -0.00010131 -0.00003689 -0.00000468 -0.00000083 -0.00000254 0.00024219 0.00836057 0.00404790 0.75200728 16.27621 
0.870 0.02356624 4 -4688451.91 1560311.60 2375117.42 -668579.79 -1620084.96 -6335216.18 -622392699.09 -0.01178085 0.02045179 0.02343367 0.01380397 0.00161184 -0.00036490 -0.00027193 -0.00020327 -0.00012392 -0.00003506 0.00006095 0.00016021 0.00025671 0.00034371 0.00041696 0.00047680 0.00052586 0.00056307 0.00050447 0.00012445 -0.00005656 -0.00002820 -0.00000571 -0.00000182 -0.00000276 0.00004218 0.00901478 0.00424832 0.79402593 16.85751 
0.900 0.02554135 4 -3484065.49 1817364.29 2784889.45 -313143.58 -1713943.27 -6059232.38 -573455704.45 -0.01326488 0.02205841 0.02539482 0.01503858 0.00155241 -0.00171751 -0.00170382 -0.00167667 -0.00161772 -0.00152819 -0.00141056 -0.00126911 -0.00111051 -0.00094235 -0.00076963 -0.00059248 -0.00040855 -0.00022141 0.00010107 0.00010940 -0.00001991 -0.00001973 -0.00000644 -0.00000272 -0.00000299 -0.00012215 0.00963010 0.00444947 0.83679303 17.43880 
0.930 0.02780623 4 -2377695.98 2093040.24 3105122.09 39243.82 -1781089.87 -5834012.27 -529877519.53 -0.01487378 0.02404307 0.02764264 0.01630174 0.00148477 -0.00298216 -0.00304092 -0.00305203 -0.00301197 -0.00292184 -0.00278407 -0.00260304 -0.00238567 -0.00214006 -0.00187191 -0.00158229 -0.00127077 -0.00094750 -0.00029026 0.00008379 0.00001735 -0.00001001 -0.00000708 -0.00000367 -0.00000321 -0.00027606 0.01032818 0.00469496 0.88654471 18.02009 
0.960 0.03005828 4 -1259144.83 2476593.65 3363300.36 368870.71 -1822310.84 -5645598.71 -490551856.97 -0.01646503 0.02604716 0.02987968 0.01755513 0.00143202 -0.00421090 -0.00433978 -0.00438594 -0.00436046 -0.00426428 -0.00409979 -0.00387139 -0.00358620 -0.00325281 -0.00287864 -0.00247021 -0.00203260 -0.00158164 -0.00062698 0.00006599 0.00005320 -0.00000119 -0.00000781 -0.00000455 -0.00000340 -0.00041937 0.01103102 0.00494830 0.93747201 18.60139 
0.990 0.03224318 4 -124622.51 2909672.43 3602597.83 693043.50 -1829928.39 -5500007.89 -453304556.32 -0.01800646 0.02806011 0.03204639 0.01876958 0.00138853 -0.00540676 -0.00559969 -0.00567322 -0.00565395 -0.00554296 -0.00534289 -0.00505849 -0.00469747 -0.00426973 -0.00378630 -0.00326021 -0.00270345 -0.00213664 -0.00092768 0.00003937 0.00008625 0.00000841 -0.00000867 -0.00000552 -0.00000355 -0.00055287 0.01172051 0.00520060 0.98757834 19.18268 
1.020 0.03436332 4 974556.97 3295572.52 3883251.49 989480.05 -1810111.46 -5383635.62 -416888001.78 -0.01948647 0.03009976 0.03413686 0.01992011 0.00135281 -0.00654610 -0.00679659 -0.00689253 -0.00687549 -0.00674659 -0.00650865 -0.00616667 -0.00572897 -0.00520787 -0.00462051 -0.00398563 -0.00332058 -0.00264968 -0.00121384 0.00000394 0.00011330 0.00001737 -0.00000933 -0.00000640 -0.00000371 -0.00067837 0.01239235 0.00544888 1.03603104 19.76397 
1.050 0.03639854 4 1906434.59 3598849.22 4170803.78 1236597.15 -1785684.51 -5314131.06 -386720118.46 -0.02085158 0.03214106 0.03613302 0.02095950 0.00129693 -0.00755376 -0.00784894 -0.00796056 -0.00794213 -0.00779487 -0.00752191 -0.00712842 -0.00662078 -0.00601268 -0.00532805 -0.00459382 -0.00383990 -0.00308689 -0.00146585 -0.00003355 0.00013498 0.00002549 -0.00000993 -0.00000720 -0.00000383 -0.00078736 0.01302834 0.00568911 1.08163936 20.34527 
