0.001 0.00012080 5 84558.09 411.43 6624.45 10182.24 9607.34 57732.64 6414350.41 0.00000060 -0.00005326 -0.00012022 -0.00003740 -0.00000259 0.00003985 0.00004418 0.00004116 0.00003696 0.00003204 0.00002664 0.00002116 0.00001596 0.00001127 0.00000713 0.00000346 0.00000029 -0.00000241 -0.00000441 0.00000062 0.00000993 -0.00000024 -0.00001044 -0.00000159 0.00000175 0.00000287 -0.00003855 -0.00001655 -0.00286462 0.03424 
0.030 0.00179533 5 2253424.08 1659.85 117327.21 225975.99 246445.72 1662015.30 176678572.02 -0.00047178 -0.00172488 -0.00097494 -0.00067732 -0.00042634 -0.00048152 -0.00046994 -0.00044417 -0.00040269 -0.00034892 -0.00028789 -0.00022576 -0.00016736 -0.00011610 -0.00007390 -0.00004144 -0.00001832 -0.00000339 0.00000933 0.00000676 0.00000269 -0.00000341 -0.00000721 -0.00000320 -0.00000155 -0.00002457 -0.00072128 -0.00035117 -0.04894339 1.02726 
0.060 0.00326813 5 4223994.89 2771.24 192549.49 468497.10 478773.24 3081403.81 330974455.48 -0.00088246 -0.00319351 -0.00173033 -0.00125361 -0.00080712 -0.00110700 -0.00110996 -0.00107577 -0.00100831 -0.00091143 -0.00079114 -0.00065579 -0.00051587 -0.00038255 -0.00026458 -0.00016698 -0.00009175 -0.00003801 0.00001918 0.00002120 0.00000008 -0.00000501 -0.00000329 -0.00000330 -0.00000334 -0.00006683 -0.00133074 -0.00065932 -0.09225093 2.05453 
0.090 0.00460107 5 6084411.91 3652.00 330266.85 706465.87 690993.24 4353033.96 472758268.64 -0.00124204 -0.00452434 -0.00240816 -0.00177761 -0.00117392 -0.00178208 -0.00180688 -0.00177086 -0.00168487 -0.00155324 -0.00138315 -0.00118473 -0.00097007 -0.00075309 -0.00054832 -0.00036916 -0.00022392 -0.00011451 0.00001609 0.00004045 0.00000127 -0.00000575 0.00000052 -0.00000296 -0.00000446 -0.00011830 -0.00188949 -0.00094859 -0.13360790 3.08179 
0.120 0.00582099 5 7833684.50 21197.15 492093.84 930181.92 882942.35 5507269.24 602974228.88 -0.00156637 -0.00574278 -0.00302132 -0.00225044 -0.00151513 -0.00259288 -0.00264983 -0.00262111 -0.00252625 -0.00236875 -0.00215582 -0.00189797 -0.00160930 -0.00130590 -0.00100535 -0.00072565 -0.00048339 -0.00028882 -0.00002579 0.00006477 0.00000918 -0.00000505 0.00000396 -0.00000236 -0.00000511 -0.00018945 -0.00240256 -0.00122690 -0.17418102 4.10906 
0.150 0.00690655 5 9694498.98 131854.31 844901.99 1117569.86 1079348.35 6520824.48 725484973.94 -0.00176260 -0.00680697 -0.00359319 -0.00270335 -0.00187670 -0.00336250 -0.00342393 -0.00337161 -0.00323173 -0.00301028 -0.00271774 -0.00236836 -0.00198143 -0.00158107 -0.00119259 -0.00083834 -0.00053729 -0.00030155 0.00000029 0.00008388 0.00000909 -0.00000506 0.00000817 -0.00000073 -0.00000493 -0.00023564 -0.00287848 -0.00147454 -0.21144374 5.13632 
0.180 0.00769932 5 10537729.98 111639.80 863666.05 1157939.80 1197569.55 7206914.78 795855491.87 -0.00192532 -0.00756365 -0.00407211 -0.00293443 -0.00203339 -0.00432257 -0.00446616 -0.00447524 -0.00439093 -0.00421534 -0.00395274 -0.00361019 -0.00319994 -0.00274107 -0.00225754 -0.00177494 -0.00131982 -0.00091626 -0.00025926 0.00010343 0.00004205 0.00000088 0.00000824 -0.00000057 -0.00000455 -0.00036742 -0.00318824 -0.00168975 -0.24547007 6.16359 
0.210 0.00830205 5 9972184.70 318335.36 654897.94 461041.59 1152534.77 7385375.03 765168036.07 -0.00144342 -0.00797304 -0.00512447 -0.00283856 -0.00187529 -0.00434053 -0.00450388 -0.00453736 -0.00448381 -0.00434337 -0.00411740 -0.00380947 -0.00342661 -0.00298259 -0.00249892 -0.00200264 -0.00152313 -0.00108675 -0.00034164 0.00010318 0.00005219 0.00000366 0.00000820 0.00000020 -0.00000347 -0.00038952 -0.00330775 -0.00175752 -0.26085910 7.19085 
0.240 0.00882748 5 5797729.43 -728531.97 -1486355.49 -397843.71 637893.15 7772567.45 648701327.32 -0.00292150 -0.00872676 -0.00434057 -0.00266590 -0.00130135 -0.00083658 -0.00084295 -0.00084996 -0.00085769 -0.00086469 -0.00086873 -0.00086712 -0.00085543 -0.00082381 -0.00076203 -0.00066864 -0.00055147 -0.00042564 -0.00017136 0.00001621 0.00001301 0.00000002 0.00000389 -0.00000307 -0.00000549 -0.00009567 -0.00310578 -0.00150674 -0.18921088 8.21812 
0.270 0.00960197 5 6496593.14 -707278.48 -1336267.79 -462356.18 807987.47 8194508.12 698554069.13 -0.00309413 -0.00939362 -0.00497588 -0.00287484 -0.00144666 -0.00117327 -0.00118822 -0.00119467 -0.00119553 -0.00118940 -0.00117418 -0.00114733 -0.00110581 -0.00104484 -0.00095644 -0.00083763 -0.00069409 -0.00054025 -0.00022273 0.00001806 0.00001841 0.00000187 0.00000560 -0.00000261 -0.00000560 -0.00012681 -0.00342048 -0.00167080 -0.21375579 9.24538 
0.300 0.01051597 5 6896745.68 -430410.50 -1156048.05 -917145.91 759863.21 8640486.93 715625733.49 -0.00291183 -0.01015430 -0.00588279 -0.00290460 -0.00147106 -0.00150907 -0.00154065 -0.00155398 -0.00155512 -0.00154269 -0.00151463 -0.00146846 -0.00140142 -0.00131054 -0.00119172 -0.00104212 -0.00086677 -0.00067991 -0.00028744 0.00001931 0.00002592 0.00000420 0.00000672 -0.00000202 -0.00000533 -0.00016195 -0.00367308 -0.00180788 -0.23635854 10.27265 
0.330 0.01142116 5 7292585.84 -312264.87 -1057165.07 -954923.19 604771.25 9012167.72 737871899.37 -0.00269515 -0.01095630 -0.00688025 -0.00300109 -0.00152544 -0.00185480 -0.00190126 -0.00191976 -0.00192012 -0.00190098 -0.00186034 -0.00179571 -0.00170442 -0.00158402 -0.00143262 -0.00125009 -0.00104231 -0.00082299 -0.00035665 0.00001855 0.00003342 0.00000654 0.00000758 -0.00000139 -0.00000488 -0.00019799 -0.00396963 -0.00196605 -0.26310797 11.29991 
0.360 0.01202503 5 7413623.41 -240012.44 -1010039.63 -1063034.17 549286.88 9177422.77 744036381.27 -0.00261424 -0.01151689 -0.00757166 -0.00303428 -0.00153417 -0.00194106 -0.00198983 -0.00200944 -0.00201044 -0.00199144 -0.00195040 -0.00188482 -0.00179196 -0.00166931 -0.00151510 -0.00132937 -0.00111746 -0.00089162 -0.00039827 0.00001306 0.00003672 0.00000815 0.00000822 -0.00000085 -0.00000442 -0.00020953 -0.00416396 -0.00206327 -0.27840868 12.32718 
0.390 0.01332751 5 -7671238.23 37130.27 150416.32 145208.48 -691910.62 -7312082.67 -668467330.16 -0.00220612 0.01332751 0.01228414 0.00254745 0.00127898 0.00447167 0.00467919 0.00477392 0.00481030 0.00478736 0.00470372 0.00455762 0.00434712 0.00407060 0.00372813 0.00332349 0.00286594 0.00237630 0.00123524 0.00010477 -0.00009402 -0.00003000 -0.00000440 0.00000188 0.00000089 0.00052328 0.00454175 0.00240705 0.38564243 13.35444 
0.420 0.01553354 5 -6899188.79 32863.24 512560.32 992825.87 -872500.82 -7564937.39 -647320443.35 -0.00356774 0.01553354 0.01423680 0.00251981 0.00122346 0.00443934 0.00463851 0.00473614 0.00478196 0.00477495 0.00471366 0.00459613 0.00442001 0.00418278 0.00388288 0.00352137 0.00310291 0.00264055 0.00147968 0.00019750 -0.00010265 -0.00004205 -0.00000431 0.00000167 -0.00000012 0.00054499 0.00494379 0.00260704 0.42225741 14.38171 
0.450 0.01666407 5 -6281372.59 589649.65 948062.37 764915.31 -1209842.93 -7374156.99 -652658445.56 -0.00396627 0.01666407 0.01518786 0.00237725 0.00137054 0.00378066 0.00389229 0.00393999 0.00395543 0.00393764 0.00388501 0.00379528 0.00366555 0.00349210 0.00327138 0.00300180 0.00268438 0.00232424 0.00135211 0.00020637 -0.00008231 -0.00003831 -0.00000531 0.00000248 0.00000140 0.00046228 0.00519005 0.00267855 0.43146594 15.40897 
0.480 0.01681711 5 5930513.84 -271766.38 -1156636.61 -1307352.04 528884.03 8137384.84 635311146.40 0.00261213 -0.01592948 -0.01468176 -0.00393041 -0.00080187 -0.00210839 -0.00223363 -0.00231614 -0.00238521 -0.00243929 -0.00247610 -0.00249279 -0.00248627 -0.00245366 -0.00239208 -0.00229717 -0.00216271 -0.00198353 -0.00133739 -0.00028538 0.00008829 0.00004527 0.00000358 -0.00000275 -0.00000185 -0.00033176 -0.00535254 -0.00268539 -0.42325188 16.43624 
0.510 0.01791339 5 3850279.91 -454568.09 -1598069.83 -2331486.33 556547.26 7677856.90 529635770.44 0.00468670 -0.01692912 -0.01671995 -0.00531810 -0.00055876 -0.00025812 -0.00029269 -0.00033054 -0.00038067 -0.00044157 -0.00051094 -0.00058593 -0.00066343 -0.00074053 -0.00081420 -0.00087960 -0.00092951 -0.00095678 -0.00086865 -0.00036382 0.00001264 0.00003747 0.00000377 -0.00000165 -0.00000099 -0.00011974 -0.00582556 -0.00279450 -0.45949173 17.46350 
0.540 0.01727359 4 2892797.94 -682352.89 -1824471.90 -2504255.18 720292.80 7183585.10 482193945.82 0.00619642 -0.01614718 -0.01727359 -0.00654998 -0.00081351 0.00039997 0.00042053 0.00041538 0.00038712 0.00033724 0.00026807 0.00018246 0.00008345 -0.00002639 -0.00014452 -0.00026603 -0.00038273 -0.00048591 -0.00062299 -0.00040190 -0.00004057 0.00002906 0.00000427 -0.00000079 -0.00000066 -0.00003321 -0.00604995 -0.00285372 -0.49404347 18.49077 
0.570 0.01782695 4 2464491.90 -739619.55 -1997914.36 -2593125.73 697789.40 7097362.13 463007987.44 0.00694734 -0.01644432 -0.01782695 -0.00691416 -0.00113111 0.00057336 0.00064489 0.00067568 0.00067728 0.00065118 0.00059968 0.00052561 0.00043176 0.00031991 0.00019144 0.00005107 -0.00009163 -0.00022565 -0.00045728 -0.00038013 -0.00005268 0.00002443 0.00000432 -0.00000030 -0.00000047 0.00000903 -0.00628314 -0.00294059 -0.51695740 19.51803 
0.600 0.01884294 5 -7169063.57 35938.95 1122763.66 550723.55 -925184.18 -7953305.55 -689164944.64 -0.00579286 0.01884294 0.01721725 0.00592554 0.00254384 0.00471986 0.00489241 0.00498320 0.00503304 0.00504155 0.00500791 0.00493091 0.00480802 0.00463412 0.00440256 0.00411025 0.00376084 0.00336165 0.00218199 0.00040177 -0.00024979 -0.00010932 0.00000146 0.00000879 0.00000101 0.00062076 0.00682459 0.00352897 0.60058633 20.54530 
0.630 0.02031443 4 7231691.06 -99438.00 -245747.90 -366939.23 1033779.92 6910036.26 643465592.65 0.01088593 -0.01613881 -0.02031443 -0.01314376 -0.00187500 -0.00303576 -0.00339847 -0.00364948 -0.00385637 -0.00401868 -0.00413565 -0.00420657 -0.00423141 -0.00421207 -0.00415107 -0.00404617 -0.00388783 -0.00366395 -0.00275111 -0.00097525 -0.00001084 0.00008076 0.00000283 -0.00000743 -0.00000306 -0.00060396 -0.00809134 -0.00411387 -0.79170586 21.57256 
0.660 0.02213458 4 7570194.76 54170.11 52777.70 -475892.47 847935.64 7091203.78 649513669.50 0.01272817 -0.01787733 -0.02213458 -0.01487671 -0.00230645 -0.00330675 -0.00368396 -0.00394027 -0.00414708 -0.00430429 -0.00441178 -0.00446981 -0.00447972 -0.00444514 -0.00437051 -0.00425525 -0.00409053 -0.00386412 -0.00295716 -0.00112849 -0.00004839 0.00008689 0.00000377 -0.00000803 -0.00000344 -0.00064835 -0.00895262 -0.00454119 -0.88130559 22.59982 
0.690 0.02415562 4 -6975962.74 352912.59 692828.51 334874.97 -1353288.27 -7003290.54 -661869763.45 -0.01281981 0.02335307 0.02393356 0.01161572 0.00346925 0.00475354 0.00496598 0.00508478 0.00516031 0.00519209 0.00517914 0.00511981 0.00501062 0.00484482 0.00461414 0.00431504 0.00395219 0.00353472 0.00229369 0.00041732 -0.00026059 -0.00011384 0.00000254 0.00000944 0.00000118 0.00064457 0.00940441 0.00475098 0.88120010 23.62709 
