0.001 0.00011641 4 30447.55 -5303.97 -14278.90 -5701.08 4385.65 51345.86 3997186.83 0.00000038 -0.00004842 -0.00011641 -0.00002928 0.00000721 0.00005737 0.00006126 0.00005695 0.00005101 0.00004409 0.00003652 0.00002888 0.00002169 0.00001526 0.00000969 0.00000492 0.00000094 -0.00000229 -0.00000472 0.00000055 0.00001028 0.00000002 -0.00001036 -0.00000145 0.00000188 0.00000377 -0.00003193 -0.00001297 -0.00221011 0.06113 
0.030 0.00161741 5 893819.65 -193500.27 -376440.71 -130739.74 137148.36 1457352.00 116814715.03 -0.00042483 -0.00154743 -0.00086975 -0.00049368 -0.00019646 0.00005669 0.00006977 0.00007138 0.00006860 0.00006278 0.00005475 0.00004524 0.00003528 0.00002573 0.00001715 0.00000980 0.00000380 -0.00000092 -0.00000535 -0.00000171 0.00000602 -0.00000174 -0.00000949 -0.00000254 0.00000033 0.00000460 -0.00054999 -0.00025538 -0.03235325 1.83401 
0.060 0.00294120 5 -1873713.85 71678.07 -159281.85 608909.53 205327.37 -2600346.97 -182457714.86 0.00136073 0.00294120 0.00114051 0.00052460 0.00038453 0.00036150 0.00036480 0.00035579 0.00034202 0.00032253 0.00029588 0.00026061 0.00021787 0.00017180 0.00012689 0.00008635 0.00005237 0.00002571 -0.00000619 -0.00000831 0.00000824 -0.00000071 -0.00001212 -0.00000286 0.00000077 0.00002553 0.00092086 0.00044524 0.04729710 3.66803 
0.090 0.00426330 5 -2881440.49 145232.26 -317862.78 790522.44 271382.85 -3770715.25 -273951436.26 0.00195277 0.00426330 0.00169307 0.00079489 0.00059118 0.00063021 0.00063974 0.00063098 0.00061397 0.00058775 0.00055038 0.00049945 0.00043410 0.00035747 0.00027643 0.00019874 0.00013071 0.00007548 0.00000226 -0.00001732 0.00000537 -0.00000072 -0.00001252 -0.00000330 0.00000026 0.00004842 0.00136172 0.00066406 0.07245130 5.50204 
0.120 0.00554322 5 -3874332.33 212782.45 -466020.47 933651.18 330777.31 -4885522.80 -362845704.07 0.00252725 0.00554322 0.00222354 0.00106375 0.00079689 0.00090853 0.00092459 0.00091577 0.00089465 0.00086035 0.00081125 0.00074501 0.00065940 0.00055613 0.00044189 0.00032741 0.00022380 0.00013752 0.00001658 -0.00002630 0.00000191 -0.00000078 -0.00001279 -0.00000359 -0.00000012 0.00007277 0.00179166 0.00087854 0.09730341 7.33606 
0.150 0.00679884 5 -4827199.09 256625.14 -525881.61 1040864.18 359810.23 -5958617.04 -449527891.96 0.00309748 0.00679884 0.00275386 0.00134815 0.00099423 0.00116111 0.00118334 0.00117484 0.00115052 0.00111017 0.00105241 0.00097527 0.00087651 0.00075589 0.00061841 0.00047464 0.00033840 0.00022052 0.00004398 -0.00003345 -0.00000252 -0.00000117 -0.00001298 -0.00000376 -0.00000039 0.00009698 0.00221949 0.00109196 0.12219777 9.17007 
0.180 0.00802670 5 -5728905.94 333609.43 -544580.49 1086946.62 360900.69 -6965782.20 -534420489.22 0.00366719 0.00802670 0.00328295 0.00166043 0.00119710 0.00138966 0.00141697 0.00140885 0.00138185 0.00133605 0.00127098 0.00118604 0.00107891 0.00094741 0.00079428 0.00062871 0.00046493 0.00031741 0.00008196 -0.00003822 -0.00000750 -0.00000186 -0.00001315 -0.00000384 -0.00000055 0.00012038 0.00265263 0.00130744 0.14772233 11.00409 
0.210 0.00922194 5 -6618889.76 393333.84 -560034.32 1084326.15 355199.81 -7891715.25 -615286237.35 0.00420784 0.00922194 0.00380455 0.00198004 0.00140282 0.00165191 0.00168696 0.00168096 0.00165243 0.00160162 0.00152855 0.00143327 0.00131514 0.00117162 0.00100239 0.00081474 0.00062236 0.00044179 0.00013488 -0.00004191 -0.00001385 -0.00000293 -0.00001324 -0.00000384 -0.00000065 0.00014839 0.00308105 0.00152315 0.17389156 12.83810 
0.240 0.01042723 5 -7523024.45 470704.59 -611233.58 1043467.05 326047.86 -8752010.37 -695252541.99 0.00472174 0.01042723 0.00434009 0.00230742 0.00162274 0.00194245 0.00198559 0.00198173 0.00195133 0.00189470 0.00181197 0.00170334 0.00156889 0.00140802 0.00121985 0.00100977 0.00079060 0.00057942 0.00019906 -0.00004266 -0.00002072 -0.00000435 -0.00001331 -0.00000378 -0.00000070 0.00017918 0.00351685 0.00174380 0.20124404 14.67212 
0.270 0.01181312 5 -8502532.84 446693.19 -616147.80 935270.05 326198.95 -9594547.24 -773891151.42 0.00496706 0.01181312 0.00515859 0.00263194 0.00183055 0.00237899 0.00243870 0.00244132 0.00241025 0.00234587 0.00224852 0.00211867 0.00195685 0.00176365 0.00154020 0.00129120 0.00102930 0.00077259 0.00028845 -0.00004413 -0.00003042 -0.00000629 -0.00001337 -0.00000365 -0.00000070 0.00022535 0.00399156 0.00199086 0.23533498 16.50613 
0.300 0.01301743 5 -9135203.74 458048.64 -130670.31 562313.82 202305.39 -10227201.28 -842098780.40 0.00468469 0.01301743 0.00611893 0.00301246 0.00195323 0.00273586 0.00282042 0.00284010 0.00282093 0.00276331 0.00266767 0.00253462 0.00236480 0.00215892 0.00191813 0.00164616 0.00135303 0.00105591 0.00044625 -0.00003358 -0.00004546 -0.00001041 -0.00001327 -0.00000329 -0.00000062 0.00027569 0.00439851 0.00220837 0.27116306 18.34015 
0.330 0.01413930 5 -9487532.21 316047.70 314981.08 -39050.21 267577.47 -10347088.26 -866046538.90 0.00389530 0.01413930 0.00760095 0.00322449 0.00194288 0.00317122 0.00328779 0.00332924 0.00332585 0.00327805 0.00318640 0.00305169 0.00287486 0.00265688 0.00239901 0.00210372 0.00177769 0.00143694 0.00068034 -0.00000759 -0.00006848 -0.00001758 -0.00001251 -0.00000254 -0.00000055 0.00034062 0.00476063 0.00241262 0.31087399 20.17416 
0.360 0.01474596 5 -9906889.91 206883.46 736351.37 -580425.38 -45355.39 -10224343.97 -893629937.74 0.00303945 0.01474596 0.00879772 0.00346478 0.00196228 0.00366331 0.00381918 0.00388687 0.00390273 0.00386725 0.00378115 0.00364555 0.00346186 0.00323166 0.00295680 0.00263977 0.00228514 0.00190473 0.00099496 0.00004417 -0.00010214 -0.00002967 -0.00001077 -0.00000122 -0.00000052 0.00041796 0.00502769 0.00257889 0.34815510 22.00818 
0.390 0.01545283 5 -10532950.87 93986.01 704725.43 -1226932.81 -646694.57 -9458034.93 -905791740.26 0.00109435 0.01545283 0.01113544 0.00353979 0.00200652 0.00489244 0.00509864 0.00518647 0.00520595 0.00515787 0.00504340 0.00486435 0.00462301 0.00432209 0.00396486 0.00355561 0.00310082 0.00261415 0.00143218 0.00011618 -0.00015000 -0.00004730 -0.00000716 0.00000081 -0.00000065 0.00056497 0.00538474 0.00282437 0.41242217 23.84219 
0.420 0.01693612 5 -10856173.20 345788.24 -535156.26 -1334649.32 -1391845.42 -7940310.44 -871511588.13 -0.00355818 0.01693612 0.01505875 0.00295065 0.00216147 0.00723686 0.00752361 0.00764243 0.00766124 0.00758101 0.00740331 0.00713041 0.00676518 0.00631103 0.00577248 0.00515668 0.00447694 0.00376070 0.00207429 0.00020858 -0.00022025 -0.00007402 -0.00000497 0.00000291 -0.00000085 0.00082726 0.00569493 0.00310911 0.50892968 25.67621 
0.450 0.01845514 5 -10208529.47 -393733.35 149648.45 -797403.22 -1138061.39 -8028979.96 -812809655.78 -0.00436119 0.01845514 0.01600362 0.00252511 0.00207103 0.00741248 0.00771773 0.00785665 0.00789789 0.00784234 0.00769154 0.00744765 0.00711333 0.00669152 0.00618591 0.00560210 0.00494926 0.00424561 0.00249069 0.00036597 -0.00024915 -0.00009930 -0.00000177 0.00000554 -0.00000090 0.00088696 0.00579470 0.00318760 0.52124904 27.51022 
0.480 0.01942377 5 -9606239.41 -516163.03 374902.51 -223816.05 -972313.16 -8268849.68 -784647154.49 -0.00449729 0.01942377 0.01618199 0.00200964 0.00219982 0.00749626 0.00778219 0.00791349 0.00795762 0.00791526 0.00778753 0.00757599 0.00728220 0.00690725 0.00645229 0.00592039 0.00531796 0.00465632 0.00290100 0.00055573 -0.00027408 -0.00013108 0.00000076 0.00000869 -0.00000067 0.00092988 0.00581782 0.00322123 0.52169119 29.34423 
0.510 0.01978382 5 -8982744.16 -239764.92 363132.06 226068.44 -814964.66 -8517215.07 -770972655.76 -0.00417637 0.01978382 0.01579652 0.00150133 0.00249548 0.00743572 0.00767219 0.00777687 0.00780895 0.00776894 0.00765751 0.00747556 0.00722341 0.00689988 0.00650298 0.00603278 0.00549402 0.00489553 0.00322058 0.00075206 -0.00027826 -0.00015866 0.00000244 0.00001148 -0.00000032 0.00094633 0.00578055 0.00321250 0.51348276 31.17825 
0.540 0.02122165 4 -12064946.92 -4750907.45 -8372257.93 -6139100.98 1946483.56 5250835.89 2557445.17 0.00748014 -0.01903161 -0.02122165 -0.00529168 0.00013794 0.01243563 0.01332831 0.01373537 0.01385239 0.01368976 0.01326481 0.01260129 0.01172959 0.01068630 0.00951284 0.00825500 0.00696115 0.00568069 0.00289370 0.00012689 -0.00036010 -0.00010147 0.00000368 0.00000998 0.00000216 0.00139457 -0.00612389 -0.00212991 -0.34343790 33.01226 
0.570 0.02308084 4 -12981789.32 -5141777.09 -8517957.93 -6238135.66 2256312.06 4659769.30 -36688352.39 0.00912788 -0.02020585 -0.02308084 -0.00597902 0.00012062 0.01324375 0.01419224 0.01463355 0.01477443 0.01462515 0.01420294 0.01353154 0.01264129 0.01156859 0.01035453 0.00904482 0.00768836 0.00633601 0.00333496 0.00022917 -0.00040586 -0.00012845 0.00000521 0.00001262 0.00000264 0.00151301 -0.00656197 -0.00227235 -0.38008676 34.84628 
0.600 0.02451476 4 -13541471.22 -5781109.23 -8351323.94 -6041564.60 2596761.89 4035764.65 -51782402.80 0.01067816 -0.02078909 -0.02451476 -0.00677484 -0.00005941 0.01373362 0.01471425 0.01517489 0.01532927 0.01518750 0.01476670 0.01409051 0.01318911 0.01209865 0.01085981 0.00951795 0.00812222 0.00672442 0.00358667 0.00026624 -0.00044906 -0.00014771 0.00000685 0.00001454 0.00000298 0.00158197 -0.00695675 -0.00242078 -0.42153020 36.68029 
0.630 0.02487431 4 -13616598.73 -6597100.06 -7917362.25 -5325426.84 3066257.22 3157033.21 -44271252.87 0.01229420 -0.01980918 -0.02487431 -0.00781074 -0.00061503 0.01345269 0.01442616 0.01488117 0.01503224 0.01488945 0.01446995 0.01379740 0.01290207 0.01182016 0.01059244 0.00926434 0.00788497 0.00650589 0.00342471 0.00021089 -0.00043923 -0.00013800 0.00000606 0.00001359 0.00000311 0.00154210 -0.00717685 -0.00254514 -0.47186578 38.51431 
