0.001 0.00011419 4 65127.84 1356.79 3937.38 6124.62 6720.19 46988.85 4984775.32 0.00000202 -0.00004277 -0.00011419 -0.00003177 0.00000150 0.00004402 0.00004815 0.00004475 0.00004009 0.00003468 0.00002878 0.00002281 0.00001718 0.00001213 0.00000768 0.00000379 0.00000044 -0.00000237 -0.00000445 0.00000065 0.00001011 -0.00000012 -0.00001041 -0.00000152 0.00000182 0.00000308 -0.00003345 -0.00001405 -0.00248137 0.04871 
0.030 0.00144403 5 1816356.11 47972.81 89468.06 167745.52 188940.68 1322229.05 139373284.04 -0.00038703 -0.00137442 -0.00079119 -0.00053220 -0.00033215 -0.00041598 -0.00041004 -0.00039298 -0.00036257 -0.00032056 -0.00027043 -0.00021690 -0.00016468 -0.00011749 -0.00007764 -0.00004620 -0.00002322 -0.00000789 0.00000674 0.00000684 0.00000426 -0.00000302 -0.00000802 -0.00000302 -0.00000097 -0.00002270 -0.00057544 -0.00028181 -0.03927476 1.46132 
0.060 0.00262465 5 3479671.16 85225.14 188706.87 349093.53 374887.54 2481758.09 265485745.08 -0.00068585 -0.00255193 -0.00139612 -0.00098388 -0.00064306 -0.00105346 -0.00107167 -0.00105637 -0.00101221 -0.00094028 -0.00084344 -0.00072641 -0.00059647 -0.00046338 -0.00033793 -0.00022828 -0.00013945 -0.00007268 0.00000746 0.00002454 0.00000410 -0.00000457 -0.00000496 -0.00000327 -0.00000263 -0.00007152 -0.00106197 -0.00053582 -0.07570019 2.92263 
0.090 0.00373999 5 5084539.09 136612.79 285566.12 532025.03 556834.16 3573500.98 385493685.88 -0.00096110 -0.00366466 -0.00196741 -0.00141334 -0.00094277 -0.00173167 -0.00178193 -0.00177544 -0.00172517 -0.00163215 -0.00149901 -0.00133088 -0.00113575 -0.00092481 -0.00071168 -0.00051153 -0.00033884 -0.00020110 -0.00001663 0.00004590 0.00000829 -0.00000516 -0.00000191 -0.00000314 -0.00000373 -0.00013066 -0.00152471 -0.00078416 -0.11184136 4.38395 
0.120 0.00485575 5 7125360.23 214087.91 697817.86 821607.34 749594.77 4642252.34 519679336.69 -0.00125530 -0.00477880 -0.00253429 -0.00188505 -0.00133632 -0.00238961 -0.00244312 -0.00241082 -0.00231137 -0.00214958 -0.00193445 -0.00167825 -0.00139733 -0.00111016 -0.00083438 -0.00058573 -0.00037769 -0.00021494 -0.00000439 0.00005677 0.00000564 -0.00000463 0.00000455 -0.00000129 -0.00000400 -0.00016787 -0.00202892 -0.00104029 -0.14920986 5.84527 
0.150 0.00595664 5 8515733.20 188597.38 762274.15 969280.24 912100.46 5683480.96 630944675.57 -0.00153193 -0.00587553 -0.00308359 -0.00228725 -0.00160754 -0.00316980 -0.00326202 -0.00324782 -0.00315519 -0.00298752 -0.00275157 -0.00245686 -0.00211806 -0.00175498 -0.00138923 -0.00104142 -0.00073086 -0.00047220 -0.00009179 0.00007743 0.00001857 -0.00000292 0.00000661 -0.00000061 -0.00000382 -0.00024693 -0.00247208 -0.00129003 -0.18578849 7.30658 
0.180 0.00678336 5 9599926.65 226688.21 774284.38 1089777.24 1055385.22 6453791.60 714501686.45 -0.00169520 -0.00667965 -0.00350645 -0.00258423 -0.00179881 -0.00396586 -0.00411023 -0.00412708 -0.00405567 -0.00389814 -0.00365894 -0.00334480 -0.00296688 -0.00254266 -0.00209509 -0.00164953 -0.00123117 -0.00086113 -0.00025533 0.00008978 0.00003850 0.00000085 0.00000766 -0.00000023 -0.00000346 -0.00034107 -0.00279848 -0.00149304 -0.21697734 8.76790 
0.210 0.00793955 5 10517170.03 419099.21 593459.99 1046250.27 1249281.44 7209079.11 786045743.39 -0.00153567 -0.00766403 -0.00469152 -0.00292852 -0.00195650 -0.00506439 -0.00529757 -0.00537797 -0.00536283 -0.00525132 -0.00504294 -0.00473792 -0.00433998 -0.00386057 -0.00332040 -0.00274782 -0.00217567 -0.00163569 -0.00062650 0.00008765 0.00007895 0.00001009 0.00000644 -0.00000147 -0.00000437 -0.00049537 -0.00326406 -0.00179326 -0.26937643 10.22921 
0.240 0.00924939 5 11082412.90 463629.48 623689.20 1058806.90 1404012.47 7532274.84 826690807.21 -0.00061521 -0.00877786 -0.00722076 -0.00322481 -0.00204331 -0.00574665 -0.00601646 -0.00611899 -0.00611987 -0.00601807 -0.00581262 -0.00550287 -0.00509060 -0.00458406 -0.00400165 -0.00337193 -0.00272975 -0.00210999 -0.00088919 0.00006520 0.00010331 0.00001779 0.00000658 -0.00000128 -0.00000369 -0.00058612 -0.00388126 -0.00213081 -0.33648797 11.69053 
0.270 0.01162215 5 8988872.84 239151.61 -210528.28 -61814.55 1386966.09 7635097.98 749107409.93 0.00126529 -0.01095870 -0.01114754 -0.00326561 -0.00168374 -0.00482540 -0.00505480 -0.00516102 -0.00519787 -0.00516399 -0.00505751 -0.00487622 -0.00461798 -0.00428156 -0.00386910 -0.00339076 -0.00286644 -0.00232498 -0.00112716 -0.00001833 0.00011379 0.00002766 0.00000524 -0.00000159 -0.00000280 -0.00054332 -0.00452616 -0.00241038 -0.39462746 13.15185 
0.300 0.01421993 5 7544610.76 -172208.03 -383167.12 -564092.76 1033053.12 7631025.55 690898372.22 0.00301018 -0.01340446 -0.01373302 -0.00400914 -0.00153448 -0.00388553 -0.00407858 -0.00418179 -0.00423650 -0.00424127 -0.00419407 -0.00409236 -0.00393335 -0.00371433 -0.00343357 -0.00309185 -0.00269499 -0.00226021 -0.00119866 -0.00008729 0.00010698 0.00003212 0.00000441 -0.00000224 -0.00000284 -0.00047403 -0.00517170 -0.00267618 -0.44633368 14.61316 
0.330 0.02128794 5 -7065571.20 246079.82 915260.46 859158.41 -862855.36 -8223214.53 -697758249.89 -0.00382366 0.02128794 0.01763044 0.00269599 0.00124061 0.00342312 0.00351182 0.00353226 0.00351656 0.00346370 0.00337203 0.00323939 0.00306323 0.00284100 0.00257139 0.00225585 0.00190014 0.00151934 0.00065075 -0.00010688 -0.00010771 -0.00001591 -0.00000615 -0.00000061 0.00000005 0.00035405 0.00614766 0.00306996 0.46893486 16.07448 
0.360 0.02603149 5 -5041160.61 636870.68 2001213.92 1173464.00 -823593.95 -8029115.25 -627485382.62 -0.00633507 0.02603149 0.02177047 0.00375514 0.00099254 0.00161110 0.00160347 0.00158479 0.00156501 0.00154306 0.00151704 0.00148431 0.00144136 0.00138400 0.00130824 0.00121132 0.00109150 0.00094789 0.00051588 -0.00002393 -0.00008812 -0.00002004 -0.00000544 -0.00000044 -0.00000039 0.00017681 0.00724897 0.00349207 0.54118267 17.53580 
0.390 0.02798719 5 7104085.39 -314696.17 -828043.93 -762496.04 1049357.64 7959963.89 696046170.39 0.00842769 -0.02662160 -0.02490272 -0.00716302 -0.00150141 -0.00310841 -0.00328144 -0.00339094 -0.00346952 -0.00351581 -0.00352767 -0.00350242 -0.00343683 -0.00332726 -0.00317005 -0.00296190 -0.00270040 -0.00238714 -0.00146482 -0.00023753 0.00010830 0.00004533 0.00000301 -0.00000454 -0.00000365 -0.00043654 -0.00870167 -0.00431104 -0.71897778 18.99711 
