0.001 0.00010666 4 48472.12 1253.83 4028.01 5039.58 4995.91 33154.79 3612301.66 0.00000666 -0.00002793 -0.00010666 -0.00002637 0.00000489 0.00004765 0.00005165 0.00004797 0.00004292 0.00003705 0.00003065 0.00002420 0.00001812 0.00001269 0.00000794 0.00000384 0.00000036 -0.00000254 -0.00000466 0.00000047 0.00000986 -0.00000029 -0.00001048 -0.00000163 0.00000171 0.00000320 -0.00002756 -0.00001122 -0.00210133 0.06820 
0.030 0.00114120 5 732774.01 -67405.71 -147593.83 -85210.20 52863.59 980120.16 79246583.87 -0.00037681 -0.00107243 -0.00060672 -0.00032285 -0.00014506 -0.00000427 0.00000510 0.00000696 0.00000784 0.00000806 0.00000765 0.00000678 0.00000563 0.00000431 0.00000284 0.00000122 -0.00000048 -0.00000220 -0.00000358 0.00000030 0.00000786 -0.00000108 -0.00000983 -0.00000199 0.00000109 0.00000092 -0.00039126 -0.00018292 -0.02266791 2.04586 
0.060 0.00219558 5 1462305.82 -127510.04 -299279.03 -156905.99 111407.11 1934593.77 157285169.49 -0.00076126 -0.00212462 -0.00111447 -0.00063112 -0.00030332 -0.00007774 -0.00006335 -0.00005548 -0.00004782 -0.00003984 -0.00003181 -0.00002421 -0.00001747 -0.00001188 -0.00000761 -0.00000471 -0.00000306 -0.00000249 -0.00000198 0.00000053 0.00000550 -0.00000202 -0.00000896 -0.00000248 0.00000021 -0.00000274 -0.00076326 -0.00035926 -0.04405513 4.09173 
0.090 0.00320266 5 2188302.08 -180808.86 -445873.80 -207578.82 175029.94 2847533.62 233379468.35 -0.00112883 -0.00312883 -0.00160038 -0.00092956 -0.00045814 -0.00021352 -0.00020206 -0.00019463 -0.00018578 -0.00017373 -0.00015743 -0.00013625 -0.00011173 -0.00008667 -0.00006335 -0.00004326 -0.00002728 -0.00001560 -0.00000131 0.00000393 0.00000406 -0.00000289 -0.00000789 -0.00000286 -0.00000066 -0.00001331 -0.00112212 -0.00053309 -0.06554051 6.13759 
0.120 0.00422303 5 -5384685.68 -136442.29 -245149.85 -427902.25 -522411.34 -4052779.95 -417669178.20 0.00125417 0.00422303 0.00199851 0.00147205 0.00100672 0.00196561 0.00202524 0.00201347 0.00195463 0.00184998 0.00170272 0.00151800 0.00130451 0.00107388 0.00083907 0.00061510 0.00041668 0.00025387 0.00002873 -0.00005232 -0.00000780 0.00000027 -0.00000955 -0.00000328 -0.00000106 0.00015005 0.00165592 0.00085596 0.11800407 8.18346 
0.150 0.00524916 5 -7041886.59 -303755.88 -340835.74 -629658.28 -715078.14 -5052558.55 -531658733.84 0.00151108 0.00524916 0.00251621 0.00186109 0.00128644 0.00288174 0.00298776 0.00299280 0.00293255 0.00280784 0.00262123 0.00237705 0.00208460 0.00175917 0.00141977 0.00108583 0.00077707 0.00051113 0.00010937 -0.00007721 -0.00002171 -0.00000034 -0.00000946 -0.00000309 -0.00000094 0.00023696 0.00208596 0.00110373 0.15500691 10.22932 
0.180 0.00628773 5 -8857077.47 -441392.86 -590682.54 -855377.95 -904422.59 -6065201.53 -652484085.14 0.00171621 0.00628773 0.00305462 0.00226284 0.00160911 0.00400819 0.00416980 0.00419518 0.00413351 0.00398545 0.00375330 0.00344123 0.00305875 0.00262313 0.00215837 0.00169225 0.00125298 0.00086334 0.00023490 -0.00010247 -0.00004055 -0.00000206 -0.00000947 -0.00000281 -0.00000072 0.00034656 0.00253566 0.00137276 0.19664992 12.27519 
0.210 0.00750835 5 -10166660.41 -599716.26 -725974.89 -753619.83 -1084480.62 -7002868.81 -745388335.57 0.00170083 0.00750835 0.00405946 0.00255312 0.00183078 0.00504194 0.00525929 0.00531309 0.00526506 0.00511536 0.00486528 0.00451759 0.00407976 0.00356728 0.00300449 0.00242346 0.00185940 0.00134337 0.00044516 -0.00011360 -0.00006590 -0.00000660 -0.00000915 -0.00000238 -0.00000058 0.00046270 0.00300905 0.00165636 0.24220160 14.32105 
0.240 0.00910413 5 -10736910.86 -765146.63 -705452.07 -535151.14 -1240971.43 -7490189.59 -786774499.45 0.00048270 0.00910413 0.00703244 0.00275939 0.00187273 0.00600328 0.00627166 0.00635783 0.00633354 0.00619850 0.00595302 0.00559822 0.00513847 0.00458528 0.00396009 0.00329435 0.00262524 0.00199054 0.00079274 -0.00008627 -0.00009812 -0.00001602 -0.00000810 -0.00000152 -0.00000054 0.00058917 0.00369214 0.00204377 0.31855528 16.36692 
0.270 0.01066107 4 -10373639.02 -961743.31 -781061.20 -45150.67 -1363840.98 -7221842.85 -749188115.54 -0.00218652 0.01019363 0.01058971 0.00354679 0.00167239 0.00655114 0.00689053 0.00702864 0.00704946 0.00695255 0.00673797 0.00640620 0.00595995 0.00540773 0.00476772 0.00406843 0.00334487 0.00263580 0.00119961 -0.00000716 -0.00012431 -0.00002855 -0.00000602 -0.00000008 -0.00000042 0.00069338 0.00432547 0.00239602 0.40855848 18.41278 
0.300 0.01283821 4 -11035197.92 -401291.60 -1224277.77 -863274.05 -1487747.88 -7058606.63 -799853103.41 -0.00419146 0.01146335 0.01278414 0.00470032 0.00224412 0.00748012 0.00782372 0.00795781 0.00796859 0.00785576 0.00761958 0.00726073 0.00678232 0.00619297 0.00550978 0.00475981 0.00397650 0.00319747 0.00154906 0.00005689 -0.00014746 -0.00003907 -0.00000545 0.00000142 0.00000043 0.00080199 0.00511936 0.00282587 0.50460481 20.45864 
0.330 0.01739860 5 -8719273.26 -93645.70 -132490.51 -95888.82 -689564.90 -7707683.32 -724120710.60 -0.00512873 0.01739860 0.01637387 0.00547231 0.00194647 0.00558181 0.00585395 0.00598861 0.00605169 0.00604211 0.00595837 0.00579859 0.00556080 0.00524287 0.00484404 0.00436846 0.00382752 0.00324301 0.00181137 0.00023354 -0.00013447 -0.00005169 -0.00000333 0.00000370 0.00000127 0.00068191 0.00632151 0.00332562 0.56454094 22.50451 
0.360 0.01953206 5 -7723484.18 120741.42 102140.53 224356.21 -480894.93 -7689827.40 -683149970.11 -0.00721143 0.01953206 0.01860287 0.00798790 0.00190320 0.00443230 0.00471152 0.00487437 0.00498543 0.00504342 0.00504645 0.00499221 0.00487774 0.00469920 0.00445231 0.00413523 0.00375104 0.00330837 0.00206844 0.00043777 -0.00009826 -0.00006105 -0.00000354 0.00000470 0.00000165 0.00062417 0.00728277 0.00374557 0.65227775 24.55037 
0.390 0.01858423 4 -6391207.92 150329.00 441886.19 754166.55 -794884.96 -6942704.71 -602621475.84 -0.00924640 0.01686547 0.01833752 0.01061712 0.00182565 0.00316987 0.00346642 0.00366147 0.00381838 0.00393576 0.00401159 0.00404328 0.00402736 0.00395883 0.00383131 0.00364120 0.00339061 0.00308449 0.00210091 0.00055813 -0.00006863 -0.00006432 -0.00000278 0.00000588 0.00000225 0.00053396 0.00732727 0.00371850 0.69125905 26.59624 
0.420 0.01837723 4 -5730145.00 144895.45 644234.20 1032801.17 -615565.53 -6936510.29 -568322433.45 -0.00951920 0.01630188 0.01801522 0.01125859 0.00201679 0.00268042 0.00295042 0.00313516 0.00329191 0.00341928 0.00351521 0.00357693 0.00360040 0.00357851 0.00350127 0.00336347 0.00316957 0.00292809 0.00210874 0.00066232 -0.00003005 -0.00006391 -0.00000291 0.00000598 0.00000233 0.00049275 0.00738442 0.00372340 0.69957828 28.64210 
0.450 0.02054400 4 -8693218.25 205205.08 300826.09 -729175.77 -1211483.85 -7258589.80 -742270943.87 -0.01053091 0.01889953 0.02027000 0.01169198 0.00294174 0.00567171 0.00606107 0.00629782 0.00646884 0.00657271 0.00660743 0.00657045 0.00645786 0.00626211 0.00597266 0.00558638 0.00511189 0.00456578 0.00301133 0.00076526 -0.00012962 -0.00010156 -0.00000084 0.00000875 0.00000182 0.00084239 0.00840896 0.00438942 0.81996976 30.68797 
