0.001 0.00010398 4 46851.26 1762.54 4785.86 6951.87 5976.45 27374.53 3308561.30 0.00001139 -0.00002081 -0.00010398 -0.00002547 0.00000518 0.00004571 0.00004966 0.00004606 0.00004121 0.00003563 0.00002957 0.00002345 0.00001770 0.00001253 0.00000800 0.00000402 0.00000061 -0.00000225 -0.00000438 0.00000077 0.00001033 0.00000004 -0.00001035 -0.00000143 0.00000190 0.00000318 -0.00002551 -0.00001027 -0.00203280 0.04611 
0.030 0.00100832 5 -1328154.21 -44055.12 -61808.71 -113941.98 -145263.13 -963085.27 -101540504.72 0.00028176 0.00100832 0.00042716 0.00037129 0.00026782 0.00037816 0.00037727 0.00035502 0.00032081 0.00027788 0.00022967 0.00018041 0.00013388 0.00009275 0.00005846 0.00003143 0.00001137 -0.00000260 -0.00001392 -0.00000503 0.00000958 -0.00000045 -0.00001148 -0.00000238 0.00000121 0.00002001 0.00039473 0.00019567 0.02660427 1.38331 
0.060 0.00193323 5 -2686740.74 -92382.70 -153876.09 -272650.15 -303244.13 -1864587.66 -201976656.63 0.00051059 0.00193323 0.00090986 0.00074718 0.00052349 0.00075968 0.00075909 0.00072191 0.00066026 0.00057888 0.00048406 0.00038411 0.00028798 0.00020201 0.00012979 0.00007269 0.00003037 0.00000114 -0.00002416 -0.00001213 0.00000900 -0.00000025 -0.00001201 -0.00000303 0.00000055 0.00004111 0.00078426 0.00038948 0.05419248 2.76662 
0.090 0.00279161 5 -3982472.06 -147129.86 -248328.26 -421506.74 -457165.18 -2708342.02 -296700576.60 0.00070486 0.00279161 0.00136115 0.00109879 0.00076635 0.00115904 0.00116118 0.00111091 0.00102360 0.00090580 0.00076622 0.00061628 0.00046807 0.00033293 0.00021801 0.00012625 0.00005766 0.00000993 -0.00003380 -0.00002029 0.00000821 0.00000017 -0.00001233 -0.00000345 0.00000004 0.00006451 0.00114749 0.00057218 0.08055294 4.14993 
0.120 0.00365541 5 -5137619.37 -149587.36 -289856.28 -552594.66 -602138.13 -3543442.95 -387380099.89 0.00090859 0.00365541 0.00181345 0.00144666 0.00099595 0.00151047 0.00151563 0.00145500 0.00134544 0.00119443 0.00101299 0.00081582 0.00061875 0.00043673 0.00028175 0.00015927 0.00006895 0.00000711 -0.00004730 -0.00002745 0.00000814 0.00000071 -0.00001258 -0.00000374 -0.00000031 0.00008424 0.00150654 0.00075098 0.10600043 5.53324 
0.150 0.00455412 5 -6240284.44 -138718.44 -327771.55 -655857.26 -732847.83 -4385089.36 -476001206.93 0.00115355 0.00455412 0.00227351 0.00178953 0.00122369 0.00184133 0.00184860 0.00177865 0.00164988 0.00147008 0.00125125 0.00100931 0.00076299 0.00053102 0.00032941 0.00016981 0.00005562 -0.00001896 -0.00007463 -0.00003621 0.00000925 0.00000167 -0.00001284 -0.00000398 -0.00000055 0.00010159 0.00187322 0.00093209 0.13114298 6.91655 
0.180 0.00548044 5 -7344710.48 -154802.59 -360995.04 -733852.55 -855299.06 -5239761.24 -563723296.80 0.00140968 0.00548044 0.00274349 0.00212796 0.00144973 0.00222028 0.00223426 0.00215824 0.00201351 0.00180794 0.00155398 0.00126825 0.00097064 0.00068297 0.00042558 0.00021476 0.00006101 -0.00003828 -0.00010751 -0.00005019 0.00000980 0.00000299 -0.00001311 -0.00000420 -0.00000069 0.00012423 0.00224505 0.00111842 0.15695525 8.29986 
0.210 0.00664728 5 -9003178.85 -134360.10 -692318.46 -956337.96 -907021.47 -6313140.86 -682016039.88 0.00190624 0.00664728 0.00323911 0.00243539 0.00173908 0.00380168 0.00393397 0.00393902 0.00386103 0.00370093 0.00346161 0.00314803 0.00277066 0.00234740 0.00190220 0.00146161 0.00105254 0.00069775 0.00015591 -0.00010243 -0.00003184 -0.00000056 -0.00001037 -0.00000343 -0.00000105 0.00031430 0.00270860 0.00143669 0.20395933 9.68317 
0.240 0.00812325 5 -9549508.58 -268581.22 -309535.97 -615448.13 -1003645.58 -7352297.68 -749090504.14 0.00190445 0.00812325 0.00445851 0.00269346 0.00181690 0.00432103 0.00449426 0.00453215 0.00448648 0.00435700 0.00414397 0.00384836 0.00347433 0.00303287 0.00254418 0.00203660 0.00154271 0.00109218 0.00032990 -0.00011136 -0.00005305 -0.00000429 -0.00000968 -0.00000297 -0.00000101 0.00039066 0.00318695 0.00170150 0.24364465 11.06648 
0.270 0.01003168 5 -9240580.82 -350214.30 216598.77 -181115.92 -1212618.02 -7713231.34 -756207367.21 0.00043105 0.01003168 0.00812559 0.00290227 0.00171085 0.00460486 0.00479028 0.00484541 0.00482450 0.00472680 0.00455136 0.00429716 0.00396394 0.00355455 0.00307942 0.00256048 0.00202831 0.00151711 0.00055468 -0.00011517 -0.00008282 -0.00001043 -0.00000833 -0.00000239 -0.00000113 0.00044786 0.00394946 0.00208933 0.32046491 12.44979 
0.300 0.01311539 5 -6632198.21 236988.15 836250.76 825123.36 -857323.54 -7673236.94 -654123258.49 -0.00182979 0.01311539 0.01212868 0.00278753 0.00130756 0.00306648 0.00315124 0.00316811 0.00314889 0.00309261 0.00299774 0.00286214 0.00268334 0.00245935 0.00219021 0.00188009 0.00153886 0.00118633 0.00045441 -0.00010356 -0.00007596 -0.00000990 -0.00000737 -0.00000211 -0.00000105 0.00030502 0.00457895 0.00230854 0.36389662 13.83310 
0.330 0.01754022 5 -6836934.98 121305.61 825248.21 678445.39 -576752.47 -7885181.72 -660628187.62 -0.00332908 0.01754022 0.01553971 0.00359898 0.00121381 0.00292077 0.00301867 0.00304843 0.00303983 0.00299189 0.00290307 0.00277126 0.00259406 0.00236958 0.00209813 0.00178457 0.00143952 0.00108270 0.00034285 -0.00017473 -0.00008474 -0.00000490 -0.00000759 -0.00000177 -0.00000017 0.00028602 0.00564873 0.00279993 0.44082202 15.21641 
0.360 0.01898940 5 8953396.88 159661.54 104486.80 -286157.78 1256027.03 7719379.30 744737935.07 0.00470804 -0.01802030 -0.01754325 -0.00384225 -0.00147797 -0.00544098 -0.00574136 -0.00590689 -0.00600086 -0.00602191 -0.00596813 -0.00583729 -0.00562716 -0.00533589 -0.00496325 -0.00451303 -0.00399541 -0.00343126 -0.00200808 -0.00033976 0.00012306 0.00005836 0.00000380 -0.00000533 -0.00000430 -0.00070016 -0.00612280 -0.00324217 -0.53844650 16.59972 
0.390 0.02283850 5 7560426.24 -14017.34 -285908.29 -610946.73 1135076.33 7336222.27 673535127.43 0.00880616 -0.02170949 -0.02206914 -0.00698145 -0.00143133 -0.00448349 -0.00480283 -0.00500492 -0.00515316 -0.00524611 -0.00528171 -0.00525740 -0.00517030 -0.00501729 -0.00479518 -0.00450133 -0.00413459 -0.00369964 -0.00241369 -0.00057598 0.00011164 0.00007762 0.00000172 -0.00000720 -0.00000404 -0.00067360 -0.00759679 -0.00391903 -0.68654765 17.98303 
0.420 0.02505737 4 6439389.69 -515007.96 -625278.13 -677865.24 1294035.37 6963505.65 637890972.48 0.01220266 -0.02320309 -0.02505737 -0.01087351 -0.00194583 -0.00318717 -0.00345247 -0.00363452 -0.00378441 -0.00390063 -0.00398096 -0.00402258 -0.00402227 -0.00397630 -0.00388053 -0.00373058 -0.00352225 -0.00325298 -0.00230483 -0.00066236 0.00008864 0.00008209 0.00000127 -0.00000757 -0.00000379 -0.00054816 -0.00900338 -0.00451177 -0.82790031 19.36634 
0.450 0.02600671 4 5661478.39 -698464.22 -653044.76 -896749.10 927016.43 6982720.03 600566848.62 0.01397672 -0.02336538 -0.02600671 -0.01380966 -0.00206682 -0.00189617 -0.00213036 -0.00230284 -0.00245809 -0.00259457 -0.00270991 -0.00280117 -0.00286486 -0.00289693 -0.00289283 -0.00284750 -0.00275583 -0.00261350 -0.00198615 -0.00065890 0.00005869 0.00007582 0.00000163 -0.00000721 -0.00000384 -0.00040795 -0.00971738 -0.00477199 -0.89700240 20.74965 
0.480 0.02626224 5 4840895.82 -875215.99 -1244466.43 -808596.00 88826.18 7680348.07 586968163.55 0.01158670 -0.02472407 -0.02538653 -0.01236322 -0.00176195 -0.00032541 -0.00042057 -0.00050785 -0.00060330 -0.00070530 -0.00081135 -0.00091829 -0.00102238 -0.00111925 -0.00120388 -0.00127053 -0.00131312 -0.00132597 -0.00116180 -0.00048426 0.00000673 0.00004800 0.00000474 -0.00000476 -0.00000407 -0.00017164 -0.00953024 -0.00455873 -0.81738929 22.13296 
0.510 0.02442247 5 4349201.90 -1049378.68 -1448625.92 -662315.12 -129239.93 7638761.54 568914904.08 0.00982817 -0.02281795 -0.02365407 -0.01184002 -0.00178078 0.00051928 0.00050417 0.00046717 0.00040823 0.00032892 0.00023172 0.00011974 -0.00000333 -0.00013322 -0.00026496 -0.00039254 -0.00050944 -0.00060931 -0.00070647 -0.00038608 -0.00001904 0.00003320 0.00000583 -0.00000350 -0.00000399 -0.00004126 -0.00908808 -0.00428220 -0.75894016 23.51627 
0.540 0.02654365 4 -4777439.93 619839.28 845948.05 1403288.95 -1148680.24 -6497835.97 -542009469.23 -0.01367182 0.02455389 0.02631147 0.01377986 0.00091472 0.00024583 0.00044788 0.00058995 0.00072078 0.00083909 0.00094282 0.00102931 0.00109517 0.00113630 0.00114868 0.00112937 0.00107658 0.00098944 0.00063220 0.00007400 -0.00006102 -0.00002181 -0.00000575 -0.00000123 -0.00000117 0.00013238 0.00951601 0.00453121 0.83752753 24.89958 
0.570 0.02891524 4 -4185973.66 683694.83 889487.91 1766630.39 -910089.28 -6615697.50 -514481644.23 -0.01518949 0.02749737 0.02862169 0.01479744 0.00085628 -0.00037682 -0.00020261 -0.00007310 0.00005492 0.00018014 0.00030048 0.00041314 0.00051445 0.00059982 0.00066458 0.00070539 0.00072051 0.00070862 0.00054006 0.00012223 -0.00004088 -0.00002215 -0.00000562 -0.00000104 -0.00000101 0.00006773 0.01027827 0.00485419 0.89368781 26.28289 
