0.001 0.00012238 5 63765.91 -195.03 1515.19 12.08 4741.34 57692.32 5367360.33 -0.00000289 -0.00005484 -0.00011910 -0.00003269 0.00000146 0.00004623 0.00005037 0.00004687 0.00004202 0.00003637 0.00003018 0.00002392 0.00001799 0.00001268 0.00000802 0.00000396 0.00000050 -0.00000239 -0.00000454 0.00000059 0.00001005 -0.00000016 -0.00001042 -0.00000155 0.00000179 0.00000319 -0.00003634 -0.00001534 -0.00257934 0.12829 
0.030 0.00180320 5 1832492.89 5270.58 23795.06 7535.82 148046.35 1647845.08 154007028.65 -0.00050814 -0.00173283 -0.00094480 -0.00057629 -0.00034160 -0.00031624 -0.00030406 -0.00028456 -0.00025494 -0.00021818 -0.00017769 -0.00013753 -0.00010058 -0.00006871 -0.00004295 -0.00002352 -0.00001004 -0.00000171 0.00000499 0.00000381 0.00000282 -0.00000316 -0.00000751 -0.00000323 -0.00000145 -0.00001536 -0.00066563 -0.00032019 -0.04246122 3.84870 
0.060 0.00333512 5 3349675.19 4409.72 -7995.45 7184.32 273975.92 3072100.68 284988099.43 -0.00100932 -0.00326049 -0.00169358 -0.00106676 -0.00064029 -0.00059991 -0.00058090 -0.00054308 -0.00048467 -0.00041034 -0.00032670 -0.00024224 -0.00016554 -0.00010258 -0.00005454 -0.00002051 0.00000146 0.00001377 0.00001842 0.00000627 -0.00000271 -0.00000437 -0.00000383 -0.00000344 -0.00000326 -0.00002774 -0.00123677 -0.00059450 -0.07769061 7.69741 
0.090 0.00474384 5 4721976.05 9074.46 -2243.17 -6696.23 375220.09 4346620.90 401726192.00 -0.00150175 -0.00466728 -0.00236384 -0.00150031 -0.00091470 -0.00086727 -0.00084302 -0.00078962 -0.00070686 -0.00060070 -0.00047969 -0.00035493 -0.00023797 -0.00013924 -0.00006497 -0.00001407 0.00001739 0.00003382 0.00003513 0.00001000 -0.00000697 -0.00000496 -0.00000025 -0.00000316 -0.00000435 -0.00003957 -0.00175812 -0.00084519 -0.10941693 11.54611 
0.120 0.00602308 5 5934218.94 -17447.66 44609.65 -35536.19 464300.49 5478292.65 505683469.10 -0.00197436 -0.00594428 -0.00296171 -0.00188000 -0.00116813 -0.00113944 -0.00111397 -0.00105014 -0.00094959 -0.00081782 -0.00066441 -0.00050183 -0.00034438 -0.00020564 -0.00009612 -0.00001942 0.00002820 0.00005322 0.00005508 0.00001618 -0.00000990 -0.00000513 0.00000308 -0.00000255 -0.00000495 -0.00005341 -0.00223098 -0.00107421 -0.13821603 15.39482 
0.150 0.00713118 5 6932398.08 -168997.09 141891.66 -27574.71 540029.39 6447048.84 597903054.98 -0.00238622 -0.00704379 -0.00346941 -0.00222147 -0.00140192 -0.00148580 -0.00146392 -0.00139717 -0.00128909 -0.00114347 -0.00096784 -0.00077184 -0.00056982 -0.00037894 -0.00021425 -0.00008697 -0.00000124 0.00004952 0.00007412 0.00002832 -0.00001086 -0.00000531 0.00000622 -0.00000159 -0.00000510 -0.00007716 -0.00264788 -0.00128225 -0.16507299 19.24352 
0.180 0.00785125 5 7446485.82 -355914.70 141286.94 18041.56 564294.43 7078777.58 656254754.27 -0.00274432 -0.00771343 -0.00368364 -0.00245658 -0.00154495 -0.00169597 -0.00168626 -0.00163047 -0.00153346 -0.00139663 -0.00122439 -0.00102160 -0.00079902 -0.00057401 -0.00036613 -0.00019181 -0.00006256 0.00002138 0.00008349 0.00004185 -0.00000970 -0.00000542 0.00000844 -0.00000063 -0.00000484 -0.00009798 -0.00290234 -0.00141260 -0.18092792 23.09223 
0.210 0.00881953 5 -9161413.04 515185.88 -86102.62 -909305.35 -853250.47 -7827940.47 -786698543.01 0.00280079 0.00881953 0.00446461 0.00300447 0.00194377 0.00332306 0.00342554 0.00343124 0.00337643 0.00326108 0.00308569 0.00285139 0.00256225 0.00222799 0.00186411 0.00148953 0.00112550 0.00079383 0.00023781 -0.00008094 -0.00003555 -0.00000370 -0.00001100 -0.00000334 -0.00000093 0.00029105 0.00345859 0.00177592 0.24222578 26.94093 
0.240 0.00991223 5 -9399884.42 216612.26 187686.63 -637856.63 -880004.00 -8286322.68 -805932450.00 0.00232670 0.00991223 0.00592694 0.00309309 0.00192067 0.00377491 0.00390696 0.00393331 0.00389585 0.00379424 0.00362827 0.00339801 0.00310519 0.00275578 0.00236241 0.00194463 0.00152598 0.00112963 0.00040604 -0.00007645 -0.00005398 -0.00000807 -0.00000976 -0.00000290 -0.00000112 0.00035397 0.00381979 0.00197866 0.27828462 30.78964 
0.270 0.01021256 5 -9003794.75 180434.49 335485.67 -424429.48 -896154.27 -8199131.15 -783800688.81 0.00163650 0.01021256 0.00699721 0.00302458 0.00180350 0.00391935 0.00406848 0.00411253 0.00409651 0.00401984 0.00388178 0.00368154 0.00341911 0.00309687 0.00272239 0.00231034 0.00188093 0.00145807 0.00061286 -0.00004416 -0.00006944 -0.00001419 -0.00000882 -0.00000231 -0.00000116 0.00039510 0.00392949 0.00205194 0.29800916 34.63834 
0.300 0.01054818 5 10607670.95 547631.81 812332.29 160817.00 726847.71 8360042.14 808251032.91 -0.00203943 -0.01008861 -0.00701918 -0.00313152 -0.00204464 -0.00391449 -0.00399357 -0.00395282 -0.00382231 -0.00360553 -0.00330948 -0.00294282 -0.00251915 -0.00205826 -0.00158505 -0.00112738 -0.00071249 -0.00036426 0.00009271 0.00016182 0.00001629 -0.00001013 0.00000878 0.00000017 -0.00000458 -0.00028166 -0.00407638 -0.00206054 -0.29572159 38.48705 
0.330 0.01076680 5 9868350.16 314635.40 516625.46 120353.43 854390.86 8062345.01 780033391.73 -0.00108754 -0.01024985 -0.00835421 -0.00312802 -0.00190452 -0.00385878 -0.00395405 -0.00393935 -0.00384357 -0.00366794 -0.00341596 -0.00309164 -0.00270328 -0.00226566 -0.00180041 -0.00133499 -0.00089811 -0.00051609 0.00003914 0.00017943 0.00002385 -0.00001038 0.00000874 0.00000026 -0.00000437 -0.00029675 -0.00420044 -0.00212671 -0.31810300 42.33575 
0.360 0.01199470 5 9762159.24 370753.70 289283.18 94610.70 813246.54 8194265.13 780213900.30 -0.00045786 -0.01139505 -0.01007808 -0.00319768 -0.00182275 -0.00407198 -0.00419532 -0.00420872 -0.00414475 -0.00400384 -0.00378724 -0.00349665 -0.00313599 -0.00271454 -0.00224914 -0.00176412 -0.00128725 -0.00084719 -0.00010878 0.00020817 0.00004547 -0.00000852 0.00000865 0.00000028 -0.00000417 -0.00034328 -0.00457296 -0.00232606 -0.35486033 46.18445 
0.390 0.01203138 5 8643456.25 375797.61 -101594.32 -117157.50 810434.06 7675976.40 712052575.02 0.00007958 -0.01144194 -0.01044507 -0.00295628 -0.00153363 -0.00370506 -0.00383765 -0.00387486 -0.00384899 -0.00376018 -0.00360884 -0.00339569 -0.00312211 -0.00279092 -0.00240872 -0.00198890 -0.00155058 -0.00112060 -0.00029962 0.00019015 0.00006623 -0.00000342 0.00000644 -0.00000056 -0.00000387 -0.00034532 -0.00442788 -0.00225913 -0.34772047 50.03316 
0.420 0.01289686 4 5272545.94 -1649360.02 -1292778.91 381013.98 1810795.88 6022875.01 627070633.03 0.00385599 -0.01075188 -0.01289686 -0.00381235 -0.00132080 -0.00165714 -0.00167895 -0.00168247 -0.00167352 -0.00165105 -0.00161336 -0.00155832 -0.00148356 -0.00138681 -0.00126602 -0.00111904 -0.00094412 -0.00074502 -0.00026240 0.00010875 0.00004737 -0.00000133 0.00000334 -0.00000083 -0.00000273 -0.00016790 -0.00450241 -0.00219982 -0.38446116 53.88186 
0.450 0.01446418 4 6340543.55 -1695940.26 602648.39 -785780.48 1218492.49 7001123.41 665847805.61 0.00429317 -0.01368221 -0.01446418 -0.00338461 -0.00165380 -0.00330322 -0.00340201 -0.00344241 -0.00345276 -0.00343184 -0.00337772 -0.00328798 -0.00315999 -0.00299114 -0.00277897 -0.00252105 -0.00221644 -0.00187130 -0.00098165 -0.00002327 0.00011753 0.00003005 0.00000427 -0.00000013 -0.00000054 -0.00038285 -0.00506303 -0.00257681 -0.43947758 57.73057 
0.480 0.01798240 4 4975453.19 -1261486.80 -1130160.88 -693260.46 1480637.10 6579724.24 600474714.50 0.00610776 -0.01669608 -0.01798240 -0.00451236 -0.00124411 -0.00185186 -0.00189742 -0.00192757 -0.00194951 -0.00196181 -0.00196230 -0.00194836 -0.00191726 -0.00186651 -0.00179306 -0.00169188 -0.00155727 -0.00138672 -0.00083737 -0.00007774 0.00009703 0.00003104 0.00000404 -0.00000022 -0.00000035 -0.00024348 -0.00594234 -0.00291497 -0.50137881 61.57927 
0.510 0.01962190 4 4421135.80 -692235.55 -2518318.38 -530940.73 1809013.23 6353617.23 571231204.28 0.00711835 -0.01772765 -0.01962190 -0.00572869 -0.00097692 -0.00122747 -0.00128597 -0.00133597 -0.00138288 -0.00142516 -0.00146047 -0.00148613 -0.00149984 -0.00150029 -0.00148510 -0.00144736 -0.00137768 -0.00127061 -0.00084294 -0.00012485 0.00009548 0.00003607 0.00000351 -0.00000051 0.00000000 -0.00019782 -0.00644243 -0.00312515 -0.54532144 65.42798 
0.540 0.02086410 4 4260273.47 -244026.37 -3032277.76 -707988.35 1927059.28 6317506.67 552143953.59 0.00792556 -0.01869405 -0.02086410 -0.00649196 -0.00079200 -0.00107554 -0.00116538 -0.00123967 -0.00130912 -0.00137217 -0.00142654 -0.00146975 -0.00150036 -0.00151912 -0.00152526 -0.00151030 -0.00146057 -0.00136757 -0.00094627 -0.00016922 0.00010780 0.00004395 0.00000206 -0.00000126 0.00000027 -0.00020195 -0.00680573 -0.00329765 -0.58025200 69.27668 
0.570 0.02187415 4 4235825.21 -15161.64 -2999931.97 -955714.04 2028766.82 6177866.05 535670047.38 0.00899692 -0.01908269 -0.02187415 -0.00762657 -0.00065915 -0.00094984 -0.00107653 -0.00117743 -0.00127093 -0.00135550 -0.00142890 -0.00148883 -0.00153503 -0.00157105 -0.00159828 -0.00160586 -0.00157402 -0.00148953 -0.00105196 -0.00020882 0.00011666 0.00005085 0.00000234 -0.00000173 0.00000015 -0.00021003 -0.00714435 -0.00346068 -0.62094668 73.12539 
0.600 0.02272595 4 4404840.32 180597.97 -2835110.95 -1078781.09 2086248.80 6051885.58 527816916.60 0.00998221 -0.01938744 -0.02272595 -0.00878188 -0.00060308 -0.00088900 -0.00104924 -0.00117233 -0.00128343 -0.00138133 -0.00146420 -0.00153052 -0.00158219 -0.00162716 -0.00167009 -0.00169727 -0.00168102 -0.00160172 -0.00113978 -0.00023845 0.00012239 0.00005569 0.00000213 -0.00000215 0.00000016 -0.00021977 -0.00748448 -0.00362530 -0.66162766 76.97409 
0.630 0.02391289 4 4839215.20 480885.51 -2475607.89 -1412181.17 2074205.51 6171913.24 531298186.06 0.01048286 -0.02101149 -0.02391289 -0.00863678 -0.00060250 -0.00136717 -0.00154413 -0.00167128 -0.00177861 -0.00186517 -0.00192952 -0.00197109 -0.00199481 -0.00201465 -0.00203970 -0.00205259 -0.00201552 -0.00190023 -0.00130506 -0.00025263 0.00013646 0.00006006 0.00000207 -0.00000246 0.00000017 -0.00027500 -0.00778347 -0.00379480 -0.68725159 80.82280 
0.660 0.02435572 4 5371118.05 663667.25 -2095519.46 -1309199.49 2065946.76 6046222.98 537309456.67 0.01151571 -0.02077273 -0.02435572 -0.00998050 -0.00072885 -0.00160986 -0.00182871 -0.00197777 -0.00209628 -0.00218369 -0.00223926 -0.00226397 -0.00226712 -0.00227150 -0.00229325 -0.00230991 -0.00227074 -0.00213479 -0.00143198 -0.00025765 0.00014929 0.00006343 0.00000265 -0.00000268 -0.00000001 -0.00031220 -0.00809514 -0.00396066 -0.73310566 84.67150 
0.690 0.02494344 4 5996084.61 764547.28 -1610245.82 -1133597.65 2032076.69 5943304.11 550388983.38 0.01262243 -0.02071518 -0.02494344 -0.01141031 -0.00090603 -0.00189389 -0.00215283 -0.00232057 -0.00244549 -0.00252746 -0.00256653 -0.00256546 -0.00253907 -0.00252085 -0.00253337 -0.00254838 -0.00250447 -0.00234922 -0.00153756 -0.00024892 0.00016367 0.00006484 0.00000276 -0.00000279 -0.00000008 -0.00034878 -0.00848131 -0.00416112 -0.78506512 88.52020 
