0.001 0.00011123 4 63953.63 27.86 6952.96 8682.35 7222.67 41067.80 4735164.01 0.00000567 -0.00003569 -0.00011123 -0.00003086 0.00000132 0.00004311 0.00004730 0.00004403 0.00003953 0.00003428 0.00002852 0.00002267 0.00001714 0.00001216 0.00000776 0.00000389 0.00000055 -0.00000227 -0.00000437 0.00000072 0.00001021 -0.00000005 -0.00001039 -0.00000148 0.00000186 0.00000307 -0.00003162 -0.00001319 -0.00241473 0.03791 
0.030 0.00137629 5 -2387644.06 -121783.94 -338331.16 -322477.62 -251717.01 -1353334.32 -162510196.58 0.00034123 0.00137629 0.00062837 0.00057330 0.00045799 0.00079353 0.00079731 0.00076293 0.00070284 0.00062141 0.00052479 0.00042121 0.00031974 0.00022757 0.00014908 0.00008624 0.00003908 0.00000610 -0.00002403 -0.00001351 0.00000855 -0.00000013 -0.00001175 -0.00000283 0.00000075 0.00004441 0.00059360 0.00030186 0.04358293 1.13727 
0.060 0.00254194 5 -4804330.86 -307452.75 -755802.94 -695782.52 -502776.35 -2542516.31 -316030055.30 0.00058239 0.00254194 0.00124151 0.00109436 0.00088586 0.00179754 0.00182549 0.00177672 0.00167407 0.00152427 0.00133679 0.00112432 0.00090143 0.00068333 0.00048426 0.00031453 0.00017961 0.00007962 -0.00003206 -0.00003907 0.00000365 0.00000086 -0.00001226 -0.00000355 -0.00000005 0.00011328 0.00113467 0.00059209 0.08782822 2.27453 
0.090 0.00364932 5 -6989153.78 -455988.46 -1091616.64 -1049444.27 -738777.18 -3653327.22 -458090729.63 0.00083202 0.00364932 0.00182261 0.00158740 0.00128112 0.00277527 0.00283194 0.00277655 0.00264180 0.00243639 0.00217276 0.00186765 0.00153997 0.00120938 0.00089484 0.00061395 0.00038117 0.00020167 -0.00001914 -0.00006597 -0.00000370 0.00000160 -0.00001254 -0.00000391 -0.00000049 0.00018686 0.00164735 0.00087150 0.13036253 3.41180 
0.120 0.00474207 5 -8958406.52 -579111.16 -1367932.61 -1350537.17 -946418.91 -4714406.68 -589177348.22 0.00110928 0.00474207 0.00238554 0.00204986 0.00164698 0.00372509 0.00381337 0.00375731 0.00359907 0.00334844 0.00302004 0.00263369 0.00221249 0.00178052 0.00136100 0.00097554 0.00064333 0.00037696 0.00002203 -0.00009122 -0.00001376 0.00000166 -0.00001265 -0.00000405 -0.00000070 0.00026428 0.00214110 0.00114409 0.17139226 4.54907 
0.150 0.00581528 5 -10782795.13 -689356.32 -1626833.55 -1608510.35 -1131801.64 -5726293.27 -711589172.45 0.00139398 0.00581528 0.00293796 0.00248936 0.00199504 0.00469865 0.00482345 0.00477264 0.00459823 0.00431049 0.00392531 0.00346436 0.00295380 0.00242205 0.00189678 0.00140396 0.00096742 0.00060543 0.00009029 -0.00011551 -0.00002659 0.00000106 -0.00001261 -0.00000406 -0.00000079 0.00034915 0.00262108 0.00141418 0.21202594 5.68634 
0.180 0.00690181 5 -12547599.47 -802585.06 -1910790.70 -1874544.61 -1262804.08 -6696875.03 -827746336.57 0.00168369 0.00690181 0.00352400 0.00290978 0.00233749 0.00573877 0.00590521 0.00586452 0.00567939 0.00536037 0.00492392 0.00439260 0.00379458 0.00316176 0.00252639 0.00191913 0.00136858 0.00089815 0.00018954 -0.00013963 -0.00004280 -0.00000026 -0.00001245 -0.00000396 -0.00000082 0.00044506 0.00310463 0.00169181 0.25397753 6.82360 
0.210 0.00792923 5 -14075976.13 -1240512.87 -2345748.79 -1989932.04 -1290793.92 -7208988.52 -894197696.12 0.00118107 0.00792923 0.00502134 0.00304103 0.00251555 0.00715823 0.00738994 0.00737238 0.00718444 0.00683654 0.00634541 0.00573414 0.00503207 0.00427395 0.00349677 0.00273742 0.00203125 0.00140822 0.00039410 -0.00016379 -0.00007129 -0.00000407 -0.00001127 -0.00000357 -0.00000099 0.00058718 0.00355656 0.00197916 0.30734677 7.96087 
0.240 0.00889675 5 -15251996.98 -1461036.17 -2753708.46 -2212041.68 -1300044.93 -7525165.74 -946824902.66 0.00061967 0.00889675 0.00673128 0.00321936 0.00267582 0.00829640 0.00857635 0.00857649 0.00838725 0.00801920 0.00748937 0.00682117 0.00604450 0.00519527 0.00431317 0.00343931 0.00261391 0.00187176 0.00060210 -0.00017872 -0.00009963 -0.00000869 -0.00001042 -0.00000308 -0.00000099 0.00070511 0.00404017 0.00226851 0.36224634 9.09814 
0.270 0.01125490 4 -8644822.68 -328179.11 487677.64 -395196.56 -1788121.68 -6621002.97 -705997069.41 -0.00252107 0.01005540 0.01105691 0.00305044 0.00162044 0.00535838 0.00558205 0.00566066 0.00565634 0.00556844 0.00539608 0.00513815 0.00479377 0.00436406 0.00385658 0.00329119 0.00269798 0.00211178 0.00091863 -0.00006432 -0.00011767 -0.00002297 -0.00000601 -0.00000201 -0.00000227 0.00055315 0.00420886 0.00226686 0.38838847 10.23541 
0.300 0.01270362 4 -7783970.23 -131607.58 1306998.86 -739811.40 -1895286.69 -6324263.42 -680670735.69 -0.00402557 0.01033008 0.01264899 0.00461555 0.00150300 0.00459680 0.00483293 0.00493791 0.00497451 0.00494192 0.00483888 0.00466367 0.00441420 0.00408903 0.00368995 0.00322626 0.00271711 0.00219185 0.00104042 -0.00001670 -0.00012432 -0.00002865 -0.00000508 -0.00000148 -0.00000241 0.00051460 0.00470070 0.00247694 0.44402360 11.37267 
0.330 0.01449756 4 -7306560.06 -62320.86 1641597.26 -743067.92 -1838353.83 -6304414.71 -664632471.97 -0.00529334 0.01178458 0.01444832 0.00576137 0.00143783 0.00403940 0.00427143 0.00438271 0.00443446 0.00442578 0.00435528 0.00422101 0.00402049 0.00375151 0.00341437 0.00301468 0.00256572 0.00209229 0.00101874 -0.00000623 -0.00012204 -0.00002914 -0.00000501 -0.00000141 -0.00000239 0.00046987 0.00528777 0.00272839 0.49550236 12.50994 
0.360 0.01606905 4 -7027770.81 28387.37 1818090.67 -735046.99 -1854570.99 -6284630.87 -658071154.73 -0.00627609 0.01331426 0.01601171 0.00672272 0.00142056 0.00351768 0.00373544 0.00384273 0.00389737 0.00389841 0.00384442 0.00373338 0.00356274 0.00333017 0.00303549 0.00268287 0.00228289 0.00185746 0.00088914 -0.00002444 -0.00011168 -0.00002525 -0.00000556 -0.00000177 -0.00000235 0.00041374 0.00583971 0.00295730 0.53873342 13.64721 
0.390 0.01645409 4 -7411995.80 -16280.05 1788855.38 -788044.25 -1946967.01 -6449559.87 -682696358.09 -0.00649045 0.01389984 0.01637821 0.00729116 0.00150948 0.00350908 0.00373856 0.00385099 0.00390616 0.00390316 0.00384059 0.00371653 0.00352864 0.00327503 0.00295650 0.00257953 0.00215817 0.00171763 0.00075820 -0.00007852 -0.00011201 -0.00002061 -0.00000608 -0.00000227 -0.00000236 0.00040154 0.00610601 0.00307566 0.55943547 14.78448 
0.420 0.01800652 4 -7194286.69 101564.48 1820077.18 -706471.09 -1874199.12 -6535258.14 -679420338.35 -0.00729252 0.01574790 0.01791228 0.00782034 0.00149365 0.00306672 0.00327025 0.00336818 0.00341458 0.00340851 0.00334860 0.00323297 0.00305943 0.00282630 0.00253435 0.00218951 0.00180475 0.00140373 0.00055263 -0.00012727 -0.00010186 -0.00001417 -0.00000684 -0.00000293 -0.00000236 0.00034073 0.00659982 0.00327484 0.59230926 15.92174 
0.450 0.01997640 4 -6739963.04 294581.15 1876182.50 -548443.30 -1743828.10 -6618455.29 -666876162.49 -0.00833179 0.01826783 0.01984298 0.00826570 0.00144378 0.00253057 0.00270051 0.00278183 0.00282121 0.00281773 0.00276997 0.00267598 0.00253349 0.00234054 0.00209712 0.00180714 0.00147970 0.00113350 0.00038735 -0.00017378 -0.00009666 -0.00000884 -0.00000725 -0.00000348 -0.00000243 0.00027558 0.00717207 0.00350849 0.62920901 17.05901 
0.480 0.02219984 4 -6360620.46 487911.02 1869514.66 -345832.99 -1667090.43 -6705122.72 -658047888.86 -0.00936136 0.02111989 0.02201605 0.00868371 0.00139732 0.00208194 0.00222314 0.00229094 0.00232557 0.00232610 0.00229103 0.00221832 0.00210552 0.00195029 0.00175178 0.00151201 0.00123652 0.00093855 0.00026838 -0.00022333 -0.00010217 -0.00000541 -0.00000739 -0.00000384 -0.00000247 0.00022245 0.00782086 0.00378441 0.67159996 18.19628 
0.510 0.02473531 4 -5985122.27 757389.41 1781813.08 -198536.49 -1616158.70 -6709629.56 -649259026.27 -0.01072490 0.02402402 0.02450579 0.00969728 0.00122592 0.00140590 0.00153719 0.00160808 0.00165506 0.00167714 0.00167269 0.00163948 0.00157479 0.00147578 0.00134067 0.00116966 0.00096517 0.00073491 0.00018017 -0.00024051 -0.00009953 -0.00000253 -0.00000766 -0.00000414 -0.00000248 0.00015916 0.00859780 0.00411499 0.72790967 19.33355 
