0.001 0.00011277 4 30765.22 1617.81 -10093.52 -8675.12 1882.49 46033.56 3343073.67 0.00000025 -0.00004320 -0.00011277 -0.00002541 0.00000857 0.00005526 0.00005906 0.00005484 0.00004907 0.00004235 0.00003504 0.00002766 0.00002072 0.00001453 0.00000916 0.00000456 0.00000071 -0.00000243 -0.00000476 0.00000049 0.00001012 -0.00000010 -0.00001043 -0.00000152 0.00000182 0.00000362 -0.00002941 -0.00001186 -0.00203456 0.06613 
0.030 0.00144040 5 1282228.49 98219.49 -57408.36 -112289.12 70527.26 1283179.21 108305910.90 -0.00045897 -0.00137121 -0.00074243 -0.00039361 -0.00021121 -0.00019812 -0.00019089 -0.00018061 -0.00016360 -0.00014102 -0.00011538 -0.00008971 -0.00006598 -0.00004546 -0.00002885 -0.00001636 -0.00000779 -0.00000263 0.00000179 0.00000257 0.00000417 -0.00000264 -0.00000822 -0.00000301 -0.00000087 -0.00000981 -0.00049774 -0.00023854 -0.03009477 1.98399 
0.060 0.00260397 5 2849862.40 222594.04 108770.07 -52810.22 174574.68 2396733.83 220364486.41 -0.00084182 -0.00253198 -0.00129865 -0.00076210 -0.00048175 -0.00071868 -0.00072311 -0.00070339 -0.00066132 -0.00059958 -0.00052236 -0.00043526 -0.00034519 -0.00025995 -0.00018355 -0.00011924 -0.00006890 -0.00003241 0.00000852 0.00001395 0.00000204 -0.00000410 -0.00000533 -0.00000329 -0.00000250 -0.00004443 -0.00094799 -0.00046799 -0.06092679 3.96799 
0.090 0.00371183 5 4650292.50 360037.04 461627.63 101178.59 272743.30 3454705.93 337965150.70 -0.00123566 -0.00363779 -0.00181231 -0.00112678 -0.00079540 -0.00141789 -0.00144308 -0.00141679 -0.00134846 -0.00124224 -0.00110510 -0.00094630 -0.00077733 -0.00061016 -0.00045533 -0.00031934 -0.00020571 -0.00011706 -0.00000285 0.00003045 0.00000365 -0.00000492 -0.00000235 -0.00000322 -0.00000364 -0.00009612 -0.00140220 -0.00070838 -0.09422014 5.95198 
0.120 0.00488273 5 -3536382.37 491884.91 746578.88 20121.75 -403810.84 -4391157.07 -383131955.71 0.00169492 0.00488273 0.00233044 0.00161390 0.00085642 0.00016577 0.00012047 0.00006972 0.00001318 -0.00004852 -0.00011390 -0.00018092 -0.00024542 -0.00030017 -0.00033595 -0.00034441 -0.00032269 -0.00027846 -0.00014375 -0.00000363 0.00002232 0.00000224 -0.00001034 -0.00000350 -0.00000098 -0.00002376 0.00179002 0.00082650 0.10182873 7.93598 
0.150 0.00625437 5 -4546318.21 579191.63 1191598.55 4379.19 -667248.73 -5654238.86 -498011474.32 0.00196091 0.00625437 0.00308418 0.00215001 0.00109998 0.00034435 0.00030359 0.00025342 0.00019514 0.00012886 0.00005479 -0.00002683 -0.00011438 -0.00020368 -0.00028700 -0.00035286 -0.00038885 -0.00038700 -0.00025952 -0.00004276 0.00002641 0.00000664 -0.00001087 -0.00000383 -0.00000091 -0.00001841 0.00231053 0.00107334 0.13568132 9.91997 
0.180 0.00779365 5 -5686101.87 705586.25 1776704.89 -175195.32 -863177.09 -7130020.60 -630694445.07 0.00198148 0.00779365 0.00398043 0.00279072 0.00137508 0.00069743 0.00067603 0.00063551 0.00058232 0.00051625 0.00043690 0.00034361 0.00023634 0.00011702 -0.00000905 -0.00013284 -0.00024356 -0.00032728 -0.00033517 -0.00011014 0.00002127 0.00001156 -0.00001123 -0.00000421 -0.00000083 0.00001146 0.00288325 0.00135769 0.17830611 11.90396 
0.210 0.00883459 5 -6789972.54 770803.38 1568073.43 -722735.90 -544160.68 -7861952.78 -706288569.57 0.00235312 0.00883459 0.00440815 0.00277083 0.00157008 0.00139715 0.00140330 0.00137184 0.00131731 0.00123930 0.00113718 0.00101006 0.00085760 0.00068136 0.00048665 0.00028310 0.00008265 -0.00009941 -0.00032753 -0.00019469 0.00000867 0.00001709 -0.00001124 -0.00000452 -0.00000072 0.00007552 0.00318021 0.00153092 0.19943859 13.88796 
0.240 0.00903775 5 -4487623.85 712437.72 1486855.22 1241859.59 -147674.20 -7781102.18 -569813480.78 0.00353068 0.00903775 0.00406311 0.00227903 0.00110130 -0.00028329 -0.00035139 -0.00039677 -0.00042518 -0.00043754 -0.00043555 -0.00042150 -0.00039818 -0.00036871 -0.00033634 -0.00030432 -0.00027455 -0.00024682 -0.00015679 -0.00002310 0.00002052 0.00000383 -0.00001080 -0.00000334 -0.00000065 -0.00004868 0.00297332 0.00136796 0.15276234 15.87195 
0.270 0.01011143 5 -5406711.35 770532.68 1473817.43 1226782.84 -237825.31 -8640018.98 -651521299.23 0.00378362 0.01011143 0.00457835 0.00259687 0.00130569 0.00010362 0.00005196 0.00001235 -0.00001663 -0.00003593 -0.00004724 -0.00005288 -0.00005566 -0.00005870 -0.00006494 -0.00007667 -0.00009478 -0.00011672 -0.00013097 -0.00005248 0.00001148 0.00000449 -0.00001106 -0.00000331 -0.00000045 -0.00001187 0.00335529 0.00156658 0.17987125 17.85595 
0.300 0.01106796 5 -6088544.32 918295.64 1353647.84 916880.25 -69472.38 -9207895.67 -708318779.53 0.00404260 0.01106796 0.00512368 0.00283258 0.00148121 0.00039528 0.00035191 0.00031497 0.00028550 0.00026255 0.00024443 0.00022878 0.00021269 0.00019293 0.00016630 0.00013018 0.00008293 0.00002645 -0.00008234 -0.00007837 0.00000008 0.00000439 -0.00001114 -0.00000318 -0.00000022 0.00001822 0.00370302 0.00174557 0.20405703 19.83994 
0.330 0.01177743 5 -6406256.38 1003328.09 1241243.44 1059228.41 -303030.76 -9407025.56 -738023891.67 0.00419172 0.01177743 0.00583103 0.00292325 0.00155339 0.00051810 0.00047336 0.00043511 0.00040361 0.00037818 0.00035734 0.00033896 0.00032028 0.00029802 0.00026892 0.00022977 0.00017780 0.00011250 -0.00005337 -0.00012486 -0.00002038 0.00000446 -0.00001105 -0.00000300 0.00000009 0.00002931 0.00397735 0.00188006 0.22289352 21.82393 
0.360 0.01290346 5 -6972987.01 570747.77 1318261.98 1184244.17 -302782.21 -9743458.73 -758816301.09 0.00394089 0.01290346 0.00702741 0.00301212 0.00153662 0.00088914 0.00086852 0.00084233 0.00081489 0.00078591 0.00075451 0.00071935 0.00067845 0.00062938 0.00056973 0.00049682 0.00040829 0.00030360 0.00002395 -0.00017966 -0.00005498 0.00000265 -0.00001072 -0.00000268 0.00000045 0.00006838 0.00431506 0.00205912 0.25165896 23.80793 
0.390 0.01284035 5 -8102198.48 -105960.49 719078.06 1050471.63 -216904.96 -9548882.72 -762539701.76 0.00329786 0.01284035 0.00758497 0.00299829 0.00107728 0.00192678 0.00203648 0.00208453 0.00210013 0.00208346 0.00203457 0.00195358 0.00184036 0.00169463 0.00151643 0.00130720 0.00106938 0.00081017 0.00019621 -0.00026330 -0.00009175 0.00000558 -0.00001007 -0.00000270 0.00000074 0.00019339 0.00421328 0.00207782 0.26330824 25.79192 
0.420 0.01435328 4 -3929812.55 590082.84 3038722.96 400812.69 -1423286.43 -6536144.61 -550408992.94 -0.00328180 0.01315755 0.01419076 0.00421760 -0.00026708 -0.00056653 -0.00053387 -0.00050930 -0.00047637 -0.00043622 -0.00039080 -0.00034279 -0.00029567 -0.00025364 -0.00022078 -0.00020026 -0.00019457 -0.00020570 -0.00030638 -0.00036705 -0.00009507 0.00001668 -0.00000698 -0.00000436 -0.00000096 -0.00006897 0.00460091 0.00212016 0.34365685 27.77592 
0.450 0.01313591 4 -2657851.29 962438.74 2664036.21 1365860.60 -1599011.97 -6051174.87 -481063606.50 -0.00173692 0.01158650 0.01295333 0.00312324 -0.00181844 -0.00256113 -0.00254120 -0.00250158 -0.00243604 -0.00234593 -0.00223356 -0.00210221 -0.00195636 -0.00180170 -0.00164391 -0.00148720 -0.00133441 -0.00118859 -0.00088111 -0.00045834 -0.00005383 0.00003609 -0.00000981 -0.00000549 0.00000022 -0.00028202 0.00360127 0.00153837 0.22566535 29.75991 
0.480 0.01528206 5 2557602.36 -1606897.92 -2105095.82 -1898143.81 886797.83 7280942.08 524300088.78 0.00621070 -0.01440572 -0.01501534 -0.00425921 -0.00399122 -0.00186860 -0.00159746 -0.00140835 -0.00125587 -0.00113867 -0.00105455 -0.00100088 -0.00097510 -0.00097491 -0.00099681 -0.00103371 -0.00107546 -0.00111213 -0.00112477 -0.00077302 -0.00012129 0.00005750 0.00000491 -0.00000368 -0.00000118 -0.00020925 -0.00593432 -0.00289303 -0.51525649 31.74390 
0.510 0.01624859 5 1978871.70 -1759816.06 -2195304.29 -2119563.11 722286.68 7331268.48 502146050.84 0.00716142 -0.01531681 -0.01609741 -0.00565089 -0.00430086 -0.00099343 -0.00065173 -0.00041998 -0.00023709 -0.00010168 -0.00001148 0.00003618 0.00004388 0.00001399 -0.00004971 -0.00013960 -0.00024493 -0.00035505 -0.00059358 -0.00063631 -0.00016263 0.00003641 0.00000770 -0.00000163 -0.00000133 -0.00007389 -0.00653872 -0.00310445 -0.55952340 33.72790 
0.540 0.01827443 5 1982865.08 -1645140.67 -2225126.47 -2097206.97 294815.32 7655523.88 500014435.81 0.00717008 -0.01725483 -0.01693070 -0.00527174 -0.00446197 -0.00105065 -0.00067699 -0.00042322 -0.00022132 -0.00006987 0.00003344 0.00009138 0.00010670 0.00008197 0.00002100 -0.00006877 -0.00017686 -0.00029257 -0.00055483 -0.00064497 -0.00017828 0.00003623 0.00000834 -0.00000210 -0.00000196 -0.00006830 -0.00684104 -0.00324320 -0.57092728 35.71189 
0.570 0.01980164 5 1540968.47 -1801759.17 -2234403.61 -2066720.57 109584.99 7534266.83 477349985.03 0.00808650 -0.01872563 -0.01835432 -0.00592782 -0.00457732 -0.00054592 -0.00012427 0.00016095 0.00038632 0.00055314 0.00066368 0.00072078 0.00072749 0.00068701 0.00060354 0.00048398 0.00033753 0.00017392 -0.00024300 -0.00057347 -0.00020206 0.00002361 0.00000877 -0.00000127 -0.00000198 0.00001294 -0.00733613 -0.00343213 -0.60605546 37.69589 
0.600 0.01895521 5 629650.54 -2258595.64 -2285233.95 -2032605.68 152677.05 7053408.76 438375031.82 0.00894978 -0.01789747 -0.01863691 -0.00725248 -0.00485407 0.00052205 0.00102333 0.00135372 0.00160788 0.00178712 0.00189375 0.00193074 0.00190159 0.00181012 0.00166116 0.00146160 0.00122022 0.00094717 0.00023089 -0.00047888 -0.00023805 0.00000559 0.00000972 0.00000024 -0.00000180 0.00016147 -0.00760304 -0.00347835 -0.63124048 39.67988 
0.630 0.02090847 5 -138422.02 -2770820.98 -2442048.18 -2000183.93 273623.85 6801007.23 421247616.60 0.01000086 -0.01975148 -0.02073014 -0.00794547 -0.00465794 0.00168050 0.00225028 0.00261808 0.00289266 0.00307528 0.00316818 0.00317445 0.00309791 0.00294313 0.00271637 0.00242567 0.00207926 0.00169047 0.00068165 -0.00037208 -0.00025975 -0.00001235 0.00001083 0.00000202 -0.00000156 0.00031312 -0.00815018 -0.00365428 -0.66232154 41.66387 
0.660 0.02174683 5 -855151.76 -3163115.03 -2622748.42 -2060670.08 291009.10 6700372.67 404376967.87 0.01027943 -0.02054171 -0.02150615 -0.00838886 -0.00457791 0.00268209 0.00331469 0.00371471 0.00400567 0.00418877 0.00426628 0.00424134 0.00411795 0.00390128 0.00359812 0.00321794 0.00277266 0.00228170 0.00103489 -0.00029472 -0.00028731 -0.00002987 0.00001237 0.00000379 -0.00000141 0.00043976 -0.00840803 -0.00370788 -0.66939482 43.64787 
0.690 0.02231483 5 -952662.37 -3335409.30 -2592909.33 -1966468.02 388130.56 6553993.72 404287303.75 0.01028807 -0.02106516 -0.02190199 -0.00849012 -0.00456951 0.00303298 0.00369298 0.00410972 0.00441309 0.00460430 0.00468564 0.00466024 0.00453220 0.00430663 0.00399023 0.00359235 0.00312412 0.00260430 0.00126228 -0.00023279 -0.00030866 -0.00004297 0.00001388 0.00000511 -0.00000141 0.00049531 -0.00854996 -0.00374490 -0.67236259 45.63186 
0.720 0.02055664 4 298281.58 -2592472.69 -2830848.37 -1824774.11 1130056.76 6416319.98 446899427.15 0.01071949 -0.01878489 -0.02055664 -0.00851238 -0.00489550 0.00135209 0.00191329 0.00228923 0.00257852 0.00278238 0.00290303 0.00294347 0.00290751 0.00279976 0.00262581 0.00239253 0.00210745 0.00177841 0.00084587 -0.00026868 -0.00025678 -0.00002237 0.00001199 0.00000301 -0.00000181 0.00030274 -0.00815903 -0.00366393 -0.68010351 47.61586 
0.750 0.02132646 5 -11184281.87 -471704.30 365789.94 -1975496.01 -742165.70 -8360705.81 -868802352.61 -0.00425872 0.02132646 0.01862487 0.00591626 0.00078363 0.00613241 0.00661756 0.00690291 0.00709186 0.00718286 0.00717396 0.00706296 0.00684745 0.00652510 0.00609501 0.00556025 0.00493061 0.00422954 0.00240241 0.00021871 -0.00026144 -0.00008010 -0.00000224 0.00000492 0.00000070 0.00082908 0.00698569 0.00371515 0.59949752 49.59985 
0.780 0.02236868 5 -10758096.00 -540780.25 651909.75 -1846919.79 -744121.91 -8278183.80 -846333976.72 -0.00478637 0.02236868 0.01960456 0.00607127 0.00041199 0.00577869 0.00629003 0.00660385 0.00682636 0.00695583 0.00699009 0.00692659 0.00676239 0.00649415 0.00611945 0.00563912 0.00505965 0.00439953 0.00261108 0.00035739 -0.00023160 -0.00008519 -0.00000285 0.00000544 0.00000099 0.00083233 0.00712562 0.00378248 0.61000597 51.58384 
