0.001 0.00011203 4 60964.72 503.75 4427.29 6570.00 6611.82 42851.87 4656987.86 0.00000404 -0.00003805 -0.00011203 -0.00003056 0.00000211 0.00004443 0.00004854 0.00004511 0.00004043 0.00003500 0.00002908 0.00002308 0.00001742 0.00001234 0.00000786 0.00000393 0.00000056 -0.00000228 -0.00000440 0.00000072 0.00001023 -0.00000003 -0.00001038 -0.00000147 0.00000187 0.00000312 -0.00003185 -0.00001327 -0.00239261 0.03926 
0.030 0.00145208 5 -1896369.53 -10846.14 -115667.56 -195408.93 -200805.34 -1373641.56 -146865524.46 0.00044429 0.00145208 0.00064787 0.00054439 0.00038773 0.00051168 0.00050814 0.00047864 0.00043328 0.00037591 0.00031111 0.00024467 0.00018175 0.00012606 0.00007964 0.00004316 0.00001622 -0.00000236 -0.00001759 -0.00000723 0.00000944 -0.00000044 -0.00001175 -0.00000268 0.00000092 0.00002686 0.00058239 0.00028728 0.03897408 1.17782 
0.060 0.00283584 5 -3726245.84 -23523.60 -240230.97 -379329.71 -390327.99 -2692833.57 -287893163.77 0.00085020 0.00283584 0.00134981 0.00107033 0.00074673 0.00103730 0.00103627 0.00099007 0.00091273 0.00080948 0.00068740 0.00055591 0.00042552 0.00030577 0.00020287 0.00011982 0.00005705 0.00001281 -0.00002903 -0.00001821 0.00000821 -0.00000001 -0.00001230 -0.00000339 0.00000010 0.00005816 0.00115173 0.00057080 0.07828167 2.35565 
0.090 0.00415837 5 -5481886.50 -26744.64 -365127.37 -565568.48 -579471.54 -3944974.47 -423221055.52 0.00122071 0.00415837 0.00202350 0.00158089 0.00109986 0.00158616 0.00159007 0.00152936 0.00142244 0.00127636 0.00110064 0.00090785 0.00071156 0.00052536 0.00036070 0.00022430 0.00011871 0.00004246 -0.00003640 -0.00003084 0.00000628 0.00000058 -0.00001263 -0.00000379 -0.00000040 0.00009317 0.00170027 0.00084654 0.11697595 3.53347 
0.120 0.00544008 5 -7169714.72 -46883.68 -480873.13 -749250.07 -762941.40 -5129766.44 -551940011.97 0.00159143 0.00544008 0.00267458 0.00207636 0.00144602 0.00214874 0.00215892 0.00208497 0.00194972 0.00176161 0.00153256 0.00127850 0.00101691 0.00076475 0.00053705 0.00034461 0.00019290 0.00008134 -0.00004054 -0.00004420 0.00000388 0.00000119 -0.00001285 -0.00000401 -0.00000067 0.00013019 0.00223495 0.00111685 0.15494579 4.71129 
0.150 0.00668518 5 -8755075.13 -70235.77 -585661.99 -924965.13 -933743.54 -6240468.71 -672603096.89 0.00197162 0.00668518 0.00331119 0.00256000 0.00178178 0.00273683 0.00275699 0.00267336 0.00251361 0.00228691 0.00200688 0.00169176 0.00136250 0.00104010 0.00074313 0.00048725 0.00028250 0.00012990 -0.00004323 -0.00005947 0.00000087 0.00000188 -0.00001300 -0.00000416 -0.00000081 0.00017083 0.00275888 0.00138405 0.19250152 5.88911 
0.180 0.00790938 5 -10231452.92 -80109.66 -724457.47 -1124355.80 -1051323.63 -7251206.35 -783101810.04 0.00235144 0.00790938 0.00397387 0.00301565 0.00210726 0.00334958 0.00338296 0.00329382 0.00311490 0.00285560 0.00253031 0.00215851 0.00176364 0.00137065 0.00100240 0.00067803 0.00041235 0.00020973 -0.00003319 -0.00007610 -0.00000386 0.00000235 -0.00001306 -0.00000422 -0.00000086 0.00021695 0.00327670 0.00165129 0.23024797 7.06694 
0.210 0.00907632 5 -11076385.32 -190446.57 -922344.06 -1095723.20 -1103264.06 -7764607.43 -835915567.49 0.00212372 0.00907632 0.00542060 0.00320358 0.00225897 0.00395396 0.00400333 0.00391675 0.00372937 0.00344960 0.00309125 0.00267333 0.00221993 0.00175845 0.00131576 0.00091547 0.00057741 0.00031377 -0.00001666 -0.00009604 -0.00001072 0.00000265 -0.00001265 -0.00000424 -0.00000100 0.00026690 0.00375482 0.00190196 0.27214412 8.24476 
0.240 0.00988015 5 -11060122.64 -250657.36 -782618.73 -1071916.86 -1049260.92 -7905668.76 -838773012.94 0.00138622 0.00988015 0.00706211 0.00328782 0.00223282 0.00423533 0.00429811 0.00422204 0.00404415 0.00377100 0.00341412 0.00298970 0.00251947 0.00203016 0.00155044 0.00110740 0.00072505 0.00041913 0.00001611 -0.00010680 -0.00001758 0.00000215 -0.00001193 -0.00000414 -0.00000114 0.00029777 0.00408945 0.00207522 0.30771834 9.42258 
0.270 0.01037211 5 -10309174.83 -163876.23 -505442.76 -758425.90 -1124346.39 -7757083.54 -806080329.37 0.00043622 0.01037211 0.00859178 0.00322508 0.00206412 0.00414931 0.00421887 0.00416031 0.00400949 0.00377008 0.00344953 0.00305881 0.00261468 0.00214037 0.00166327 0.00121181 0.00081280 0.00048561 0.00004073 -0.00011132 -0.00002203 0.00000167 -0.00001121 -0.00000393 -0.00000116 0.00030322 0.00425896 0.00215758 0.33055524 10.60040 
0.300 0.01122563 4 -7848947.78 -224119.31 197343.76 462763.41 -1519180.93 -6765754.71 -662719074.47 -0.00226159 0.01046835 0.01101407 0.00278485 0.00151143 0.00357009 0.00363683 0.00360062 0.00349160 0.00331102 0.00306192 0.00274888 0.00238123 0.00197546 0.00155486 0.00114657 0.00077794 0.00047051 0.00004676 -0.00010431 -0.00002338 0.00000080 -0.00000947 -0.00000365 -0.00000141 0.00027017 0.00413613 0.00208244 0.34582998 11.77823 
0.330 0.01188137 4 -8150925.25 -287679.88 109495.99 394142.06 -1459838.22 -6907045.21 -677109004.41 -0.00253700 0.01125205 0.01163223 0.00276089 0.00149590 0.00370725 0.00378509 0.00375174 0.00364024 0.00345248 0.00319239 0.00286548 0.00248203 0.00205931 0.00162125 0.00119633 0.00081315 0.00049371 0.00005140 -0.00010795 -0.00002367 0.00000133 -0.00000974 -0.00000319 -0.00000069 0.00028187 0.00429007 0.00216082 0.35787695 12.95605 
0.360 0.01316026 4 7649404.19 -61443.07 -688659.40 33536.96 1855519.70 6510450.00 675326802.68 0.00356356 -0.01089611 -0.01316026 -0.00351550 -0.00163930 -0.00373197 -0.00384120 -0.00385870 -0.00381396 -0.00370630 -0.00353509 -0.00329985 -0.00300163 -0.00264574 -0.00224522 -0.00182178 -0.00140263 -0.00101462 -0.00033566 0.00008797 0.00005321 0.00000596 0.00000569 0.00000082 -0.00000195 -0.00033972 -0.00467486 -0.00237193 -0.41341412 14.13387 
0.390 0.01455659 4 6575636.25 -185848.08 -1476373.30 131647.36 1712962.68 6393247.59 635715764.88 0.00469519 -0.01217712 -0.01455659 -0.00426448 -0.00151584 -0.00288842 -0.00296946 -0.00298372 -0.00295427 -0.00288027 -0.00276068 -0.00259433 -0.00238054 -0.00212059 -0.00182038 -0.00149358 -0.00116104 -0.00084650 -0.00028500 0.00007075 0.00004448 0.00000576 0.00000554 0.00000123 -0.00000135 -0.00026865 -0.00506045 -0.00251493 -0.44367140 15.31170 
0.420 0.01729841 4 5710723.24 -748803.57 -1549565.59 -210012.81 1924441.84 6294663.37 621084661.34 0.00590488 -0.01522700 -0.01729841 -0.00476514 -0.00144478 -0.00193840 -0.00195223 -0.00193506 -0.00189489 -0.00183084 -0.00174170 -0.00162600 -0.00148245 -0.00131074 -0.00111323 -0.00089754 -0.00067740 -0.00047104 -0.00012612 0.00005934 0.00002403 0.00000241 0.00000648 0.00000149 -0.00000158 -0.00016646 -0.00582426 -0.00281871 -0.49175951 16.48952 
0.450 0.01925033 4 5439017.26 -787977.76 -1726560.75 -398251.81 1915914.80 6435892.78 617211762.17 0.00663875 -0.01765074 -0.01925033 -0.00502695 -0.00138623 -0.00152333 -0.00150341 -0.00146772 -0.00141677 -0.00134971 -0.00126534 -0.00116221 -0.00103907 -0.00089555 -0.00073357 -0.00055967 -0.00038558 -0.00022806 -0.00000101 0.00006514 0.00001132 -0.00000070 0.00000724 0.00000198 -0.00000143 -0.00011417 -0.00638559 -0.00305406 -0.52624495 17.66734 
0.480 0.02116522 5 7085015.31 -628986.00 -1032177.92 192111.06 1406535.84 7147532.33 695036476.52 0.00632196 -0.02012373 -0.02012628 -0.00473923 -0.00159541 -0.00245834 -0.00245740 -0.00241204 -0.00232997 -0.00221055 -0.00205317 -0.00185747 -0.00162460 -0.00135910 -0.00107113 -0.00077743 -0.00049936 -0.00026023 0.00005576 0.00010823 0.00001300 -0.00000408 0.00000864 0.00000235 -0.00000171 -0.00017746 -0.00683835 -0.00329993 -0.55054367 18.84516 
0.510 0.02333377 5 5457292.58 -517891.13 -1493970.23 -1092829.39 1294182.01 7267801.32 615505234.06 0.00628730 -0.02219610 -0.02113957 -0.00320606 -0.00115663 -0.00163131 -0.00156813 -0.00149754 -0.00141252 -0.00131222 -0.00119557 -0.00106145 -0.00090927 -0.00073981 -0.00055657 -0.00036767 -0.00018590 -0.00002903 0.00014905 0.00009918 0.00000033 -0.00000601 0.00000849 0.00000252 -0.00000160 -0.00009632 -0.00670712 -0.00319531 -0.51320597 20.02299 
0.540 0.02272242 5 5123708.67 -794397.97 -1705660.53 -947694.06 1296696.88 7274764.35 616959435.92 0.00594260 -0.02148747 -0.02062373 -0.00332142 -0.00113434 -0.00112501 -0.00103410 -0.00095244 -0.00086656 -0.00077555 -0.00067818 -0.00057309 -0.00045935 -0.00033686 -0.00020713 -0.00007463 0.00005267 0.00016106 0.00024757 0.00010516 -0.00001170 -0.00000923 0.00000928 0.00000263 -0.00000200 -0.00004344 -0.00659266 -0.00311356 -0.49904246 21.20081 
0.570 0.02134202 4 -3132183.47 1254817.28 2428487.34 1110194.85 -1891024.36 -6034658.58 -520786841.63 -0.00852044 0.01991925 0.02120204 0.00639031 0.00118806 0.00064882 0.00060750 0.00057509 0.00056060 0.00056306 0.00058003 0.00060874 0.00064521 0.00068412 0.00071891 0.00074182 0.00074660 0.00072399 0.00050568 0.00009776 -0.00003556 -0.00001968 -0.00000365 -0.00000225 -0.00000340 0.00009632 0.00700329 0.00333415 0.58395456 22.37863 
0.600 0.02385332 4 -2165227.45 2019902.01 2546152.71 1160197.81 -1831530.82 -6059949.16 -511149326.57 -0.01002140 0.02268234 0.02368723 0.00766604 0.00118647 -0.00034810 -0.00042540 -0.00045665 -0.00044381 -0.00038904 -0.00029826 -0.00017750 -0.00003619 0.00011396 0.00026033 0.00039014 0.00049278 0.00055569 0.00047529 0.00013062 -0.00002416 -0.00002019 -0.00000386 -0.00000206 -0.00000323 0.00001754 0.00786154 0.00369462 0.64868753 23.55646 
0.630 0.02664790 4 -1292778.47 2530391.44 2903597.25 1118061.81 -1766486.37 -6078342.59 -498431735.82 -0.01173462 0.02572172 0.02645928 0.00910512 0.00115413 -0.00124019 -0.00133897 -0.00136243 -0.00132063 -0.00121774 -0.00106195 -0.00086261 -0.00063330 -0.00039032 -0.00015024 0.00007133 0.00026147 0.00040661 0.00047317 0.00017847 -0.00001497 -0.00002241 -0.00000376 -0.00000173 -0.00000313 -0.00005017 0.00880844 0.00410254 0.72282933 24.73428 
0.660 0.02937039 4 -207175.80 3087393.64 3382808.41 1097872.52 -1674468.65 -6100781.71 -479145480.26 -0.01341761 0.02870800 0.02917205 0.01054622 0.00109977 -0.00231153 -0.00244196 -0.00246221 -0.00239285 -0.00223972 -0.00201314 -0.00172585 -0.00139561 -0.00104422 -0.00069332 -0.00036216 -0.00006618 0.00017962 0.00044243 0.00024518 0.00000156 -0.00002494 -0.00000358 -0.00000134 -0.00000304 -0.00013618 0.00973231 0.00448993 0.79302731 25.91210 
0.690 0.03192864 4 1017751.29 3582182.64 4023399.40 1122377.50 -1545324.18 -6164884.08 -453575726.78 -0.01496251 0.03160313 0.03172907 0.01197098 0.00101871 -0.00355004 -0.00372306 -0.00374631 -0.00365362 -0.00345210 -0.00315397 -0.00277510 -0.00233694 -0.00186636 -0.00139080 -0.00093431 -0.00051628 -0.00015451 0.00034530 0.00031101 0.00002821 -0.00002536 -0.00000368 -0.00000112 -0.00000294 -0.00024365 0.01061762 0.00484786 0.85661646 27.08992 
