0.001 0.00011019 4 55752.40 742.32 3277.08 6270.51 6220.70 39241.78 4266477.63 0.00000493 -0.00003438 -0.00011019 -0.00002921 0.00000322 0.00004572 0.00004978 0.00004624 0.00004141 0.00003583 0.00002973 0.00002358 0.00001777 0.00001256 0.00000798 0.00000398 0.00000056 -0.00000231 -0.00000445 0.00000069 0.00001021 -0.00000004 -0.00001039 -0.00000148 0.00000186 0.00000318 -0.00003032 -0.00001253 -0.00228797 0.05135 
0.030 0.00126647 5 -1861223.01 -29540.03 -185766.74 -225030.45 -199057.38 -1221828.40 -137387636.23 0.00035496 0.00126647 0.00055926 0.00049457 0.00037174 0.00055183 0.00055072 0.00052160 0.00047466 0.00041371 0.00034380 0.00027144 0.00020245 0.00014108 0.00008974 0.00004928 0.00001936 -0.00000130 -0.00001861 -0.00000845 0.00000809 -0.00000069 -0.00001103 -0.00000294 0.00000027 0.00002939 0.00052020 0.00025947 0.03609219 1.54063 
0.060 0.00238714 5 3204937.95 26646.92 219445.68 365687.30 353206.31 2239951.74 244780221.60 -0.00062964 -0.00231493 -0.00128457 -0.00092827 -0.00060957 -0.00079283 -0.00078635 -0.00075334 -0.00069511 -0.00061568 -0.00052104 -0.00041928 -0.00031941 -0.00022865 -0.00015151 -0.00009012 -0.00004463 -0.00001363 0.00001598 0.00001313 0.00000192 -0.00000422 -0.00000626 -0.00000330 -0.00000205 -0.00004397 -0.00098202 -0.00048371 -0.06812038 3.08126 
0.090 0.00337963 5 4654867.02 50628.68 315924.62 561392.31 523401.26 3203520.16 353496895.95 -0.00089310 -0.00330457 -0.00179820 -0.00133056 -0.00088795 -0.00128932 -0.00129678 -0.00125891 -0.00118160 -0.00106938 -0.00092960 -0.00077235 -0.00060955 -0.00045355 -0.00031489 -0.00019971 -0.00011058 -0.00004661 0.00002207 0.00002531 0.00000066 -0.00000537 -0.00000345 -0.00000336 -0.00000333 -0.00007849 -0.00140376 -0.00069974 -0.09908392 4.62189 
0.120 0.00443417 5 -6190160.67 -109702.88 -415583.92 -715132.90 -705122.02 -4244618.96 -467674137.76 0.00120997 0.00443417 0.00220079 0.00175022 0.00122894 0.00207274 0.00210394 0.00205507 0.00194861 0.00179031 0.00158908 0.00135723 0.00110903 0.00085994 0.00062545 0.00041979 0.00025226 0.00012508 -0.00002525 -0.00004763 0.00000163 0.00000094 -0.00001313 -0.00000394 -0.00000035 0.00013577 0.00185119 0.00093992 0.13302508 6.16252 
0.150 0.00548158 5 -7697278.64 -131215.21 -554391.68 -909233.06 -876964.54 -5225474.15 -579215985.15 0.00149096 0.00548158 0.00274173 0.00217454 0.00153777 0.00269151 0.00273800 0.00268415 0.00255811 0.00236627 0.00211902 0.00183086 0.00151896 0.00120152 0.00089665 0.00062174 0.00039164 0.00021249 -0.00001192 -0.00006448 -0.00000362 0.00000124 -0.00001325 -0.00000414 -0.00000062 0.00018302 0.00230320 0.00117691 0.16744414 7.70315 
0.180 0.00651279 5 -9177179.27 -146530.03 -719845.41 -1102088.98 -1041798.93 -6166915.94 -687597902.20 0.00177386 0.00651279 0.00327844 0.00259342 0.00184867 0.00336689 0.00343280 0.00337702 0.00323404 0.00301064 0.00271828 0.00237311 0.00199505 0.00160575 0.00122644 0.00087737 0.00057678 0.00033606 0.00001679 -0.00008249 -0.00001084 0.00000124 -0.00001325 -0.00000424 -0.00000079 0.00023773 0.00275356 0.00141709 0.20260053 9.24377 
0.210 0.00750489 5 -10670056.03 -154446.56 -1006868.73 -1431341.18 -1108112.08 -6969287.48 -787856658.87 0.00204074 0.00750489 0.00388420 0.00298677 0.00217022 0.00412993 0.00421693 0.00415917 0.00399806 0.00374085 0.00340006 0.00299329 0.00254293 0.00207424 0.00161222 0.00118044 0.00080072 0.00048947 0.00005730 -0.00010197 -0.00001964 0.00000107 -0.00001321 -0.00000429 -0.00000089 0.00030074 0.00321158 0.00166527 0.23981386 10.78440 
0.240 0.00862054 5 -10824115.67 -137910.82 -806825.78 -1228202.50 -1173225.07 -7477951.50 -819518796.19 0.00170142 0.00862054 0.00533650 0.00313888 0.00220827 0.00444948 0.00455463 0.00451548 0.00437563 0.00413888 0.00381342 0.00341190 0.00295309 0.00246118 0.00196254 0.00148332 0.00104885 0.00067967 0.00013209 -0.00011176 -0.00003106 -0.00000055 -0.00001233 -0.00000422 -0.00000121 0.00034338 0.00362202 0.00188033 0.27650762 12.32503 
0.270 0.00975244 5 -11617274.64 -130603.76 -1058359.06 -1444722.24 -1138930.23 -7844659.35 -867893055.36 0.00123628 0.00975244 0.00707695 0.00337037 0.00236899 0.00516487 0.00529190 0.00525955 0.00511707 0.00486734 0.00451735 0.00407832 0.00356830 0.00301246 0.00244003 0.00188126 0.00136554 0.00091734 0.00022052 -0.00012681 -0.00004455 -0.00000209 -0.00001178 -0.00000410 -0.00000135 0.00041277 0.00414352 0.00216166 0.32735928 13.86566 
0.300 0.01102446 5 -11158342.62 -92039.67 -815860.56 -1083218.83 -1348096.26 -7819127.31 -854032953.78 0.00001844 0.01102446 0.00967613 0.00345625 0.00227356 0.00540392 0.00554828 0.00553963 0.00542867 0.00521610 0.00490427 0.00449783 0.00400769 0.00345367 0.00286330 0.00226886 0.00170400 0.00119736 0.00035441 -0.00012705 -0.00006050 -0.00000549 -0.00001049 -0.00000385 -0.00000170 0.00045903 0.00463441 0.00241635 0.38047705 15.40629 
0.330 0.01384743 4 -6954972.11 -108267.16 885027.41 765372.08 -1512993.53 -6984110.91 -643775171.86 -0.00324957 0.01330561 0.01359301 0.00301252 0.00147731 0.00388623 0.00398834 0.00400056 0.00395901 0.00386317 0.00371219 0.00350492 0.00324046 0.00291963 0.00254775 0.00213906 0.00171575 0.00130362 0.00050951 -0.00006967 -0.00006985 -0.00001266 -0.00000661 -0.00000339 -0.00000297 0.00037195 0.00484473 0.00246868 0.40950084 16.94692 
0.360 0.01587405 4 -5816017.61 351200.56 1088491.86 946133.79 -1640538.96 -6561304.86 -599804310.81 -0.00487345 0.01496952 0.01567125 0.00355566 0.00136801 0.00323563 0.00331059 0.00331859 0.00328969 0.00322327 0.00311821 0.00297276 0.00278494 0.00255355 0.00227971 0.00196848 0.00163093 0.00128548 0.00055825 -0.00003946 -0.00007060 -0.00001545 -0.00000550 -0.00000311 -0.00000324 0.00032475 0.00530159 0.00265777 0.45127310 18.48755 
0.390 0.01824365 5 7470722.85 -15827.30 -535249.53 -869006.85 508020.36 8382786.18 697723337.79 0.00235301 -0.01712764 -0.01514170 -0.00281374 -0.00121005 -0.00306362 -0.00316387 -0.00320043 -0.00319772 -0.00315431 -0.00306836 -0.00293789 -0.00276111 -0.00253643 -0.00226350 -0.00194691 -0.00159963 -0.00124558 -0.00052142 0.00004025 0.00005540 0.00000996 0.00000891 -0.00000012 -0.00000369 -0.00031875 -0.00546351 -0.00273049 -0.41931011 20.02818 
0.420 0.01998517 5 6781999.34 -147040.58 -1045958.52 -949522.06 655054.04 8269466.46 678255849.92 0.00314726 -0.01870831 -0.01675941 -0.00302129 -0.00111636 -0.00261723 -0.00269730 -0.00273393 -0.00274495 -0.00272883 -0.00268349 -0.00260656 -0.00249552 -0.00234748 -0.00215927 -0.00192897 -0.00165918 -0.00136367 -0.00067127 -0.00001821 0.00005942 0.00001578 0.00000804 -0.00000090 -0.00000382 -0.00029807 -0.00584916 -0.00290029 -0.44860831 21.56881 
0.450 0.02235147 5 -9807467.14 257536.80 -7072.67 -1341303.15 -1199196.28 -7517431.84 -805453532.19 -0.00604358 0.02235147 0.02029468 0.00633366 0.00186985 0.00466317 0.00486911 0.00493987 0.00493263 0.00484670 0.00468123 0.00443516 0.00410826 0.00370357 0.00323164 0.00271374 0.00217879 0.00165973 0.00065119 -0.00009599 -0.00008730 -0.00001153 -0.00000670 -0.00000091 -0.00000035 0.00046728 0.00761897 0.00381982 0.63086506 23.10944 
0.480 0.02521470 5 -8521604.13 638585.93 359671.32 -653612.33 -1115734.11 -7750514.95 -771354459.50 -0.00680565 0.02521470 0.02217701 0.00629984 0.00167130 0.00364342 0.00379324 0.00384703 0.00384776 0.00379455 0.00368602 0.00352030 0.00329546 0.00301067 0.00266859 0.00227897 0.00185948 0.00143662 0.00057773 -0.00008352 -0.00007791 -0.00001082 -0.00000702 -0.00000116 -0.00000042 0.00037538 0.00807342 0.00398404 0.64838022 24.65006 
