0.001 0.00011697 4 82916.22 1656.75 9377.48 11041.93 9140.18 51699.87 5992354.31 0.00000266 -0.00004671 -0.00011697 -0.00003551 -0.00000208 0.00003874 0.00004307 0.00004011 0.00003602 0.00003124 0.00002600 0.00002068 0.00001563 0.00001108 0.00000704 0.00000345 0.00000032 -0.00000235 -0.00000433 0.00000069 0.00001004 -0.00000016 -0.00001042 -0.00000154 0.00000179 0.00000283 -0.00003644 -0.00001558 -0.00275405 0.05740 
0.030 0.00164739 5 1606254.95 2891.61 -18141.75 3257.94 131968.17 1486278.99 137385536.10 -0.00050169 -0.00157733 -0.00086135 -0.00051691 -0.00029487 -0.00025967 -0.00024927 -0.00023478 -0.00021232 -0.00018339 -0.00015061 -0.00011755 -0.00008676 -0.00005995 -0.00003809 -0.00002151 -0.00000996 -0.00000280 0.00000327 0.00000334 0.00000392 -0.00000283 -0.00000817 -0.00000306 -0.00000093 -0.00001285 -0.00060353 -0.00028974 -0.03788567 1.72191 
0.060 0.00302071 5 3139567.76 -41036.88 3882.13 101281.26 283626.27 2791814.98 266735424.78 -0.00092765 -0.00294668 -0.00153921 -0.00098792 -0.00059464 -0.00070051 -0.00069962 -0.00067985 -0.00064121 -0.00058481 -0.00051319 -0.00043043 -0.00034265 -0.00025747 -0.00018099 -0.00011687 -0.00006689 -0.00003081 0.00000912 0.00001353 0.00000115 -0.00000432 -0.00000496 -0.00000340 -0.00000275 -0.00004342 -0.00113529 -0.00055526 -0.07354863 3.44383 
0.090 0.00431683 5 6109022.70 150755.79 518690.28 678599.13 654347.08 4106630.41 453443797.16 -0.00111176 -0.00424038 -0.00227021 -0.00168136 -0.00115707 -0.00174231 -0.00175477 -0.00170172 -0.00159261 -0.00143473 -0.00123941 -0.00102194 -0.00079919 -0.00058741 -0.00040034 -0.00024709 -0.00013027 -0.00004766 0.00003717 0.00003422 -0.00000233 -0.00000603 0.00000045 -0.00000299 -0.00000449 -0.00010423 -0.00179034 -0.00089464 -0.12687342 5.16574 
0.120 0.00571110 5 7859134.80 163097.02 649845.46 830211.11 826243.05 5389738.17 588591370.01 -0.00152596 -0.00563263 -0.00296238 -0.00218908 -0.00151245 -0.00239117 -0.00241713 -0.00235708 -0.00222596 -0.00203076 -0.00178320 -0.00149914 -0.00119872 -0.00090345 -0.00063250 -0.00040145 -0.00022127 -0.00009137 0.00004832 0.00005310 -0.00000160 -0.00000630 0.00000431 -0.00000225 -0.00000517 -0.00014986 -0.00235618 -0.00118413 -0.16716137 6.88766 
0.150 0.00700177 5 9585476.51 174645.68 813886.37 1023134.84 1014519.04 6559290.57 718299218.55 -0.00187554 -0.00691198 -0.00361848 -0.00268133 -0.00186241 -0.00327856 -0.00333539 -0.00328121 -0.00314037 -0.00291905 -0.00262788 -0.00228102 -0.00189750 -0.00150133 -0.00111840 -0.00077180 -0.00048085 -0.00025696 0.00001922 0.00008268 0.00000707 -0.00000563 0.00000759 -0.00000111 -0.00000520 -0.00022583 -0.00289556 -0.00147734 -0.20985647 8.60957 
0.180 0.00806432 5 11089649.57 160976.74 1010895.82 1334835.39 1121649.79 7461291.83 826344692.28 -0.00211808 -0.00791784 -0.00422431 -0.00310085 -0.00216879 -0.00420730 -0.00431114 -0.00427808 -0.00414412 -0.00391450 -0.00359859 -0.00320871 -0.00276213 -0.00228165 -0.00179444 -0.00133002 -0.00091569 -0.00057137 -0.00008473 0.00010970 0.00002396 -0.00000334 0.00000962 0.00000005 -0.00000457 -0.00032042 -0.00335635 -0.00174359 -0.25077799 10.33148 
0.210 0.00869990 5 -7456345.21 192341.84 568916.02 246530.06 -656030.62 -7808102.50 -690223771.46 0.00275757 0.00869990 0.00413453 0.00259271 0.00152881 0.00215100 0.00221572 0.00221433 0.00217085 0.00208585 0.00196014 0.00179472 0.00159137 0.00135398 0.00109160 0.00082095 0.00056288 0.00033841 0.00002306 -0.00007990 -0.00001170 0.00000226 -0.00001026 -0.00000288 -0.00000037 0.00017417 0.00312015 0.00155517 0.20073393 12.05340 
0.240 0.00918068 5 -8193142.57 128383.13 272654.73 126326.20 -757192.85 -7963313.78 -726442455.21 0.00247166 0.00918068 0.00493730 0.00264395 0.00161760 0.00288656 0.00299028 0.00300802 0.00297213 0.00288326 0.00274239 0.00255083 0.00231069 0.00202616 0.00170625 0.00136717 0.00102971 0.00071906 0.00020601 -0.00007434 -0.00002955 -0.00000189 -0.00000964 -0.00000211 0.00000005 0.00025933 0.00334698 0.00170675 0.22962513 13.77531 
0.270 0.00907975 5 9066924.88 396678.17 261449.83 -273385.11 990236.79 7691945.20 729264114.08 -0.00111917 -0.00863799 -0.00621766 -0.00262604 -0.00158438 -0.00433740 -0.00454544 -0.00463342 -0.00464919 -0.00459165 -0.00445942 -0.00425104 -0.00396580 -0.00360560 -0.00317833 -0.00270110 -0.00219851 -0.00170085 -0.00069574 0.00008466 0.00008877 0.00001266 0.00000697 -0.00000081 -0.00000348 -0.00045248 -0.00340671 -0.00183735 -0.27490122 15.49723 
0.300 0.00974144 5 11922298.97 297287.37 1164816.20 1114694.32 1293062.23 8052438.86 882997695.67 -0.00200173 -0.00932366 -0.00635542 -0.00343669 -0.00232906 -0.00480131 -0.00492790 -0.00490702 -0.00478011 -0.00455108 -0.00422749 -0.00381871 -0.00333892 -0.00280808 -0.00225095 -0.00169539 -0.00116870 -0.00069689 0.00004610 0.00026831 0.00004508 -0.00001281 0.00001012 0.00000123 -0.00000433 -0.00036750 -0.00404891 -0.00209326 -0.30879480 17.21914 
0.330 0.01076988 5 6192291.20 -1216506.34 -1876646.88 -432441.30 685655.55 9032230.18 746201219.63 -0.00403537 -0.01058033 -0.00522726 -0.00330600 -0.00160223 -0.00006830 0.00000026 0.00003756 0.00005861 0.00006484 0.00005849 0.00004247 0.00002035 -0.00000384 -0.00002582 -0.00004129 -0.00004602 -0.00003718 0.00003162 0.00008654 0.00001273 -0.00000539 0.00000808 -0.00000054 -0.00000485 0.00000553 -0.00382777 -0.00179143 -0.21694296 18.94105 
0.360 0.01150855 5 7171793.97 -945047.50 -1352750.11 -409409.22 890383.31 8988617.50 774896441.69 -0.00361159 -0.01108199 -0.00675384 -0.00339714 -0.00136322 -0.00101551 -0.00103897 -0.00105766 -0.00107543 -0.00109081 -0.00110153 -0.00110466 -0.00109673 -0.00107396 -0.00103269 -0.00096909 -0.00087901 -0.00076031 -0.00038663 0.00003319 0.00004438 0.00000463 0.00000765 -0.00000104 -0.00000459 -0.00013177 -0.00409721 -0.00199067 -0.25654048 20.66297 
0.390 0.01216083 5 7776409.49 -531141.26 -1088395.71 -516218.77 729043.24 9183121.98 783352435.33 -0.00299178 -0.01169965 -0.00779248 -0.00340916 -0.00079626 -0.00172564 -0.00185996 -0.00194886 -0.00201966 -0.00207084 -0.00210016 -0.00210472 -0.00208130 -0.00202703 -0.00193984 -0.00181692 -0.00165329 -0.00144581 -0.00080502 -0.00004923 0.00005155 0.00000912 0.00000748 -0.00000122 -0.00000437 -0.00025554 -0.00412318 -0.00206860 -0.27376326 22.38488 
0.420 0.01277244 5 -8422181.32 302893.70 856240.65 460074.19 -435920.26 -9605469.60 -809348065.99 0.00351107 0.01277244 0.00737055 0.00321028 0.00179939 0.00205179 0.00208731 0.00207529 0.00203210 0.00195853 0.00185550 0.00172432 0.00156652 0.00138387 0.00117858 0.00095406 0.00071594 0.00047554 0.00001618 -0.00019255 -0.00004371 0.00000456 -0.00001210 -0.00000431 -0.00000097 0.00016658 0.00447451 0.00218604 0.28211663 24.10680 
0.450 0.01350057 5 -9032203.61 107045.33 433755.99 485212.62 -301539.72 -9756677.82 -824806460.70 0.00310426 0.01350057 0.00817058 0.00314431 0.00183157 0.00283620 0.00291503 0.00292199 0.00288380 0.00280126 0.00267547 0.00250793 0.00230051 0.00205550 0.00177604 0.00146740 0.00113856 0.00080610 0.00014237 -0.00023492 -0.00007113 0.00000294 -0.00001111 -0.00000409 -0.00000106 0.00024873 0.00466188 0.00231751 0.30656464 25.82871 
0.480 0.01415191 5 -9562445.43 -77681.81 12724.22 500189.80 -226870.66 -9770806.98 -833174517.82 0.00257734 0.01415191 0.00896159 0.00307981 0.00185184 0.00356650 0.00368529 0.00370934 0.00367519 0.00358367 0.00343593 0.00323362 0.00297883 0.00267424 0.00232396 0.00193578 0.00152311 0.00110836 0.00027202 -0.00026449 -0.00009957 0.00000008 -0.00001015 -0.00000377 -0.00000114 0.00032536 0.00482118 0.00243290 0.32987405 27.55062 
0.510 0.01447325 5 -10255742.90 -336209.56 -518382.68 477642.27 -193392.17 -9685400.76 -841392665.07 0.00210771 0.01447325 0.00954045 0.00307937 0.00171676 0.00423746 0.00441173 0.00446178 0.00443733 0.00433926 0.00416885 0.00392799 0.00361923 0.00324618 0.00281542 0.00234020 0.00184095 0.00134573 0.00035165 -0.00031035 -0.00012483 -0.00000067 -0.00000932 -0.00000368 -0.00000126 0.00039447 0.00487948 0.00249693 0.34520134 29.27254 
0.540 0.01469186 5 -10781801.98 -434873.61 -974885.15 383945.90 -183172.89 -9572816.23 -850115459.19 0.00163555 0.01469186 0.01004937 0.00309164 0.00164820 0.00477853 0.00499238 0.00506073 0.00504269 0.00493883 0.00475027 0.00447878 0.00412710 0.00369996 0.00320701 0.00266638 0.00210313 0.00154816 0.00043278 -0.00033385 -0.00014191 -0.00000124 -0.00000888 -0.00000365 -0.00000133 0.00045097 0.00493592 0.00255341 0.35986138 30.99445 
0.570 0.01494442 5 -11027447.93 -396155.67 -1230252.15 261401.55 -194293.69 -9468147.98 -856143432.34 0.00125456 0.01494442 0.01053240 0.00312888 0.00158273 0.00505343 0.00528987 0.00537045 0.00535957 0.00525745 0.00506485 0.00478311 0.00441477 0.00396508 0.00344527 0.00287535 0.00228156 0.00169553 0.00050399 -0.00034576 -0.00015568 -0.00000232 -0.00000844 -0.00000353 -0.00000137 0.00048364 0.00500345 0.00260242 0.37174625 32.71636 
0.600 0.01510717 5 -11054438.85 -284988.64 -1328633.37 121531.22 -250004.72 -9312343.35 -856903264.82 0.00091025 0.01510717 0.01096657 0.00310886 0.00147660 0.00518700 0.00543990 0.00553267 0.00553289 0.00544054 0.00525599 0.00498012 0.00461494 0.00416522 0.00364173 0.00306390 0.00245734 0.00185360 0.00060192 -0.00033697 -0.00016794 -0.00000512 -0.00000785 -0.00000325 -0.00000143 0.00050834 0.00502805 0.00262707 0.37919857 34.43828 
0.630 0.01522850 5 -10983112.79 -205264.65 -1350192.29 65820.08 -277050.62 -9216425.31 -854026714.10 0.00073013 0.01522850 0.01124975 0.00309287 0.00133085 0.00517739 0.00544383 0.00554886 0.00556223 0.00548378 0.00531364 0.00505234 0.00470145 0.00426498 0.00375251 0.00318210 0.00257802 0.00197102 0.00068360 -0.00033302 -0.00018016 -0.00000680 -0.00000728 -0.00000307 -0.00000150 0.00051964 0.00502396 0.00263116 0.38113129 36.16019 
0.660 0.01553384 5 -10935585.36 -156156.12 -1373154.15 27695.25 -272313.67 -9161656.68 -851595729.49 0.00052114 0.01553384 0.01162144 0.00308636 0.00117285 0.00522155 0.00550831 0.00563070 0.00566196 0.00560180 0.00545008 0.00520695 0.00487344 0.00445258 0.00395238 0.00338890 0.00278459 0.00216929 0.00082611 -0.00030473 -0.00019315 -0.00001109 -0.00000653 -0.00000263 -0.00000154 0.00054336 0.00505010 0.00265601 0.38594653 37.88211 
0.690 0.01602547 5 -10744858.98 -79689.97 -1298238.01 -6001.98 -248937.48 -9111991.54 -844976976.14 0.00022422 0.01602547 0.01214080 0.00309210 0.00101548 0.00515289 0.00544996 0.00558422 0.00563045 0.00558819 0.00545702 0.00523668 0.00492753 0.00453154 0.00405467 0.00351020 0.00291794 0.00230647 0.00093394 -0.00028532 -0.00020897 -0.00001626 -0.00000568 -0.00000210 -0.00000158 0.00055251 0.00511319 0.00269045 0.39214403 39.60402 
0.720 0.01666924 5 -10461986.87 11555.29 -1145026.14 -49271.66 -219019.43 -9060224.93 -835777588.86 -0.00019758 0.01666924 0.01278250 0.00308282 0.00089186 0.00510279 0.00540508 0.00554865 0.00560873 0.00558473 0.00547594 0.00528168 0.00500162 0.00463645 0.00418973 0.00367104 0.00309643 0.00249220 0.00108759 -0.00024105 -0.00022176 -0.00002300 -0.00000484 -0.00000143 -0.00000159 0.00056722 0.00520685 0.00274217 0.40187038 41.32593 
0.750 0.01773230 3 -3776396.31 1817740.07 3793250.46 -2439564.42 -2110362.20 -4837460.22 -577545165.46 -0.01402533 0.00689057 0.01507091 0.01761722 0.00671170 0.00163913 0.00144824 0.00129815 0.00116839 0.00105825 0.00096618 0.00088974 0.00082538 0.00076821 0.00071282 0.00065476 0.00059114 0.00051971 0.00027954 -0.00016706 -0.00021177 -0.00004119 -0.00000029 0.00000205 -0.00000071 0.00010056 0.00840883 0.00399528 0.87985685 43.04785 
0.780 0.01882249 3 -4024452.64 1846145.30 3583634.04 -2650120.52 -2160500.77 -4643610.69 -581920194.73 -0.01447863 0.00651066 0.01548796 0.01871463 0.00615077 0.00126150 0.00114560 0.00105519 0.00098070 0.00092138 0.00087559 0.00084090 0.00081378 0.00078937 0.00076220 0.00072766 0.00068261 0.00062450 0.00038866 -0.00010848 -0.00020213 -0.00004249 -0.00000050 0.00000274 -0.00000001 0.00010082 0.00848381 0.00403057 0.89481000 44.76976 
0.810 0.01881560 3 -4273916.89 1622708.72 3544079.98 -2812006.78 -2274923.26 -4353775.56 -575227831.17 -0.01463542 0.00506735 0.01421094 0.01874541 0.00631313 0.00194216 0.00187891 0.00182228 0.00177165 0.00172624 0.00168444 0.00164389 0.00160119 0.00155156 0.00148966 0.00141116 0.00131351 0.00119481 0.00077296 -0.00001351 -0.00022008 -0.00005404 0.00000056 0.00000383 0.00000010 0.00020448 0.00814591 0.00392723 0.88819176 46.49168 
0.840 0.01905027 3 -4359668.03 2086730.03 2854795.46 -2861907.21 -2242287.83 -4196998.46 -582431894.11 -0.01486241 0.00490838 0.01436829 0.01900319 0.00603810 0.00180678 0.00175834 0.00171576 0.00167894 0.00164714 0.00161881 0.00159162 0.00156214 0.00152545 0.00147600 0.00140941 0.00132329 0.00121595 0.00081787 0.00002971 -0.00021216 -0.00005723 0.00000036 0.00000456 0.00000074 0.00020265 0.00810786 0.00390842 0.88833610 48.21359 
0.870 0.01922065 3 -4450259.75 2616999.96 2105857.85 -2948353.23 -2192204.89 -4032559.45 -591380289.37 -0.01495266 0.00421321 0.01412968 0.01916255 0.00584291 0.00179226 0.00174661 0.00170746 0.00167399 0.00164554 0.00162065 0.00159707 0.00157135 0.00153848 0.00149269 0.00142958 0.00134698 0.00124346 0.00085493 0.00005731 -0.00021442 -0.00006312 0.00000053 0.00000551 0.00000132 0.00020582 0.00796198 0.00384172 0.88199843 49.93550 
0.900 0.01905228 3 -4353308.97 3293617.54 1277236.25 -2936744.90 -2248178.46 -3739239.40 -593817529.32 -0.01494864 0.00288716 0.01334190 0.01903917 0.00588521 0.00173407 0.00166426 0.00160734 0.00155894 0.00151856 0.00148488 0.00145574 0.00142775 0.00139580 0.00135395 0.00129783 0.00122542 0.00113544 0.00079513 0.00005963 -0.00020894 -0.00006230 0.00000059 0.00000574 0.00000171 0.00018942 0.00766582 0.00369418 0.86391785 51.65742 
0.930 0.01815258 3 -3949428.42 3870616.32 587334.45 -2680520.00 -2383457.76 -3343401.43 -576059071.64 -0.01476042 0.00084251 0.01216571 0.01815258 0.00593025 0.00179432 0.00167742 0.00158276 0.00150067 0.00143089 0.00137226 0.00132284 0.00127932 0.00123651 0.00118837 0.00113064 0.00106167 0.00098037 0.00068723 0.00003607 -0.00020876 -0.00006070 0.00000115 0.00000596 0.00000196 0.00017117 0.00706763 0.00340407 0.82189104 53.37933 
0.960 0.01824738 2 11400118.00 -3533345.73 5310615.59 1399637.80 407198.58 7816011.76 935422800.09 0.01184423 0.00152329 -0.00200625 -0.00618809 -0.01824738 -0.02133692 -0.02119963 -0.02094233 -0.02056931 -0.02008007 -0.01947363 -0.01874844 -0.01790290 -0.01693588 -0.01584661 -0.01463455 -0.01330338 -0.01187367 -0.00808553 -0.00253664 0.00019978 0.00032555 -0.00001008 -0.00002897 -0.00000454 -0.00244828 -0.00654045 -0.00436660 -0.99405575 55.10125 
0.990 0.01933285 2 11330089.80 -3864391.88 5473648.95 1362127.76 264671.54 8094033.42 951707801.53 0.01273105 0.00067409 -0.00252865 -0.00684731 -0.01933285 -0.02188044 -0.02168545 -0.02138717 -0.02097895 -0.02046031 -0.01983021 -0.01908708 -0.01822929 -0.01725570 -0.01616517 -0.01495567 -0.01362818 -0.01219945 -0.00838494 -0.00272061 0.00015991 0.00033416 -0.00000943 -0.00002950 -0.00000433 -0.00251052 -0.00712955 -0.00467581 -1.05702573 56.82316 
1.020 0.02053749 2 11275548.43 -4093570.60 5599551.65 1353358.44 131986.86 8284222.07 961660522.74 0.01364358 0.00003927 -0.00287705 -0.00739379 -0.02053749 -0.02259389 -0.02233564 -0.02198843 -0.02153367 -0.02097088 -0.02029904 -0.01951661 -0.01862208 -0.01761457 -0.01649298 -0.01525470 -0.01389985 -0.01244468 -0.00856597 -0.00279993 0.00015238 0.00034172 -0.00000952 -0.00003006 -0.00000418 -0.00257027 -0.00767472 -0.00496312 -1.11795471 58.54507 
1.050 0.02168070 2 11165285.18 -4431429.01 5738405.32 1323364.77 -5914.36 8540858.45 976070649.50 0.01478031 -0.00156416 -0.00395270 -0.00836431 -0.02168070 -0.02304629 -0.02272376 -0.02233060 -0.02183557 -0.02123817 -0.02053733 -0.01973148 -0.01881917 -0.01779960 -0.01667151 -0.01543125 -0.01407714 -0.01262277 -0.00873240 -0.00290372 0.00012766 0.00034526 -0.00000920 -0.00003024 -0.00000400 -0.00260918 -0.00850529 -0.00537314 -1.19736471 60.26699 
1.080 0.02276159 2 11065450.19 -4712511.75 5919828.04 1225603.19 -42463.84 8674994.54 984985143.70 0.01609407 -0.00320882 -0.00523253 -0.00922796 -0.02276159 -0.02358184 -0.02320375 -0.02277030 -0.02223929 -0.02161018 -0.02088189 -0.02005283 -0.01912153 -0.01808725 -0.01694845 -0.01570053 -0.01434037 -0.01287955 -0.00895985 -0.00303856 0.00009568 0.00034947 -0.00000873 -0.00003047 -0.00000382 -0.00266332 -0.00931526 -0.00578159 -1.27810049 61.98890 
1.110 0.02390296 2 11009786.64 -4965477.17 6104981.18 1138815.40 -112712.82 8844180.05 995256762.83 0.01738185 -0.00476263 -0.00637373 -0.00999247 -0.02390296 -0.02423074 -0.02379688 -0.02332183 -0.02275251 -0.02208841 -0.02132843 -0.02047093 -0.01951453 -0.01845858 -0.01730140 -0.01603725 -0.01466151 -0.01318427 -0.00921270 -0.00317209 0.00007291 0.00035763 -0.00000856 -0.00003115 -0.00000379 -0.00272823 -0.01008936 -0.00617895 -1.35717573 63.71082 
1.140 0.02511215 2 10952375.95 -5209814.49 6315254.20 1020384.55 -163761.12 8990312.81 1004029403.80 0.01872044 -0.00624058 -0.00745679 -0.01065471 -0.02511215 -0.02498762 -0.02449608 -0.02397727 -0.02336714 -0.02266516 -0.02187028 -0.02098079 -0.01999539 -0.01891359 -0.01773346 -0.01644790 -0.01505080 -0.01355130 -0.00951438 -0.00333094 0.00004510 0.00036657 -0.00000830 -0.00003192 -0.00000381 -0.00280640 -0.01083742 -0.00657115 -1.43640141 65.43273 
1.170 0.02640971 2 10848121.30 -5464322.12 6547531.12 877849.36 -218238.09 9105301.01 1009255451.67 0.02016816 -0.00760632 -0.00846844 -0.01126982 -0.02640971 -0.02580662 -0.02525008 -0.02468148 -0.02402442 -0.02327842 -0.02244249 -0.02151494 -0.02049457 -0.01938103 -0.01817191 -0.01685855 -0.01543384 -0.01390671 -0.00979737 -0.00347453 0.00002038 0.00037459 -0.00000808 -0.00003255 -0.00000373 -0.00288566 -0.01156531 -0.00695448 -1.51605945 67.15464 
1.200 0.02777517 2 10720700.16 -5711410.93 6797444.06 702509.42 -252913.02 9185070.63 1011681262.00 0.02170471 -0.00890689 -0.00947775 -0.01184711 -0.02777517 -0.02671095 -0.02608592 -0.02546386 -0.02475575 -0.02396117 -0.02307930 -0.02210837 -0.02104726 -0.01989569 -0.01865038 -0.01730106 -0.01584026 -0.01427743 -0.01008156 -0.00361310 -0.00000322 0.00038220 -0.00000792 -0.00003323 -0.00000379 -0.00297094 -0.01229007 -0.00733953 -1.59758994 68.87656 
