0.001 0.00011592 4 60906.67 -285.11 1008.61 3565.92 6118.63 50498.62 5016679.37 0.00000017 -0.00004691 -0.00011592 -0.00003199 0.00000203 0.00004632 0.00005043 0.00004689 0.00004202 0.00003637 0.00003018 0.00002393 0.00001802 0.00001272 0.00000807 0.00000401 0.00000055 -0.00000234 -0.00000449 0.00000064 0.00001015 -0.00000009 -0.00001040 -0.00000150 0.00000183 0.00000320 -0.00003425 -0.00001435 -0.00248674 0.04408 
0.030 0.00158108 5 1762449.91 -3323.60 37225.64 108538.00 178879.70 1441130.17 144097107.10 -0.00043593 -0.00151114 -0.00085244 -0.00055474 -0.00033078 -0.00030444 -0.00029119 -0.00027126 -0.00024263 -0.00020822 -0.00017068 -0.00013306 -0.00009806 -0.00006760 -0.00004278 -0.00002395 -0.00001081 -0.00000262 0.00000424 0.00000392 0.00000417 -0.00000284 -0.00000833 -0.00000301 -0.00000079 -0.00001467 -0.00060915 -0.00029335 -0.03986208 1.32246 
0.060 0.00295830 5 3445475.53 -11555.63 75457.20 262753.35 367482.46 2751338.15 280020381.36 -0.00083738 -0.00288446 -0.00155284 -0.00106955 -0.00066173 -0.00072036 -0.00070654 -0.00066943 -0.00060978 -0.00053205 -0.00044229 -0.00034856 -0.00025944 -0.00018075 -0.00011561 -0.00006507 -0.00002865 -0.00000466 0.00001599 0.00001019 -0.00000022 -0.00000440 -0.00000519 -0.00000343 -0.00000265 -0.00003768 -0.00116297 -0.00056519 -0.07698640 2.64491 
0.090 0.00421513 5 5037998.47 -24240.93 158292.79 425181.43 542602.39 3936162.80 405953199.80 -0.00119497 -0.00413869 -0.00218967 -0.00154673 -0.00098238 -0.00115959 -0.00114983 -0.00109973 -0.00101263 -0.00089459 -0.00075441 -0.00060383 -0.00045523 -0.00032014 -0.00020678 -0.00011790 -0.00005299 -0.00000939 0.00002934 0.00001862 -0.00000354 -0.00000552 -0.00000180 -0.00000337 -0.00000398 -0.00006351 -0.00167574 -0.00081929 -0.11213210 3.96737 
0.120 0.00543771 5 6476826.33 -49499.25 216973.19 553774.98 699292.72 5056284.69 522429253.84 -0.00155818 -0.00535958 -0.00280336 -0.00200035 -0.00128498 -0.00153591 -0.00152806 -0.00146613 -0.00135611 -0.00120490 -0.00102322 -0.00082555 -0.00062773 -0.00044472 -0.00028847 -0.00016510 -0.00007458 -0.00001335 0.00004168 0.00002674 -0.00000586 -0.00000598 0.00000158 -0.00000305 -0.00000494 -0.00008569 -0.00216886 -0.00106223 -0.14532518 5.28983 
0.150 0.00662359 5 7786867.46 -47505.23 243289.12 647049.97 835558.49 6108475.11 628763541.25 -0.00193171 -0.00654267 -0.00339481 -0.00243168 -0.00156256 -0.00194707 -0.00193795 -0.00186299 -0.00173031 -0.00154690 -0.00132418 -0.00107768 -0.00082586 -0.00058742 -0.00037826 -0.00021019 -0.00008761 -0.00000588 0.00006378 0.00003773 -0.00000752 -0.00000615 0.00000485 -0.00000241 -0.00000552 -0.00010943 -0.00264259 -0.00129692 -0.17710921 6.61228 
0.180 0.00776310 5 9024154.97 -24258.41 311918.05 696889.36 954423.92 7085182.05 726381622.09 -0.00227682 -0.00766913 -0.00396822 -0.00282548 -0.00182612 -0.00242524 -0.00242209 -0.00233979 -0.00218978 -0.00197897 -0.00171887 -0.00142506 -0.00111718 -0.00081717 -0.00054536 -0.00031805 -0.00014610 -0.00002841 0.00007913 0.00005329 -0.00000660 -0.00000604 0.00000777 -0.00000140 -0.00000560 -0.00014201 -0.00309175 -0.00152478 -0.20836287 7.93474 
0.210 0.00868127 5 9998279.89 413.76 401160.26 739591.88 1018147.63 7838966.37 801067772.26 -0.00254231 -0.00853964 -0.00440885 -0.00312111 -0.00203192 -0.00284963 -0.00285894 -0.00277675 -0.00261847 -0.00239064 -0.00210433 -0.00177443 -0.00142033 -0.00106524 -0.00073301 -0.00044464 -0.00021680 -0.00005645 0.00009664 0.00007168 -0.00000478 -0.00000628 0.00000996 -0.00000022 -0.00000521 -0.00017377 -0.00343779 -0.00170387 -0.23311848 9.25720 
0.240 0.00888524 5 10037665.44 -17262.89 456166.59 918168.83 764583.11 7916009.80 800670386.81 -0.00269675 -0.00865458 -0.00455008 -0.00312793 -0.00202946 -0.00289207 -0.00290723 -0.00283135 -0.00268080 -0.00246086 -0.00218092 -0.00185333 -0.00149505 -0.00112783 -0.00077584 -0.00046337 -0.00021149 -0.00003208 0.00012966 0.00008450 -0.00000559 -0.00000719 0.00001096 0.00000052 -0.00000480 -0.00017754 -0.00349797 -0.00173408 -0.23629848 10.57965 
0.270 0.01185691 5 9156286.28 214421.26 -54254.80 122335.76 1170266.52 7703517.53 754004240.36 0.00112981 -0.01120805 -0.01121176 -0.00319800 -0.00165238 -0.00423843 -0.00439874 -0.00444696 -0.00442385 -0.00432829 -0.00415904 -0.00391488 -0.00359591 -0.00320619 -0.00275784 -0.00227317 -0.00178191 -0.00131648 -0.00046589 0.00009768 0.00006446 0.00000667 0.00000802 0.00000043 -0.00000253 -0.00040659 -0.00454089 -0.00234465 -0.37805879 11.90211 
0.300 0.01453309 5 4763366.14 -595180.53 -1393087.64 -1149138.72 654632.76 7246140.26 567879372.33 0.00306858 -0.01372642 -0.01363912 -0.00304164 -0.00091380 -0.00130362 -0.00132738 -0.00134284 -0.00135308 -0.00135660 -0.00135121 -0.00133415 -0.00130221 -0.00125186 -0.00117957 -0.00108244 -0.00095881 -0.00081057 -0.00041687 -0.00001998 0.00003195 0.00000897 0.00000609 -0.00000112 -0.00000312 -0.00015848 -0.00469221 -0.00228379 -0.36788123 13.22457 
0.330 0.01675695 5 5009886.12 -482699.10 -1203571.85 -1197479.30 575133.13 7318503.24 571914943.09 0.00399206 -0.01578863 -0.01540267 -0.00325528 -0.00090126 -0.00159916 -0.00164416 -0.00167186 -0.00168919 -0.00169466 -0.00168607 -0.00166066 -0.00161517 -0.00154616 -0.00145028 -0.00132490 -0.00116909 -0.00098735 -0.00051409 -0.00002970 0.00003962 0.00001162 0.00000626 -0.00000131 -0.00000326 -0.00019616 -0.00517555 -0.00253038 -0.40970634 14.54702 
0.360 0.01707960 5 8584452.38 163727.99 -91566.09 -439831.43 1058968.13 7893153.77 731497478.46 0.00335241 -0.01615796 -0.01559970 -0.00367592 -0.00150134 -0.00432459 -0.00451534 -0.00460039 -0.00462217 -0.00457935 -0.00447015 -0.00429263 -0.00404507 -0.00372598 -0.00333770 -0.00289009 -0.00240156 -0.00190132 -0.00083953 0.00004743 0.00009676 0.00001834 0.00000723 -0.00000007 -0.00000209 -0.00046786 -0.00567342 -0.00290811 -0.47308569 15.86948 
0.390 0.01915523 5 -12911318.42 -407003.63 -1870829.69 -1609540.02 -1019139.69 -8004805.38 -907344465.87 -0.00444817 0.01915523 0.01728710 0.00569424 0.00221982 0.00720550 0.00754089 0.00765276 0.00762871 0.00746959 0.00717817 0.00675867 0.00621984 0.00557779 0.00485763 0.00409324 0.00332197 0.00258132 0.00112050 -0.00005813 -0.00013011 -0.00002550 -0.00000828 0.00000075 0.00000211 0.00072351 0.00692106 0.00362878 0.60155705 17.19194 
0.420 0.02230204 4 -5891362.72 709945.09 1328546.95 359099.89 -1135708.70 -7153245.95 -637784233.71 -0.00906030 0.02219793 0.02197740 0.00967573 0.00134938 0.00138640 0.00152571 0.00160870 0.00167681 0.00172881 0.00176263 0.00177533 0.00176281 0.00172019 0.00164349 0.00153117 0.00138361 0.00120281 0.00067000 0.00002809 -0.00007637 -0.00002139 -0.00000585 0.00000062 0.00000117 0.00021078 0.00815712 0.00393584 0.68874591 18.51439 
0.450 0.02457647 5 -4432139.73 680290.63 1478789.10 805751.79 -313744.20 -7083227.04 -544769712.45 -0.01034256 0.02457647 0.02335948 0.01227115 0.00118148 -0.00080635 -0.00073209 -0.00067142 -0.00059829 -0.00051399 -0.00042080 -0.00032204 -0.00022251 -0.00012818 -0.00004461 0.00002473 0.00007801 0.00011306 0.00009291 -0.00006198 -0.00005868 -0.00000905 -0.00000517 0.00000071 0.00000167 -0.00003498 0.00902506 0.00421215 0.73772881 19.83685 
