0.001 0.00011281 4 61251.50 -488.95 3948.21 6840.33 6851.23 44100.68 4779770.45 0.00000365 -0.00003946 -0.00011281 -0.00003122 0.00000186 0.00004509 0.00004921 0.00004573 0.00004096 0.00003542 0.00002937 0.00002326 0.00001749 0.00001232 0.00000779 0.00000382 0.00000043 -0.00000241 -0.00000451 0.00000061 0.00001005 -0.00000016 -0.00001043 -0.00000155 0.00000179 0.00000312 -0.00003241 -0.00001353 -0.00242616 0.08952 
0.030 0.00137303 5 1748191.32 -13941.54 122042.95 188690.28 191268.89 1260130.73 136182178.10 -0.00034667 -0.00130355 -0.00076200 -0.00052550 -0.00033218 -0.00034371 -0.00033108 -0.00030999 -0.00027879 -0.00024048 -0.00019806 -0.00015513 -0.00011488 -0.00007964 -0.00005073 -0.00002861 -0.00001301 -0.00000312 0.00000537 0.00000464 0.00000356 -0.00000297 -0.00000778 -0.00000313 -0.00000123 -0.00001700 -0.00055518 -0.00026928 -0.03786406 2.68572 
0.060 0.00260081 5 3416829.82 -26273.55 232918.97 393851.22 378325.97 2438007.21 265489606.89 -0.00069639 -0.00252815 -0.00139238 -0.00101161 -0.00066257 -0.00079714 -0.00078539 -0.00074703 -0.00068384 -0.00060046 -0.00050323 -0.00040060 -0.00030167 -0.00021308 -0.00013875 -0.00008030 -0.00003754 -0.00000884 0.00001730 0.00001222 -0.00000029 -0.00000435 -0.00000446 -0.00000331 -0.00000288 -0.00004281 -0.00106858 -0.00052367 -0.07338377 5.37143 
0.090 0.00378655 5 4971943.69 -28481.26 334517.75 551249.80 545163.11 3569494.29 386554790.51 -0.00102674 -0.00371098 -0.00199384 -0.00146041 -0.00097046 -0.00127180 -0.00126872 -0.00122094 -0.00113383 -0.00101334 -0.00086803 -0.00070933 -0.00054958 -0.00040074 -0.00027151 -0.00016640 -0.00008669 -0.00003073 0.00002589 0.00002281 -0.00000224 -0.00000525 -0.00000114 -0.00000310 -0.00000396 -0.00007359 -0.00155409 -0.00076761 -0.10744836 8.05715 
0.120 0.00492505 5 6399649.18 -40457.99 406940.08 698824.49 704775.16 4629567.45 499503263.36 -0.00135046 -0.00484792 -0.00256967 -0.00189335 -0.00126378 -0.00169135 -0.00169505 -0.00163845 -0.00153023 -0.00137740 -0.00119052 -0.00098377 -0.00077261 -0.00057194 -0.00039453 -0.00024778 -0.00013460 -0.00005358 0.00003213 0.00003264 -0.00000323 -0.00000557 0.00000204 -0.00000267 -0.00000470 -0.00010102 -0.00201991 -0.00100055 -0.13982971 10.74286 
0.150 0.00601130 5 7712636.93 -47592.89 464289.25 830024.20 850458.64 5615457.73 603729649.99 -0.00167360 -0.00593191 -0.00311704 -0.00230725 -0.00153886 -0.00212441 -0.00213028 -0.00206269 -0.00193306 -0.00174863 -0.00152125 -0.00126703 -0.00100425 -0.00075079 -0.00052230 -0.00033135 -0.00018296 -0.00007584 0.00003959 0.00004327 -0.00000330 -0.00000551 0.00000501 -0.00000201 -0.00000509 -0.00012899 -0.00246492 -0.00122402 -0.17081258 13.42858 
0.180 0.00705677 5 8942735.66 -34662.98 538011.09 916448.13 981433.14 6541506.28 699911184.91 -0.00197118 -0.00696623 -0.00364569 -0.00268979 -0.00179558 -0.00263359 -0.00264763 -0.00257397 -0.00242803 -0.00221677 -0.00195200 -0.00164987 -0.00133080 -0.00101633 -0.00072561 -0.00047447 -0.00027465 -0.00012724 0.00003986 0.00005797 -0.00000098 -0.00000522 0.00000760 -0.00000107 -0.00000505 -0.00016616 -0.00288647 -0.00144138 -0.20131354 16.11430 
0.210 0.00783124 5 9799973.39 -99244.84 527939.23 1002131.79 1138937.62 7230209.59 774746901.27 -0.00210944 -0.00769287 -0.00404065 -0.00300976 -0.00199093 -0.00302511 -0.00305246 -0.00298194 -0.00283254 -0.00261042 -0.00232635 -0.00199510 -0.00163649 -0.00127444 -0.00093201 -0.00062871 -0.00037989 -0.00019183 0.00003181 0.00007144 0.00000244 -0.00000486 0.00000946 -0.00000008 -0.00000461 -0.00019914 -0.00319648 -0.00160422 -0.22552153 18.80001 
0.240 0.00834489 5 12088772.53 50909.10 1524907.46 1843575.15 1178236.08 7491144.73 875475358.31 -0.00211866 -0.00809528 -0.00471614 -0.00336139 -0.00242618 -0.00461538 -0.00470806 -0.00465027 -0.00447988 -0.00420438 -0.00383643 -0.00339373 -0.00289941 -0.00238131 -0.00186812 -0.00138643 -0.00095999 -0.00060640 -0.00009929 0.00011073 0.00002543 -0.00000287 0.00001020 0.00000036 -0.00000438 -0.00034286 -0.00362660 -0.00188220 -0.27623532 21.48573 
0.270 0.00885157 5 10540894.43 387881.18 658035.00 820944.95 1326759.42 7347273.88 793560890.31 -0.00076591 -0.00840879 -0.00667024 -0.00317294 -0.00202058 -0.00430446 -0.00441823 -0.00439910 -0.00428339 -0.00407362 -0.00377595 -0.00339997 -0.00296111 -0.00248162 -0.00198882 -0.00151129 -0.00107635 -0.00070513 -0.00014813 0.00011044 0.00003280 -0.00000081 0.00000941 0.00000099 -0.00000323 -0.00034147 -0.00370721 -0.00191925 -0.29629993 24.17145 
0.300 0.00919001 5 -13271858.75 -699980.94 -1867569.60 -1804085.22 -1291369.76 -7608853.22 -903304642.89 0.00099477 0.00919001 0.00677260 0.00328544 0.00248326 0.00620109 0.00636606 0.00632256 0.00613322 0.00580619 0.00535545 0.00480063 0.00416729 0.00348663 0.00279379 0.00212551 0.00151698 0.00099625 0.00021022 -0.00015536 -0.00004923 0.00000038 -0.00001064 -0.00000282 0.00000005 0.00048440 0.00403649 0.00214954 0.33228851 26.85716 
0.330 0.01016369 4 -8113978.18 45826.41 313368.79 -94041.64 -1562185.50 -6816946.25 -695581929.87 -0.00161050 0.00972389 0.00997312 0.00292508 0.00160600 0.00395776 0.00407226 0.00407801 0.00401542 0.00388421 0.00368421 0.00341549 0.00307989 0.00268395 0.00224276 0.00178127 0.00133036 0.00092055 0.00024672 -0.00011550 -0.00004810 -0.00000307 -0.00000785 -0.00000250 -0.00000065 0.00034457 0.00400857 0.00206217 0.34062888 29.54288 
0.360 0.01172814 4 -7329607.98 47243.64 890830.68 -22069.84 -1501626.04 -6743986.41 -663362066.86 -0.00262659 0.01068976 0.01154742 0.00317041 0.00140336 0.00342627 0.00352786 0.00353550 0.00348633 0.00337986 0.00321554 0.00299278 0.00271192 0.00237610 0.00199471 0.00158667 0.00117781 0.00079729 0.00016274 -0.00014601 -0.00004706 0.00000029 -0.00000757 -0.00000220 -0.00000009 0.00029750 0.00427613 0.00216259 0.36389160 32.22859 
0.390 0.01380701 5 5546404.24 -1030507.40 -741562.19 -698689.47 493450.83 7523712.47 623422083.13 0.00172622 -0.01303275 -0.01275348 -0.00342569 -0.00122712 -0.00162181 -0.00165194 -0.00167103 -0.00168779 -0.00170070 -0.00170744 -0.00170507 -0.00169007 -0.00165847 -0.00160604 -0.00152853 -0.00142207 -0.00128448 -0.00082210 -0.00016459 0.00003866 0.00002306 0.00000542 -0.00000215 -0.00000309 -0.00022430 -0.00481517 -0.00237639 -0.37619112 34.91431 
0.420 0.02005552 5 8614282.38 -364343.93 -478147.89 253981.10 1230630.09 7972163.01 774429421.51 0.00378586 -0.01885015 -0.01763787 -0.00344970 -0.00145021 -0.00441979 -0.00461277 -0.00471043 -0.00475779 -0.00475338 -0.00469505 -0.00458013 -0.00440577 -0.00416932 -0.00386892 -0.00350448 -0.00307984 -0.00261047 -0.00144520 -0.00017406 0.00010216 0.00003796 0.00000600 -0.00000329 -0.00000392 -0.00054155 -0.00620745 -0.00319759 -0.51258568 37.60003 
0.450 0.02527118 5 -10945243.06 -855462.52 -1097362.74 57024.24 -960567.12 -8088874.91 -799360764.73 -0.00775366 0.02527118 0.02212945 0.00547376 0.00167961 0.00725397 0.00765657 0.00784581 0.00791579 0.00786696 0.00770028 0.00741722 0.00701948 0.00650895 0.00589070 0.00518044 0.00440612 0.00360731 0.00181228 0.00001926 -0.00024101 -0.00005899 -0.00000272 0.00000338 0.00000045 0.00082705 0.00782052 0.00410543 0.68315222 40.28574 
