0.001 0.00012044 5 -26175.73 -19646.51 -36411.83 -21244.63 -1303.74 52430.99 2157091.11 -0.00000570 -0.00005292 -0.00011648 -0.00002373 0.00001592 0.00007932 0.00008294 0.00007720 0.00006915 0.00005968 0.00004931 0.00003886 0.00002905 0.00002033 0.00001288 0.00000665 0.00000163 -0.00000229 -0.00000528 0.00000026 0.00001035 0.00000011 -0.00001035 -0.00000142 0.00000191 0.00000487 -0.00002856 -0.00001080 -0.00168539 0.10361 
0.030 0.00260834 5 -113607.07 488093.93 898978.75 633836.50 96045.71 -2230561.96 -123732129.75 0.00121786 0.00260834 0.00106773 0.00051677 0.00012677 -0.00057685 -0.00059029 -0.00057480 -0.00053297 -0.00046947 -0.00039112 -0.00030690 -0.00022626 -0.00015539 -0.00009731 -0.00005303 -0.00002185 -0.00000198 0.00001452 0.00001214 0.00001132 -0.00000160 -0.00001202 -0.00000224 0.00000144 -0.00003144 0.00075674 0.00033804 0.03077309 3.10840 
0.060 0.00506024 5 -306703.86 1019720.06 1606735.21 1188833.41 188922.21 -4310914.74 -244700000.98 0.00231031 0.00506024 0.00214841 0.00102880 0.00027343 -0.00119100 -0.00123011 -0.00120664 -0.00113115 -0.00101086 -0.00085710 -0.00068501 -0.00051094 -0.00035066 -0.00021687 -0.00011470 -0.00004269 0.00000347 0.00003980 0.00002591 0.00001190 -0.00000312 -0.00001280 -0.00000287 0.00000070 -0.00006813 0.00149126 0.00066287 0.06174121 6.21681 
0.090 0.00740247 5 -455496.25 1551315.95 2477634.95 1539381.85 174703.95 -6198532.95 -362459507.07 0.00339365 0.00740247 0.00321928 0.00162957 0.00044051 -0.00205541 -0.00214555 -0.00213469 -0.00204523 -0.00188395 -0.00166265 -0.00139707 -0.00110784 -0.00081892 -0.00055266 -0.00032769 -0.00015691 -0.00003981 0.00007065 0.00005692 0.00001573 -0.00000530 -0.00001312 -0.00000315 0.00000007 -0.00013286 0.00223629 0.00097774 0.09173841 9.32521 
0.120 0.00957807 5 -644311.55 2332058.55 3048311.05 1677304.19 116383.53 -7818368.87 -480303497.01 0.00439466 0.00957807 0.00424065 0.00230364 0.00071674 -0.00308234 -0.00325490 -0.00328370 -0.00320733 -0.00303200 -0.00276887 -0.00243259 -0.00204305 -0.00162584 -0.00121048 -0.00082649 -0.00050010 -0.00024851 0.00004922 0.00010403 0.00002896 -0.00000683 -0.00001338 -0.00000329 -0.00000036 -0.00023010 0.00299582 0.00128213 0.12191595 12.43362 
0.150 0.01167722 5 -975402.16 3166939.03 3251666.01 1744909.76 76001.85 -9214918.80 -592519191.63 0.00526277 0.01167722 0.00520197 0.00294769 0.00106398 -0.00402459 -0.00429074 -0.00437549 -0.00433359 -0.00417051 -0.00389652 -0.00352479 -0.00307381 -0.00256813 -0.00203738 -0.00151510 -0.00103516 -0.00062747 -0.00004793 0.00015994 0.00005285 -0.00000685 -0.00001388 -0.00000347 -0.00000060 -0.00033778 0.00373669 0.00157224 0.15137907 15.54202 
0.180 0.01410829 5 -721563.09 3776947.20 3641135.72 1996705.00 244471.71 -10380822.72 -654803223.64 0.00533890 0.01410829 0.00681310 0.00338324 0.00124535 -0.00504977 -0.00542226 -0.00557362 -0.00557718 -0.00543796 -0.00516574 -0.00477280 -0.00427691 -0.00370220 -0.00307818 -0.00243844 -0.00181765 -0.00125116 -0.00029994 0.00020786 0.00009330 -0.00000271 -0.00001442 -0.00000404 -0.00000093 -0.00047095 0.00443689 0.00182973 0.18075223 18.65043 
0.210 0.01651360 5 -476321.25 4206626.92 3595005.07 2021858.34 514748.66 -10814560.24 -672276795.08 0.00480024 0.01651360 0.00880165 0.00363775 0.00141283 -0.00577681 -0.00626116 -0.00649450 -0.00656680 -0.00648170 -0.00624737 -0.00587359 -0.00537589 -0.00477692 -0.00410540 -0.00339434 -0.00267772 -0.00199120 -0.00068465 0.00021221 0.00014040 0.00000585 -0.00001551 -0.00000510 -0.00000127 -0.00059763 0.00509327 0.00207013 0.21395690 21.75883 
0.240 0.01812324 5 -503311.89 3927868.91 3048310.60 2366113.40 788564.08 -10634168.87 -636246256.61 0.00323406 0.01812324 0.01064033 0.00345177 0.00171895 -0.00561670 -0.00618595 -0.00650537 -0.00667612 -0.00669899 -0.00657657 -0.00631260 -0.00591426 -0.00539693 -0.00478439 -0.00410605 -0.00339206 -0.00267522 -0.00114820 0.00012466 0.00016660 0.00001684 -0.00001579 -0.00000634 -0.00000177 -0.00066609 0.00547482 0.00221263 0.24633824 24.86724 
0.270 0.01956604 5 -512362.18 3313977.25 2719768.72 2870699.30 959691.46 -10376498.91 -586276146.13 0.00157174 0.01956604 0.01218740 0.00308470 0.00197718 -0.00497650 -0.00558201 -0.00595255 -0.00619192 -0.00630061 -0.00628048 -0.00613454 -0.00586755 -0.00548702 -0.00500547 -0.00444266 -0.00381872 -0.00315845 -0.00158478 -0.00003417 0.00014952 0.00002037 -0.00001479 -0.00000677 -0.00000221 -0.00068007 0.00571934 0.00231982 0.27456534 27.97564 
0.300 0.01980470 5 -239269.83 3223146.50 2307988.23 3317152.86 829628.22 -9917185.64 -545189559.09 0.00010684 0.01980470 0.01320654 0.00296538 0.00209313 -0.00469546 -0.00533056 -0.00573693 -0.00602157 -0.00618481 -0.00622826 -0.00615463 -0.00596837 -0.00567637 -0.00528781 -0.00481289 -0.00426115 -0.00365011 -0.00205989 -0.00025445 0.00012349 0.00003153 -0.00001405 -0.00000783 -0.00000259 -0.00071832 0.00578129 0.00232854 0.29114505 31.08404 
0.330 0.01877482 5 -555562.18 3119381.98 1842656.28 3649931.69 600250.42 -9767782.55 -545639500.20 -0.00054445 0.01877482 0.01262345 0.00267106 0.00262130 -0.00372699 -0.00436015 -0.00478184 -0.00509622 -0.00530354 -0.00540526 -0.00540399 -0.00530412 -0.00511256 -0.00483792 -0.00448768 -0.00406599 -0.00357729 -0.00218270 -0.00041908 0.00005772 0.00002685 -0.00001264 -0.00000731 -0.00000254 -0.00065857 0.00560503 0.00227766 0.29731151 34.19245 
0.360 0.01743123 5 -390344.85 3051616.90 1525596.41 3728320.31 544463.26 -9240341.72 -509833208.46 -0.00159412 0.01743123 0.01236921 0.00243190 0.00306755 -0.00297341 -0.00362115 -0.00406468 -0.00440891 -0.00465407 -0.00480160 -0.00485407 -0.00481586 -0.00469374 -0.00449589 -0.00422905 -0.00389664 -0.00350033 -0.00228267 -0.00058215 -0.00000334 0.00002720 -0.00001162 -0.00000725 -0.00000250 -0.00061572 0.00540238 0.00220542 0.30633045 37.30085 
0.390 0.01550932 5 -112692.75 3081904.96 1354705.41 3498204.36 592489.51 -8639996.97 -471924793.23 -0.00235740 0.01550932 0.01183791 0.00256311 0.00344287 -0.00267339 -0.00334891 -0.00381935 -0.00419343 -0.00447130 -0.00465425 -0.00474472 -0.00474687 -0.00466707 -0.00451280 -0.00429010 -0.00400215 -0.00365075 -0.00252213 -0.00079829 -0.00006520 0.00003652 -0.00001075 -0.00000798 -0.00000257 -0.00062637 0.00518586 0.00209827 0.30995985 40.40926 
0.420 0.01276621 5 407611.34 3156078.95 1346951.41 3265803.12 587359.64 -7948581.79 -424978174.10 -0.00308997 0.01276621 0.01078744 0.00298954 0.00399826 -0.00256996 -0.00330861 -0.00382808 -0.00424927 -0.00457233 -0.00479855 -0.00493037 -0.00497184 -0.00492892 -0.00480852 -0.00461641 -0.00435627 -0.00403094 -0.00293924 -0.00107428 -0.00010567 0.00005744 -0.00001063 -0.00000984 -0.00000281 -0.00067645 0.00491921 0.00194666 0.31108315 43.51766 
0.450 0.01175957 4 -8945412.42 -6628342.21 -7113935.45 -2035486.33 2443878.35 4388473.22 215916442.36 0.00501791 -0.00883749 -0.01175957 -0.00509248 -0.00339576 0.00760888 0.00846300 0.00887710 0.00903835 0.00895708 0.00865048 0.00814224 0.00746269 0.00664849 0.00574086 0.00478399 0.00382219 0.00289658 0.00101000 -0.00051681 -0.00030461 0.00000619 0.00000045 -0.00000186 -0.00000117 0.00081841 -0.00475514 -0.00179434 -0.33233210 46.62607 
0.480 0.01216688 5 6326036.05 -6436311.56 2800887.42 996480.69 195882.80 8769096.70 899075737.82 0.00450524 -0.01135791 -0.00927798 -0.00363244 -0.00999247 -0.00799884 -0.00755976 -0.00720409 -0.00686544 -0.00654330 -0.00623634 -0.00594259 -0.00565927 -0.00538272 -0.00510834 -0.00483092 -0.00454546 -0.00424789 -0.00338626 -0.00155662 0.00000348 0.00020925 -0.00001016 -0.00002193 -0.00000505 -0.00086593 -0.00657954 -0.00354433 -0.64733533 49.73447 
0.510 0.01291830 5 6047338.18 -7274478.96 3808583.17 738019.87 -162903.54 8938117.64 903963661.38 0.00576632 -0.01205326 -0.00945896 -0.00340128 -0.01151047 -0.00917613 -0.00864428 -0.00821375 -0.00780280 -0.00741107 -0.00703741 -0.00668000 -0.00633623 -0.00600250 -0.00567419 -0.00534589 -0.00501254 -0.00467041 -0.00371724 -0.00175892 -0.00004502 0.00022552 -0.00000927 -0.00002308 -0.00000513 -0.00097243 -0.00697278 -0.00378525 -0.70250909 52.84288 
0.540 0.01366819 2 8703830.36 -8444083.93 6892503.55 433528.14 516979.56 9304903.04 1061192860.61 0.00546300 -0.01200767 -0.00856764 -0.00205767 -0.01366819 -0.01376579 -0.01335786 -0.01297729 -0.01258157 -0.01217065 -0.01174371 -0.01129929 -0.01083512 -0.01034783 -0.00983280 -0.00928443 -0.00869753 -0.00806877 -0.00622463 -0.00264130 -0.00002671 0.00031783 -0.00001126 -0.00003175 -0.00000675 -0.00160880 -0.00727418 -0.00426459 -0.79238484 55.95128 
0.570 0.01503233 2 8087168.13 -8958503.60 7202159.70 213075.33 211941.83 9418494.86 1046198783.86 0.00672006 -0.01269462 -0.00885126 -0.00196167 -0.01503233 -0.01460001 -0.01409301 -0.01363683 -0.01317180 -0.01269798 -0.01221468 -0.01172054 -0.01121338 -0.01068980 -0.01014488 -0.00957247 -0.00896694 -0.00832522 -0.00648251 -0.00288371 -0.00010964 0.00032869 -0.00000961 -0.00003219 -0.00000661 -0.00168195 -0.00766540 -0.00448685 -0.84375721 59.05968 
0.600 0.01683374 5 -2683830.89 1510340.62 -1114768.21 -4530273.06 -1408771.41 2859641.17 -124850416.02 -0.00749957 -0.01634869 -0.00576250 0.00556502 0.00550749 0.00558381 0.00559345 0.00554494 0.00545101 0.00531166 0.00512671 0.00489554 0.00461708 0.00429041 0.00391590 0.00349607 0.00303518 0.00254138 0.00127546 -0.00032170 -0.00049341 -0.00007633 0.00001362 0.00000509 -0.00000304 0.00053830 -0.00034929 0.00012222 0.24241276 62.16809 
0.630 0.01860563 5 -2077018.74 1190860.72 357752.87 -5276970.00 -1389638.20 3040975.87 -102440324.77 -0.00666898 -0.01809163 -0.00722907 0.00653479 0.00507785 0.00423172 0.00422880 0.00418587 0.00411244 0.00400837 0.00387326 0.00370625 0.00350600 0.00327133 0.00300241 0.00270123 0.00237074 0.00201454 0.00105096 -0.00030250 -0.00049835 -0.00008688 0.00001639 0.00000658 -0.00000309 0.00040517 -0.00062974 -0.00007997 0.20776251 65.27649 
0.660 0.02000777 5 -1237383.19 942139.65 1672742.67 -5788919.30 -1379057.62 3315711.41 -64915169.23 -0.00584156 -0.01944754 -0.00859536 0.00728354 0.00457868 0.00266100 0.00261674 0.00255551 0.00248200 0.00239608 0.00229722 0.00218437 0.00205606 0.00191102 0.00174945 0.00157324 0.00138477 0.00118537 0.00062257 -0.00032121 -0.00049211 -0.00009228 0.00001875 0.00000748 -0.00000322 0.00022683 -0.00093567 -0.00031812 0.16301797 68.38490 
0.690 0.02123691 5 -206192.64 997699.11 2494718.30 -6003211.79 -1350231.06 3654832.79 -19476820.49 -0.00505243 -0.02062171 -0.00989531 0.00770918 0.00415555 0.00093961 0.00081649 0.00070774 0.00060670 0.00051325 0.00042673 0.00034591 0.00026912 0.00019505 0.00012406 0.00005818 -0.00000031 -0.00005082 -0.00017204 -0.00049243 -0.00048588 -0.00008556 0.00002073 0.00000722 -0.00000351 -0.00000806 -0.00127336 -0.00060120 0.10856362 71.49330 
0.720 0.02224072 5 926968.00 1323243.84 2832365.26 -5969809.79 -1317187.72 4058356.41 30443661.16 -0.00429277 -0.02159535 -0.01110557 0.00784964 0.00378389 -0.00086056 -0.00109113 -0.00126936 -0.00141965 -0.00154209 -0.00163754 -0.00170750 -0.00175392 -0.00177824 -0.00177995 -0.00175689 -0.00170684 -0.00162947 -0.00133669 -0.00091054 -0.00052827 -0.00007248 0.00002131 0.00000608 -0.00000363 -0.00029479 -0.00163260 -0.00092192 0.04586302 74.60171 
0.750 0.02347445 5 5028446.69 -335395.10 9356396.47 -4329508.69 -3160374.81 3497328.81 134847861.87 -0.00939224 -0.02268270 -0.00697374 0.01216044 0.00293863 -0.00565249 -0.00613510 -0.00648075 -0.00675777 -0.00696655 -0.00710840 -0.00718537 -0.00719980 -0.00715325 -0.00704493 -0.00687226 -0.00663244 -0.00632426 -0.00521991 -0.00287459 -0.00070614 0.00010644 0.00002366 -0.00001053 -0.00000732 -0.00113239 -0.00082919 -0.00099026 0.10036867 77.71011 
0.780 0.02530151 5 5877967.06 -32169.08 9360512.48 -4579779.60 -3192834.35 4322237.60 191176360.83 -0.00928155 -0.02446200 -0.00823138 0.01248429 0.00270591 -0.00698335 -0.00755132 -0.00795614 -0.00828217 -0.00852959 -0.00869978 -0.00879488 -0.00881724 -0.00876813 -0.00864610 -0.00844784 -0.00816980 -0.00780961 -0.00648558 -0.00358977 -0.00090585 0.00011523 0.00003022 -0.00001049 -0.00000784 -0.00139727 -0.00125247 -0.00132939 0.04883299 80.81851 
0.810 0.02709039 5 6659275.68 338757.86 9214194.31 -4826847.54 -3198314.22 5131485.27 243733983.55 -0.00917571 -0.02620236 -0.00951290 0.01292116 0.00249051 -0.00840329 -0.00906575 -0.00953772 -0.00992039 -0.01021351 -0.01041834 -0.01053696 -0.01057154 -0.01052285 -0.01038862 -0.01016478 -0.00984694 -0.00943156 -0.00786402 -0.00434474 -0.00111429 0.00012253 0.00003654 -0.00001044 -0.00000825 -0.00168335 -0.00164661 -0.00166613 -0.00244107 83.92692 
0.840 0.02863312 5 7304088.87 744521.47 8966071.01 -5123450.36 -3186128.19 5903074.94 288612533.73 -0.00866683 -0.02770821 -0.01081617 0.01320492 0.00203004 -0.01001695 -0.01076287 -0.01129064 -0.01171778 -0.01204376 -0.01226980 -0.01239814 -0.01243096 -0.01236876 -0.01220863 -0.01194595 -0.01157602 -0.01109477 -0.00925605 -0.00507108 -0.00131624 0.00012347 0.00004316 -0.00000966 -0.00000851 -0.00198182 -0.00209344 -0.00203415 -0.06626553 87.03532 
0.870 0.03015988 5 7823705.26 1127908.47 8690221.20 -5406598.35 -3198821.06 6610995.00 326032231.27 -0.00814458 -0.02919539 -0.01205116 0.01353261 0.00156782 -0.01153564 -0.01235438 -0.01293019 -0.01339567 -0.01374983 -0.01399379 -0.01412982 -0.01416005 -0.01408465 -0.01390010 -0.01360137 -0.01318363 -0.01264241 -0.01054493 -0.00570325 -0.00148209 0.00012352 0.00004913 -0.00000890 -0.00000878 -0.00225700 -0.00251103 -0.00237608 -0.12555322 90.14373 
