0.001 0.00014415 5 -60178.14 -25372.21 -58897.35 -39220.92 -7711.81 71024.16 1652562.00 -0.00002049 -0.00007665 -0.00012498 -0.00002241 0.00002197 0.00009684 0.00010027 0.00009345 0.00008376 0.00007223 0.00005958 0.00004681 0.00003483 0.00002422 0.00001521 0.00000781 0.00000196 -0.00000250 -0.00000590 -0.00000017 0.00001010 -0.00000005 -0.00001045 -0.00000153 0.00000182 0.00000571 -0.00003167 -0.00001181 -0.00152158 0.17457 
0.030 0.00204474 5 -1236572.65 -683647.01 -1305630.89 -830445.09 -109540.61 1692690.95 53089367.15 -0.00077757 -0.00197492 -0.00100065 -0.00034808 0.00011930 0.00122263 0.00126469 0.00124051 0.00117122 0.00106326 0.00092521 0.00076834 0.00060538 0.00044937 0.00031062 0.00019516 0.00010539 0.00004029 -0.00002873 -0.00002780 0.00000122 -0.00000051 -0.00000876 -0.00000314 -0.00000066 0.00007702 -0.00050051 -0.00019371 -0.01294016 5.23709 
0.060 0.00380312 5 -458291.24 493169.98 1383499.42 811930.63 94578.77 -3241470.05 -186784462.74 0.00185220 0.00380312 0.00158683 0.00077425 0.00016982 -0.00074506 -0.00075962 -0.00073748 -0.00068247 -0.00059837 -0.00049254 -0.00037555 -0.00025942 -0.00015618 -0.00007547 -0.00001954 0.00001502 0.00003294 0.00003545 0.00001398 0.00000620 -0.00000287 -0.00000970 -0.00000302 -0.00000079 -0.00003764 0.00112113 0.00050556 0.04654345 10.47418 
0.090 0.00562404 5 -1107617.39 592795.04 2046263.13 960832.19 29958.17 -4737465.93 -292128692.99 0.00272873 0.00562404 0.00241947 0.00126907 0.00032209 -0.00118472 -0.00123477 -0.00123178 -0.00118586 -0.00109850 -0.00097383 -0.00081776 -0.00064132 -0.00046111 -0.00029391 -0.00015447 -0.00005318 0.00001172 0.00006071 0.00003546 0.00000876 -0.00000401 -0.00000949 -0.00000281 -0.00000090 -0.00007488 0.00172287 0.00076786 0.07287316 15.71127 
0.120 0.00741536 5 -1216804.90 1183200.37 2639278.90 1067161.78 -26941.97 -6079503.97 -387189523.34 0.00351420 0.00741536 0.00331879 0.00167336 0.00048860 -0.00200342 -0.00212110 -0.00214983 -0.00211339 -0.00201300 -0.00185246 -0.00163656 -0.00137485 -0.00108409 -0.00078755 -0.00051105 -0.00027827 -0.00010465 0.00007769 0.00007937 0.00001776 -0.00000585 -0.00000964 -0.00000248 -0.00000075 -0.00014888 0.00229997 0.00099908 0.09440532 20.94835 
0.150 0.00917313 5 -950516.29 2131181.87 3084587.40 1105132.56 -87289.37 -7184128.76 -469549415.42 0.00419342 0.00917313 0.00431394 0.00190115 0.00071487 -0.00324894 -0.00349387 -0.00359718 -0.00360602 -0.00352172 -0.00334737 -0.00308697 -0.00274804 -0.00234601 -0.00190417 -0.00145170 -0.00101929 -0.00063752 -0.00006733 0.00014010 0.00004343 -0.00000581 -0.00001042 -0.00000235 -0.00000051 -0.00029424 0.00284904 0.00117925 0.10741516 26.18544 
0.180 0.01146973 5 1406462.03 -2613075.67 -3606812.73 -1543622.25 820284.42 8349688.27 582573374.11 -0.00176322 -0.01092469 -0.00871015 -0.00470014 -0.00122849 0.00463416 0.00504116 0.00526072 0.00537988 0.00540000 0.00532338 0.00515317 0.00489333 0.00454880 0.00412657 0.00363903 0.00310273 0.00254363 0.00127926 0.00005820 -0.00014452 -0.00003735 0.00001025 0.00000209 -0.00000430 0.00057297 -0.00442286 -0.00176896 -0.23468644 31.42253 
0.210 0.01495888 5 -1326004.73 -2543703.75 -4673008.27 -3104212.00 287825.86 8707093.43 460219194.22 -0.00020045 -0.01421573 -0.01213539 -0.00487193 -0.00081768 0.00673230 0.00727110 0.00755226 0.00769291 0.00769439 0.00755912 0.00729036 0.00689249 0.00637268 0.00574624 0.00503785 0.00427631 0.00349542 0.00173515 0.00002658 -0.00022007 -0.00005163 0.00001188 0.00000433 -0.00000322 0.00080431 -0.00509498 -0.00196114 -0.26290013 36.65962 
0.240 0.01572090 5 -2179444.06 -2552090.61 -4405934.25 -3677718.70 -137368.51 8593668.01 397935482.97 0.00088589 -0.01494018 -0.01289357 -0.00478363 -0.00084270 0.00701920 0.00760538 0.00792112 0.00809183 0.00811880 0.00800440 0.00775185 0.00736531 0.00685087 0.00622137 0.00549982 0.00471397 0.00389717 0.00198514 0.00000929 -0.00028782 -0.00006714 0.00001329 0.00000631 -0.00000247 0.00086038 -0.00516088 -0.00196225 -0.26924576 41.89671 
0.270 0.01349304 5 -3078622.51 -3116675.76 -3700460.71 -3952341.60 -524475.25 8215330.82 343841802.43 0.00057003 -0.01279924 -0.01132093 -0.00442947 -0.00093297 0.00784478 0.00852164 0.00890053 0.00912266 0.00918918 0.00910238 0.00886541 0.00848228 0.00795856 0.00730565 0.00654416 0.00569572 0.00479886 0.00261817 0.00012142 -0.00040210 -0.00011421 0.00001795 0.00001073 -0.00000231 0.00100420 -0.00461513 -0.00163001 -0.21772232 47.13380 
0.300 0.01418052 5 -4202443.39 1151232.80 1605149.17 1915682.79 -363100.65 -8511407.51 -608315419.51 -0.00042891 0.01418052 0.01089036 0.00119557 0.00191546 0.00171649 0.00157214 0.00145404 0.00135596 0.00127714 0.00121589 0.00116977 0.00113515 0.00110641 0.00107642 0.00103923 0.00099159 0.00092406 0.00069567 0.00012686 -0.00022390 -0.00009766 0.00000359 0.00000730 -0.00000037 0.00015903 0.00437615 0.00213592 0.30685679 52.37089 
0.330 0.01192786 5 -3625337.14 1495905.62 1325344.49 2089418.07 -815342.55 -7720662.78 -571258320.99 -0.00141197 0.01192786 0.01043312 0.00147809 0.00210369 0.00174322 0.00157933 0.00144539 0.00133303 0.00124155 0.00116935 0.00111400 0.00107161 0.00103569 0.00099783 0.00095174 0.00089689 0.00083547 0.00061809 0.00010696 -0.00020421 -0.00008827 0.00000371 0.00000628 -0.00000076 0.00014997 0.00408997 0.00199695 0.30898009 57.60797 
0.360 0.00968714 4 -641658.94 1936531.56 2263539.67 2515146.30 -1187820.75 -6169055.73 -411820441.41 -0.00221565 0.00907545 0.00959306 0.00212674 0.00168821 -0.00131564 -0.00169282 -0.00196679 -0.00218344 -0.00234323 -0.00244762 -0.00249901 -0.00250187 -0.00246460 -0.00239857 -0.00231046 -0.00219774 -0.00205645 -0.00156035 -0.00062186 -0.00012324 0.00000075 -0.00000023 -0.00000272 -0.00000249 -0.00035254 0.00353205 0.00146846 0.23808388 62.84506 
0.390 0.00871022 5 9847829.16 1956987.22 8375405.28 5118289.41 144286.89 -5747139.63 45632519.24 0.00083284 0.00871022 0.00763443 0.00270493 -0.00062407 -0.01127165 -0.01200362 -0.01233672 -0.01244165 -0.01231764 -0.01196805 -0.01140246 -0.01063931 -0.00970739 -0.00864456 -0.00749446 -0.00630215 -0.00511461 -0.00252927 -0.00001678 0.00039299 0.00009925 -0.00002168 -0.00001500 -0.00000411 -0.00124967 0.00268975 0.00059704 0.03437872 68.08215 
0.420 0.01076789 2 6384458.03 -5743860.25 4932120.95 2599603.23 1104986.45 3491607.65 659920584.16 0.00845290 0.00294819 0.00041963 -0.00397956 -0.01076789 -0.01228782 -0.01222228 -0.01209050 -0.01190673 -0.01167087 -0.01138235 -0.01104058 -0.01064731 -0.01021086 -0.00974146 -0.00923615 -0.00868052 -0.00805885 -0.00607735 -0.00234017 0.00001397 0.00025169 -0.00001082 -0.00002545 -0.00000511 -0.00155061 -0.00323943 -0.00234229 -0.57339881 73.31924 
0.450 0.01253561 2 5829034.61 -6392590.50 4795801.73 2302007.41 1360738.59 3763077.39 680644059.67 0.01006446 0.00406624 0.00073589 -0.00587728 -0.01253561 -0.01224238 -0.01204027 -0.01181438 -0.01155053 -0.01124871 -0.01090845 -0.01052945 -0.01011487 -0.00967685 -0.00922810 -0.00876165 -0.00825977 -0.00770627 -0.00593679 -0.00240018 -0.00000671 0.00026129 -0.00001137 -0.00002637 -0.00000506 -0.00149895 -0.00389907 -0.00262407 -0.65514200 78.55633 
0.480 0.01358891 2 5199949.11 -7020691.28 4710104.31 2372056.78 1327276.88 3811202.42 682396566.62 0.01085648 0.00498088 0.00133374 -0.00723153 -0.01358891 -0.01180120 -0.01150175 -0.01121201 -0.01089857 -0.01056145 -0.01020013 -0.00981440 -0.00940879 -0.00899931 -0.00859866 -0.00819432 -0.00776590 -0.00729670 -0.00579848 -0.00256771 -0.00010057 0.00025946 -0.00000899 -0.00002582 -0.00000497 -0.00143198 -0.00425313 -0.00275447 -0.69617422 83.79342 
0.510 0.01442353 3 -2185840.20 -1365401.82 -7326510.37 5512763.39 2437645.57 -1444336.97 112799144.79 0.01257559 0.01158142 0.00337992 -0.01442353 -0.01001893 -0.00135189 -0.00087453 -0.00053905 -0.00025223 -0.00001289 0.00018089 0.00033070 0.00043222 0.00046771 0.00042854 0.00033270 0.00020429 0.00005987 -0.00029562 -0.00060205 -0.00019959 0.00005673 0.00000018 -0.00000520 -0.00000089 -0.00003352 -0.00343780 -0.00162936 -0.55006121 89.03050 
0.540 0.01593287 3 -3442180.68 -1249557.20 -8229528.41 6166674.97 2454428.60 -2584198.65 22494617.71 0.01319590 0.01317249 0.00397369 -0.01593287 -0.00953489 0.00053906 0.00105012 0.00140354 0.00169737 0.00193276 0.00211165 0.00223552 0.00229876 0.00228068 0.00217407 0.00199958 0.00178081 0.00153376 0.00086156 -0.00011556 -0.00021531 -0.00000459 0.00000198 0.00000075 0.00000026 0.00023883 -0.00327282 -0.00140735 -0.52674319 94.26759 
0.570 0.01699757 3 -4565070.19 -1421885.67 -8864638.85 6435519.70 2417303.11 -3131368.48 -33063360.04 0.01353355 0.01411367 0.00454841 -0.01699757 -0.00930867 0.00218181 0.00275695 0.00315113 0.00347288 0.00372324 0.00390414 0.00401704 0.00405554 0.00399729 0.00383739 0.00359992 0.00330690 0.00297325 0.00202371 0.00041032 -0.00021954 -0.00007060 0.00000444 0.00000732 0.00000144 0.00049916 -0.00318383 -0.00122734 -0.50322668 99.50468 
0.600 0.01783322 3 -5561221.03 -1585639.94 -9319247.54 7062140.73 2364762.37 -4083236.65 -100202089.12 0.01381300 0.01528496 0.00522372 -0.01783322 -0.00914353 0.00345441 0.00407377 0.00449501 0.00483455 0.00509320 0.00527279 0.00537465 0.00539139 0.00529892 0.00509505 0.00480656 0.00445178 0.00404524 0.00287452 0.00077723 -0.00025417 -0.00013351 0.00001129 0.00001430 0.00000212 0.00069313 -0.00303212 -0.00105318 -0.48184139 104.74177 
0.630 0.01860689 3 -3909462.86 -1053680.72 -8219641.43 8801361.70 2686370.08 -6123872.48 -126781411.62 0.01374709 0.01850734 0.00797201 -0.01860689 -0.00904083 0.00129895 0.00162978 0.00184338 0.00200872 0.00212676 0.00219967 0.00222911 0.00220715 0.00210854 0.00193345 0.00170439 0.00142435 0.00110566 0.00032714 -0.00062817 -0.00062130 -0.00014155 0.00002573 0.00001580 0.00000012 0.00017869 -0.00238440 -0.00102283 -0.49862425 109.97886 
0.660 0.02071868 5 -4764798.74 -1244124.51 -8564703.00 9474410.98 2821432.16 -7251814.36 -189919878.19 0.01515506 0.02071868 0.00900828 -0.01996877 -0.00965550 0.00137995 0.00175670 0.00200450 0.00220162 0.00234736 0.00244366 0.00249211 0.00248406 0.00239343 0.00222312 0.00199676 0.00171332 0.00138738 0.00060381 -0.00044294 -0.00065006 -0.00019087 0.00003194 0.00002170 0.00000084 0.00022251 -0.00232516 -0.00097178 -0.52223612 115.21595 
0.690 0.02278919 5 -5744996.81 -1525442.00 -8717426.85 10028588.10 2799819.48 -8330535.54 -260525269.63 0.01614565 0.02278919 0.00998089 -0.02096527 -0.00995106 0.00161228 0.00204114 0.00232742 0.00256154 0.00273920 0.00286157 0.00293008 0.00293483 0.00284907 0.00267934 0.00244865 0.00215024 0.00180303 0.00100578 -0.00013204 -0.00064744 -0.00025258 0.00003833 0.00002899 0.00000187 0.00029591 -0.00215010 -0.00085072 -0.52659730 120.45304 
0.720 0.02494569 5 -6650688.95 -1752288.84 -8802634.41 10313551.60 2712685.75 -9122003.05 -323059079.23 0.01688713 0.02494569 0.01090262 -0.02177529 -0.01008197 0.00173716 0.00221180 0.00253224 0.00280055 0.00300750 0.00315290 0.00323783 0.00325110 0.00316552 0.00299146 0.00274984 0.00243197 0.00206402 0.00128771 0.00017332 -0.00061849 -0.00030180 0.00004262 0.00003475 0.00000280 0.00035013 -0.00191320 -0.00071087 -0.52532900 125.69012 
0.750 0.02749975 5 -7475509.41 -1587489.61 -9150105.17 10369146.52 2649826.32 -9756887.48 -389858752.41 0.01777424 0.02749975 0.01185566 -0.02266067 -0.01002392 0.00134915 0.00183405 0.00216282 0.00244207 0.00265812 0.00280910 0.00289604 0.00290702 0.00281544 0.00263454 0.00238212 0.00205117 0.00168006 0.00102349 0.00024455 -0.00061130 -0.00033717 0.00004515 0.00003857 0.00000335 0.00029986 -0.00158401 -0.00058326 -0.53111000 130.92721 
0.780 0.03020093 5 -7992598.94 -1569747.04 -9154782.51 10148552.58 2768608.51 -10185230.48 -430104180.50 0.01842128 0.03020093 0.01289350 -0.02326077 -0.01008926 0.00033201 0.00082458 0.00115740 0.00144140 0.00166159 0.00181494 0.00190253 0.00191117 0.00181493 0.00162853 0.00136826 0.00103657 0.00068648 0.00029237 0.00018659 -0.00061192 -0.00037211 0.00004813 0.00004246 0.00000399 0.00015141 -0.00123655 -0.00049923 -0.54373113 136.16430 
0.810 0.03246948 5 -8260568.39 -1557512.72 -9028421.24 9797815.81 2903912.07 -10376362.32 -451531565.60 0.01898718 0.03246948 0.01382246 -0.02337930 -0.01037922 -0.00152695 -0.00102959 -0.00069174 -0.00040268 -0.00017546 -0.00001341 0.00008450 0.00010302 0.00001479 -0.00016487 -0.00041864 -0.00072683 -0.00102219 -0.00101563 -0.00006988 -0.00061318 -0.00038974 0.00004982 0.00004451 0.00000434 -0.00012051 -0.00093087 -0.00050039 -0.56846763 141.40139 
