0.001 0.00011769 4 85239.69 396.14 8981.68 13189.55 10589.19 52083.13 6228176.33 0.00000421 -0.00004665 -0.00011769 -0.00003698 -0.00000295 0.00003811 0.00004252 0.00003969 0.00003571 0.00003105 0.00002590 0.00002065 0.00001566 0.00001114 0.00000712 0.00000354 0.00000041 -0.00000228 -0.00000428 0.00000073 0.00001011 -0.00000012 -0.00001040 -0.00000152 0.00000182 0.00000283 -0.00003704 -0.00001586 -0.00282706 0.04926 
0.030 0.00161805 5 2369548.64 54293.17 241845.96 299856.66 259466.85 1514086.00 172663273.06 -0.00038481 -0.00154797 -0.00089908 -0.00065375 -0.00044357 -0.00059509 -0.00058651 -0.00055763 -0.00050849 -0.00044312 -0.00036749 -0.00028915 -0.00021499 -0.00014959 -0.00009554 -0.00005377 -0.00002385 -0.00000431 0.00001254 0.00000915 0.00000370 -0.00000344 -0.00000784 -0.00000308 -0.00000111 -0.00003103 -0.00068114 -0.00033578 -0.04837072 1.47783 
0.060 0.00305958 5 4474813.49 98446.04 425248.27 544722.28 490443.15 2915953.74 328878513.10 -0.00075641 -0.00298551 -0.00164403 -0.00122697 -0.00084897 -0.00126843 -0.00127163 -0.00122795 -0.00114296 -0.00102268 -0.00087589 -0.00071432 -0.00055070 -0.00039776 -0.00026606 -0.00016016 -0.00008078 -0.00002578 0.00002809 0.00002320 0.00000028 -0.00000537 -0.00000415 -0.00000338 -0.00000308 -0.00007340 -0.00128887 -0.00064318 -0.09222025 2.95567 
0.090 0.00442973 5 6463743.02 125171.30 597279.70 792847.66 719934.25 4228510.10 477068621.71 -0.00110003 -0.00435334 -0.00235347 -0.00178254 -0.00124416 -0.00193529 -0.00195393 -0.00190040 -0.00178664 -0.00161980 -0.00141113 -0.00117577 -0.00093092 -0.00069363 -0.00047943 -0.00030085 -0.00016311 -0.00006463 0.00003926 0.00004018 -0.00000098 -0.00000653 -0.00000020 -0.00000316 -0.00000445 -0.00011863 -0.00187197 -0.00094056 -0.13501775 4.43350 
0.120 0.00578351 5 8295340.80 109458.76 712658.08 1030174.12 950050.66 5492999.18 618766189.26 -0.00143963 -0.00570511 -0.00305889 -0.00233925 -0.00162646 -0.00263120 -0.00266287 -0.00260059 -0.00246222 -0.00225507 -0.00199129 -0.00168733 -0.00136332 -0.00104130 -0.00074163 -0.00048181 -0.00027475 -0.00012292 0.00004608 0.00006061 0.00000040 -0.00000681 0.00000376 -0.00000253 -0.00000531 -0.00016823 -0.00244903 -0.00123741 -0.17790778 5.91133 
0.150 0.00697082 5 10029850.08 78235.95 842867.60 1314282.29 1208547.94 6585916.31 750581238.57 -0.00168069 -0.00687873 -0.00371681 -0.00287305 -0.00199337 -0.00350287 -0.00356206 -0.00350262 -0.00335135 -0.00311496 -0.00280485 -0.00243654 -0.00203025 -0.00160982 -0.00120012 -0.00082512 -0.00050618 -0.00025791 0.00004102 0.00009597 0.00000778 -0.00000681 0.00000725 -0.00000135 -0.00000547 -0.00023988 -0.00298113 -0.00152491 -0.22156626 7.38917 
0.180 0.00763566 5 -9279854.61 -500060.22 -748632.73 -184777.57 -625099.43 -7221284.66 -701873191.41 0.00234278 0.00763566 0.00348526 0.00223555 0.00161606 0.00428194 0.00448017 0.00453674 0.00450697 0.00439133 0.00419162 0.00391073 0.00355553 0.00313938 0.00268174 0.00220636 0.00173855 0.00130227 0.00050203 -0.00006378 -0.00005931 -0.00001005 -0.00001074 -0.00000270 -0.00000069 0.00040917 0.00282209 0.00154029 0.21133552 8.86700 
0.210 0.00897826 5 5966699.15 -760883.10 -1379913.66 -403099.53 686899.83 7823695.61 659567860.36 -0.00292308 -0.00887096 -0.00449343 -0.00280799 -0.00143202 -0.00065010 -0.00061717 -0.00058756 -0.00055463 -0.00051743 -0.00047444 -0.00042366 -0.00036292 -0.00029033 -0.00020534 -0.00011003 -0.00000941 0.00008579 0.00019662 0.00011105 -0.00000504 -0.00001220 0.00000472 -0.00000184 -0.00000527 -0.00002858 -0.00322295 -0.00152603 -0.19168533 10.34483 
0.240 0.01037525 5 6665422.66 -691627.53 -1323683.46 -751821.04 975584.43 8456970.25 718337160.12 -0.00332006 -0.01007037 -0.00567949 -0.00306739 -0.00154843 -0.00091890 -0.00089935 -0.00087968 -0.00085519 -0.00082520 -0.00078846 -0.00074336 -0.00068787 -0.00061975 -0.00053694 -0.00043822 -0.00032386 -0.00019904 0.00005351 0.00014090 0.00002097 -0.00000871 0.00000623 -0.00000155 -0.00000544 -0.00006816 -0.00372783 -0.00178372 -0.22770338 11.82267 
0.270 0.01172126 5 7580296.15 -257570.85 -1170603.57 -872164.59 804281.83 9076353.33 758656914.25 -0.00312189 -0.01125575 -0.00702986 -0.00316608 -0.00153149 -0.00168788 -0.00173054 -0.00174682 -0.00174474 -0.00172392 -0.00168361 -0.00162296 -0.00154084 -0.00143590 -0.00130673 -0.00115198 -0.00097109 -0.00076818 -0.00027604 0.00012682 0.00006533 0.00000276 0.00000617 -0.00000211 -0.00000544 -0.00017299 -0.00411886 -0.00202272 -0.26705843 13.30050 
0.300 0.01247733 5 8700354.45 239143.45 -657056.16 -858807.72 686403.23 9290671.66 786093425.40 -0.00264521 -0.01192846 -0.00809296 -0.00308764 -0.00142555 -0.00303232 -0.00317888 -0.00325302 -0.00328570 -0.00327660 -0.00322515 -0.00313077 -0.00299281 -0.00281065 -0.00258389 -0.00231230 -0.00199682 -0.00164590 -0.00077866 0.00007384 0.00011827 0.00001902 0.00000507 -0.00000322 -0.00000531 -0.00034997 -0.00431014 -0.00220640 -0.30299447 14.77833 
0.330 0.01292384 5 9516576.06 432910.78 -207269.64 -668027.87 656584.43 9302378.35 809225873.59 -0.00214953 -0.01231924 -0.00886503 -0.00306333 -0.00140725 -0.00405201 -0.00427236 -0.00438729 -0.00444457 -0.00444374 -0.00438407 -0.00426478 -0.00408502 -0.00384417 -0.00354229 -0.00318027 -0.00276112 -0.00229816 -0.00115216 0.00003080 0.00016070 0.00003355 0.00000420 -0.00000416 -0.00000513 -0.00048267 -0.00444928 -0.00234213 -0.33204343 16.25617 
0.360 0.01337948 5 10307519.46 594447.21 173315.60 -384787.00 649154.57 9275389.08 833314867.62 -0.00170763 -0.01272978 -0.00957473 -0.00311716 -0.00141405 -0.00485877 -0.00513375 -0.00527536 -0.00534408 -0.00533949 -0.00526093 -0.00510776 -0.00487936 -0.00457566 -0.00419797 -0.00374987 -0.00323908 -0.00268548 -0.00134859 0.00002059 0.00018463 0.00004034 0.00000400 -0.00000438 -0.00000488 -0.00057581 -0.00460698 -0.00246553 -0.35783240 17.73400 
0.390 0.01378953 5 11052446.42 701264.60 532690.69 -55124.85 665653.72 9207962.26 857329259.53 -0.00125681 -0.01310290 -0.01023144 -0.00320055 -0.00143403 -0.00556463 -0.00588509 -0.00604671 -0.00612104 -0.00610767 -0.00600606 -0.00581573 -0.00553640 -0.00516875 -0.00471610 -0.00418652 -0.00359401 -0.00296362 -0.00147283 0.00003375 0.00020494 0.00004291 0.00000393 -0.00000423 -0.00000457 -0.00065073 -0.00475882 -0.00257651 -0.38159515 19.21183 
0.420 0.01395619 5 11543742.72 673609.31 843273.82 245261.36 718908.48 9062689.75 873975208.90 -0.00078876 -0.01324278 -0.01075694 -0.00326493 -0.00141644 -0.00608305 -0.00643868 -0.00661699 -0.00669779 -0.00668045 -0.00656422 -0.00634837 -0.00603254 -0.00561795 -0.00510992 -0.00452088 -0.00386961 -0.00318381 -0.00157529 0.00004241 0.00022604 0.00004798 0.00000344 -0.00000451 -0.00000439 -0.00070714 -0.00484077 -0.00264489 -0.39916673 20.68967 
0.450 0.01363364 5 12361805.12 584657.52 1384335.80 706591.09 829427.56 8856793.15 904975875.96 -0.00040075 -0.01292085 -0.01090845 -0.00333827 -0.00159261 -0.00682743 -0.00720697 -0.00738580 -0.00745138 -0.00740308 -0.00724025 -0.00696242 -0.00657011 -0.00606726 -0.00546551 -0.00478601 -0.00405459 -0.00330163 -0.00158388 0.00008750 0.00023560 0.00004348 0.00000375 -0.00000386 -0.00000416 -0.00076585 -0.00488334 -0.00269603 -0.41611596 22.16750 
0.480 0.01288978 4 6719198.17 -919970.29 -1143375.32 236649.52 1921977.12 6623917.14 685138410.15 0.00280011 -0.01102202 -0.01288978 -0.00372172 -0.00078968 -0.00296011 -0.00312802 -0.00322474 -0.00328867 -0.00331849 -0.00331222 -0.00326737 -0.00318131 -0.00305216 -0.00287949 -0.00266257 -0.00239720 -0.00207935 -0.00113070 0.00003272 0.00017549 0.00003136 0.00000202 -0.00000210 -0.00000241 -0.00038292 -0.00448889 -0.00230770 -0.39197300 23.64533 
0.510 0.01260801 4 6356638.37 -644461.81 -1611833.11 232894.80 1818686.97 6561351.52 658188354.23 0.00285546 -0.01052012 -0.01260801 -0.00384976 -0.00055405 -0.00270291 -0.00288561 -0.00299670 -0.00307713 -0.00312553 -0.00313982 -0.00311748 -0.00305587 -0.00295349 -0.00281066 -0.00262701 -0.00239724 -0.00211343 -0.00120358 -0.00000254 0.00018129 0.00003511 0.00000132 -0.00000231 -0.00000214 -0.00037227 -0.00433042 -0.00222776 -0.38114332 25.12317 
0.540 0.01124545 4 6618025.53 -471003.22 -1756653.11 629225.62 2024545.89 6191910.35 657779683.47 0.00304567 -0.00898099 -0.01124545 -0.00388368 -0.00115320 -0.00363578 -0.00382483 -0.00393265 -0.00400169 -0.00403060 -0.00401736 -0.00395953 -0.00385476 -0.00370235 -0.00350418 -0.00326119 -0.00296771 -0.00261549 -0.00152142 -0.00006672 0.00021223 0.00004830 -0.00000016 -0.00000375 -0.00000232 -0.00047649 -0.00410757 -0.00217866 -0.38626355 26.60100 
0.570 0.01034001 5 5895013.03 4137665.66 4699058.39 3784697.50 1070223.33 -7796631.86 -245004455.62 0.00575832 0.01034001 0.00393515 0.00194220 0.00012202 -0.00908864 -0.00968606 -0.00992308 -0.00992678 -0.00970718 -0.00928075 -0.00867010 -0.00790416 -0.00701783 -0.00605057 -0.00504546 -0.00404716 -0.00310044 -0.00127651 0.00015897 0.00021836 0.00003238 -0.00001422 -0.00000648 -0.00000158 -0.00091128 0.00277984 0.00081903 0.00946939 28.07883 
0.600 0.01044379 5 6221802.76 4514476.04 4597420.19 3810504.30 1086865.83 -7787463.59 -244149454.61 0.00580788 0.01044379 0.00403721 0.00203459 0.00022262 -0.00965161 -0.01030944 -0.01058604 -0.01061981 -0.01042059 -0.01000467 -0.00939442 -0.00861851 -0.00771161 -0.00671298 -0.00566550 -0.00461376 -0.00360262 -0.00158122 0.00011585 0.00025339 0.00004536 -0.00001522 -0.00000755 -0.00000160 -0.00099975 0.00286026 0.00080973 0.00607825 29.55666 
0.630 0.01030159 5 6464161.67 4822582.32 4361920.39 3838760.33 1102094.79 -7661196.15 -237395504.68 0.00577851 0.01030159 0.00395820 0.00216967 0.00037406 -0.01013341 -0.01084426 -0.01115772 -0.01122248 -0.01104801 -0.01065006 -0.01005027 -0.00927647 -0.00836251 -0.00734683 -0.00627158 -0.00518058 -0.00411825 -0.00192110 0.00003666 0.00027748 0.00005956 -0.00001605 -0.00000874 -0.00000165 -0.00108523 0.00289995 0.00078293 0.00222316 31.03450 
0.660 0.01050097 5 -2634230.91 1763167.47 3284835.40 1035950.81 34425.01 -8752609.60 -594374437.31 0.00368236 0.01050097 0.00515174 0.00346070 0.00121002 -0.00244124 -0.00265220 -0.00275905 -0.00278571 -0.00273329 -0.00260439 -0.00240240 -0.00213305 -0.00180849 -0.00144878 -0.00108026 -0.00073075 -0.00042792 -0.00000420 0.00012016 0.00003602 -0.00000689 -0.00001256 -0.00000387 -0.00000144 -0.00022305 0.00362610 0.00158134 0.18059856 32.51233 
0.690 0.01078312 5 -3268804.13 1446486.43 3214234.40 947186.34 57117.51 -8933828.81 -615796629.21 0.00377382 0.01078312 0.00534339 0.00363404 0.00127071 -0.00204660 -0.00223519 -0.00233736 -0.00237016 -0.00233467 -0.00223315 -0.00206875 -0.00184589 -0.00157200 -0.00126210 -0.00093852 -0.00062554 -0.00034972 0.00003395 0.00011884 0.00003033 -0.00000792 -0.00001233 -0.00000378 -0.00000149 -0.00018894 0.00377065 0.00166722 0.19399016 33.99016 
0.720 0.01161221 2 -10336927.79 4513263.72 -5632564.62 -658087.85 -780966.86 -7778572.18 -928030047.96 -0.00594386 0.00552846 0.00425172 0.00159457 0.01155094 0.01607166 0.01592418 0.01569189 0.01537525 0.01497491 0.01449089 0.01392153 0.01325897 0.01247947 0.01155830 0.01049638 0.00931548 0.00806080 0.00496489 0.00107864 -0.00035064 -0.00021853 0.00000832 0.00001856 0.00000112 0.00172421 0.00500663 0.00326293 0.65781510 35.46800 
0.750 0.01208892 2 -10274072.49 4646772.23 -5717408.85 -637503.50 -742574.84 -7823357.53 -930449317.58 -0.00640883 0.00570767 0.00456741 0.00196954 0.01201933 0.01610150 0.01590418 0.01563258 0.01527886 0.01484381 0.01432755 0.01372822 0.01303718 0.01222965 0.01128214 0.01019722 0.00899966 0.00773780 0.00466684 0.00088860 -0.00040994 -0.00021761 0.00000958 0.00001852 0.00000102 0.00168020 0.00527078 0.00336338 0.68149959 36.94583 
0.780 0.01294348 2 -10028179.32 5038769.79 -5933623.68 -562711.30 -653620.85 -7916993.27 -934213367.08 -0.00626927 0.00549967 0.00385471 0.00167028 0.01287595 0.01619301 0.01588699 0.01553315 0.01510335 0.01459860 0.01401907 0.01336206 0.01261630 0.01175408 0.01075508 0.00963259 0.00842029 0.00716509 0.00418463 0.00064517 -0.00045706 -0.00020546 0.00001003 0.00001741 0.00000085 0.00160836 0.00532639 0.00335129 0.67953428 38.42366 
0.810 0.01398041 2 -9603480.96 5477368.76 -6004579.29 -676142.48 -759628.93 -7640499.01 -925354332.06 -0.00658308 0.00442051 0.00288305 0.00183544 0.01389826 0.01601015 0.01557508 0.01512459 0.01460643 0.01402210 0.01337203 0.01265296 0.01185228 0.01094519 0.00992438 0.00880617 0.00762105 0.00641237 0.00361544 0.00039002 -0.00049444 -0.00018789 0.00001004 0.00001590 0.00000080 0.00149850 0.00535563 0.00330664 0.68330980 39.90150 
0.840 0.01363246 2 -8944642.78 5711721.58 -5882641.60 -800871.72 -514198.07 -7458652.98 -894525326.21 -0.00613529 0.00326705 0.00153816 0.00305942 0.01354807 0.01435464 0.01389783 0.01344532 0.01293795 0.01237706 0.01176293 0.01109260 0.01035536 0.00953137 0.00861182 0.00761326 0.00656520 0.00550038 0.00303477 0.00019729 -0.00048992 -0.00016087 0.00000891 0.00001349 0.00000073 0.00130232 0.00518571 0.00312276 0.65178926 41.37933 
0.870 0.01362673 2 -11207553.49 128473.04 -2720511.36 -3162234.36 -1641036.92 -3812243.89 -697092872.73 -0.01109483 -0.00508816 -0.00175135 0.01010636 0.01347704 0.01552013 0.01543340 0.01517721 0.01477116 0.01421871 0.01352544 0.01269659 0.01173641 0.01064754 0.00944291 0.00816773 0.00688279 0.00563669 0.00295937 0.00006305 -0.00052403 -0.00015357 0.00001058 0.00001436 0.00000207 0.00143521 0.00485735 0.00303943 0.75896558 42.85716 
0.900 0.01408019 2 -10955000.82 317435.43 -3334069.58 -2723183.36 -1557326.48 -3657856.83 -673168400.20 -0.01147566 -0.00545574 -0.00198704 0.01014281 0.01393274 0.01540157 0.01523554 0.01491244 0.01443996 0.01382521 0.01307843 0.01220959 0.01122831 0.01014261 0.00896644 0.00773452 0.00649611 0.00529507 0.00269915 -0.00008479 -0.00057183 -0.00015268 0.00001216 0.00001442 0.00000191 0.00137125 0.00488134 0.00301670 0.76211072 44.33500 
0.930 0.01355768 3 -9859796.12 -86450.46 -989770.16 -3710746.91 -1847042.14 -3225786.46 -637218203.78 -0.01211014 -0.00481094 0.00132389 0.01355768 0.01066269 0.01210725 0.01222120 0.01215347 0.01195248 0.01162041 0.01116063 0.01057644 0.00987048 0.00904423 0.00810621 0.00708361 0.00602063 0.00496259 0.00257662 -0.00006527 -0.00052467 -0.00013263 0.00001097 0.00001272 0.00000186 0.00118729 0.00525994 0.00309645 0.77931332 45.81283 
0.960 0.01516677 3 -8598663.79 662001.03 -423778.25 -3963590.95 -1949944.50 -2923351.12 -613113999.52 -0.01262755 -0.00483341 0.00248293 0.01516677 0.00974587 0.01002532 0.01014783 0.01011985 0.00998582 0.00974764 0.00940810 0.00896994 0.00843435 0.00780007 0.00706792 0.00624923 0.00537078 0.00446872 0.00234117 -0.00011246 -0.00052587 -0.00012526 0.00001100 0.00001222 0.00000189 0.00101145 0.00548949 0.00311065 0.78811748 47.29066 
0.990 0.01666928 3 -7597458.30 984747.15 301557.76 -4319630.85 -2066510.60 -2497621.75 -580606719.24 -0.01273309 -0.00496340 0.00332138 0.01666928 0.00858058 0.00776725 0.00789989 0.00790350 0.00782328 0.00766084 0.00741835 0.00709766 0.00669887 0.00621979 0.00565949 0.00502572 0.00433674 0.00361796 0.00188149 -0.00017066 -0.00047237 -0.00009946 0.00000889 0.00000965 0.00000164 0.00079607 0.00558621 0.00304158 0.77664745 48.76850 
1.020 0.01867697 3 -6725283.03 1050794.42 1283417.16 -4746789.00 -2138100.99 -2174604.60 -550040293.19 -0.01291497 -0.00488977 0.00493773 0.01867697 0.00688613 0.00534097 0.00555140 0.00564181 0.00566811 0.00563117 0.00553196 0.00537069 0.00514532 0.00485103 0.00448392 0.00404766 0.00355445 0.00302066 0.00163212 -0.00015605 -0.00045143 -0.00009668 0.00000868 0.00000946 0.00000164 0.00060470 0.00580150 0.00304084 0.77785099 50.24633 
1.050 0.02004262 3 -5337765.74 1500383.39 1997393.15 -5106222.34 -2230690.35 -1498629.60 -494524768.34 -0.01321759 -0.00566792 0.00552071 0.02004262 0.00575315 0.00324867 0.00347453 0.00360567 0.00369711 0.00374891 0.00376072 0.00373075 0.00365429 0.00352326 0.00333029 0.00307622 0.00277039 0.00242407 0.00141628 -0.00008242 -0.00040979 -0.00009699 0.00000852 0.00000934 0.00000134 0.00042885 0.00574417 0.00292055 0.76393933 51.72416 
1.080 0.02055225 3 -4566041.12 1757748.15 2215785.48 -5159817.89 -2278584.37 -1101172.49 -459301084.55 -0.01339506 -0.00666087 0.00559868 0.02054829 0.00528306 0.00231060 0.00252784 0.00266449 0.00277331 0.00285386 0.00290506 0.00292419 0.00290526 0.00283870 0.00271597 0.00253833 0.00231443 0.00205464 0.00125204 -0.00005822 -0.00038614 -0.00009719 0.00000840 0.00000926 0.00000118 0.00033903 0.00560504 0.00280761 0.75186734 53.20200 
1.110 0.02106571 3 554764.15 142339.02 7766458.34 -5334632.45 -2643353.44 623952.68 -177472978.30 -0.01383160 -0.00438380 0.00761813 0.02079441 0.00281795 -0.00369438 -0.00370559 -0.00368240 -0.00362428 -0.00353249 -0.00340937 -0.00325903 -0.00308927 -0.00291136 -0.00273402 -0.00255582 -0.00236996 -0.00217119 -0.00163799 -0.00083882 -0.00025659 -0.00000126 0.00000318 -0.00000183 -0.00000230 -0.00046610 0.00532569 0.00224896 0.62964845 54.67983 
1.140 0.02170062 3 1239748.80 270249.54 8123778.04 -5818101.58 -2737502.37 1401325.17 -131394664.42 -0.01333534 -0.00539342 0.00737786 0.02143583 0.00177783 -0.00542088 -0.00543978 -0.00541229 -0.00534028 -0.00522513 -0.00506933 -0.00487733 -0.00465745 -0.00442196 -0.00418008 -0.00392984 -0.00366410 -0.00337738 -0.00257894 -0.00125020 -0.00029132 0.00002068 0.00000329 -0.00000385 -0.00000264 -0.00069934 0.00503913 0.00199072 0.58230079 56.15766 
1.170 0.02193980 3 1847582.54 298597.43 8372170.06 -6181656.25 -2850338.31 2208809.62 -81246301.64 -0.01287934 -0.00662871 0.00691810 0.02168783 0.00084255 -0.00670711 -0.00672183 -0.00668471 -0.00659744 -0.00646147 -0.00627940 -0.00605587 -0.00579972 -0.00552390 -0.00523762 -0.00493797 -0.00461801 -0.00427316 -0.00330330 -0.00161270 -0.00035423 0.00003320 0.00000491 -0.00000486 -0.00000298 -0.00087554 0.00462994 0.00170530 0.53209187 57.63550 
1.200 0.02184961 3 2265986.35 100926.11 8672803.01 -6769248.23 -2898218.83 3159724.28 -24670759.01 -0.01188719 -0.00720884 0.00654244 0.02163053 -0.00070951 -0.00815722 -0.00811362 -0.00802437 -0.00788340 -0.00769224 -0.00745361 -0.00717238 -0.00685789 -0.00652390 -0.00617972 -0.00582183 -0.00544389 -0.00504134 -0.00391101 -0.00192848 -0.00042568 0.00004124 0.00000706 -0.00000539 -0.00000330 -0.00104024 0.00408730 0.00136343 0.45965166 59.11333 
