0.001 0.00011435 4 68161.42 773.23 5235.04 7474.04 7403.11 47275.99 5168650.13 0.00000307 -0.00004254 -0.00011435 -0.00003241 0.00000088 0.00004350 0.00004768 0.00004433 0.00003972 0.00003434 0.00002846 0.00002252 0.00001691 0.00001188 0.00000746 0.00000360 0.00000029 -0.00000249 -0.00000454 0.00000054 0.00000988 -0.00000027 -0.00001046 -0.00000162 0.00000173 0.00000302 -0.00003370 -0.00001420 -0.00252157 0.11128 
0.030 0.00150122 5 2017717.80 30507.78 144621.93 224465.42 221629.50 1396493.17 152787772.23 -0.00036832 -0.00143150 -0.00082824 -0.00057750 -0.00037069 -0.00047426 -0.00046720 -0.00044621 -0.00040960 -0.00036002 -0.00030177 -0.00024048 -0.00018138 -0.00012840 -0.00008395 -0.00004908 -0.00002370 -0.00000685 0.00000877 0.00000740 0.00000234 -0.00000334 -0.00000645 -0.00000318 -0.00000192 -0.00002558 -0.00061017 -0.00029962 -0.04246404 3.33833 
0.060 0.00278916 5 4083708.12 52872.00 380955.59 522866.78 453727.53 2673286.22 302704113.55 -0.00068693 -0.00271594 -0.00149433 -0.00110942 -0.00076120 -0.00124256 -0.00125767 -0.00123034 -0.00116666 -0.00106975 -0.00094493 -0.00079986 -0.00064445 -0.00049049 -0.00034954 -0.00022936 -0.00013409 -0.00006397 0.00001608 0.00002694 0.00000165 -0.00000473 -0.00000242 -0.00000295 -0.00000334 -0.00008000 -0.00116855 -0.00059028 -0.08491098 6.67665 
0.090 0.00402426 5 6002029.97 56610.55 592278.88 796922.86 671764.52 3884453.15 443860918.23 -0.00099109 -0.00394854 -0.00212845 -0.00161225 -0.00113174 -0.00202097 -0.00206683 -0.00204301 -0.00196448 -0.00183477 -0.00166028 -0.00145053 -0.00121718 -0.00097359 -0.00073486 -0.00051658 -0.00033248 -0.00018853 -0.00000312 0.00005027 0.00000600 -0.00000509 0.00000111 -0.00000242 -0.00000408 -0.00014395 -0.00170072 -0.00087373 -0.12657153 10.01498 
0.120 0.00532676 5 7780463.85 44012.25 731454.35 1012428.73 866858.54 5125709.98 580632966.89 -0.00134282 -0.00525006 -0.00277790 -0.00210141 -0.00147969 -0.00287227 -0.00295809 -0.00294899 -0.00286977 -0.00272266 -0.00251321 -0.00224996 -0.00194600 -0.00161785 -0.00128330 -0.00096123 -0.00067104 -0.00042846 -0.00007634 0.00007436 0.00001733 -0.00000381 0.00000414 -0.00000179 -0.00000444 -0.00022502 -0.00223888 -0.00116907 -0.16949194 13.35330 
0.150 0.00648825 5 9300126.15 89854.92 748583.37 1183742.22 1051644.55 6226301.10 698529571.36 -0.00161215 -0.00640871 -0.00337029 -0.00253578 -0.00176284 -0.00383029 -0.00396938 -0.00398785 -0.00392288 -0.00377530 -0.00354825 -0.00324723 -0.00288319 -0.00247383 -0.00204117 -0.00160837 -0.00119888 -0.00083435 -0.00023848 0.00009264 0.00003793 0.00000004 0.00000634 -0.00000116 -0.00000436 -0.00032999 -0.00271040 -0.00144587 -0.21095196 16.69163 
0.180 0.00760861 5 10479390.14 168388.68 787986.28 1169686.21 1290173.89 7063155.09 788454704.24 -0.00183549 -0.00743843 -0.00417661 -0.00289449 -0.00198316 -0.00462956 -0.00481473 -0.00485866 -0.00480888 -0.00466568 -0.00443085 -0.00410776 -0.00370454 -0.00323675 -0.00272741 -0.00220502 -0.00169988 -0.00123779 -0.00042499 0.00009543 0.00005829 0.00000502 0.00000772 -0.00000055 -0.00000385 -0.00042371 -0.00316756 -0.00170996 -0.25149932 20.02996 
0.210 0.00910229 5 10325666.05 461723.87 440144.98 491750.10 1073501.84 7858545.26 795617838.29 -0.00140649 -0.00870016 -0.00587528 -0.00292337 -0.00185605 -0.00502259 -0.00526213 -0.00535561 -0.00536000 -0.00527449 -0.00509839 -0.00483128 -0.00447478 -0.00403547 -0.00352829 -0.00297784 -0.00241511 -0.00187233 -0.00080418 0.00004052 0.00008734 0.00001658 0.00000710 -0.00000073 -0.00000301 -0.00051664 -0.00354916 -0.00193821 -0.29068748 23.36828 
0.240 0.01016100 5 9956411.67 551350.77 425010.83 -134782.40 1111200.80 8003631.68 777448227.68 -0.00057965 -0.00964375 -0.00788463 -0.00284357 -0.00171415 -0.00536099 -0.00564361 -0.00577848 -0.00583007 -0.00579721 -0.00567838 -0.00547188 -0.00517650 -0.00479312 -0.00432775 -0.00379534 -0.00321886 -0.00262934 -0.00133045 -0.00009173 0.00011195 0.00003381 0.00000572 -0.00000180 -0.00000237 -0.00061502 -0.00388514 -0.00214798 -0.33331203 26.70661 
0.270 0.01085447 5 8828858.12 237516.74 209583.69 -678628.33 1214296.07 7846089.96 735339791.20 0.00062147 -0.01025045 -0.00966085 -0.00293687 -0.00153145 -0.00515340 -0.00545143 -0.00561762 -0.00571725 -0.00574894 -0.00571074 -0.00560028 -0.00541503 -0.00515278 -0.00481256 -0.00439609 -0.00390955 -0.00337003 -0.00198450 -0.00033910 0.00011853 0.00005704 0.00000375 -0.00000378 -0.00000203 -0.00067580 -0.00411528 -0.00228815 -0.36926511 30.04493 
0.300 0.01172960 5 7479369.27 48100.54 -202305.34 -1016220.55 984790.52 7665004.12 672452221.72 0.00247091 -0.01101452 -0.01144816 -0.00363058 -0.00153381 -0.00457259 -0.00484607 -0.00501186 -0.00512641 -0.00518828 -0.00519536 -0.00514511 -0.00503465 -0.00486119 -0.00462217 -0.00431542 -0.00393982 -0.00350000 -0.00223371 -0.00049851 0.00010870 0.00006977 0.00000243 -0.00000508 -0.00000198 -0.00065163 -0.00447825 -0.00244546 -0.41455144 33.38326 
0.330 0.01219041 5 10991926.12 743653.84 803817.02 -421045.01 469168.21 9396332.05 848637490.63 -0.00317878 -0.01169378 -0.00719707 -0.00306091 -0.00189935 -0.00402769 -0.00415198 -0.00415031 -0.00406178 -0.00388816 -0.00363309 -0.00330138 -0.00290208 -0.00245109 -0.00197087 -0.00148722 -0.00102544 -0.00060992 0.00004596 0.00024360 0.00003095 -0.00001473 0.00000946 0.00000126 -0.00000436 -0.00031531 -0.00433509 -0.00219969 -0.29702775 36.72159 
0.360 0.01276764 5 10203928.47 -115057.43 1639117.12 -738888.35 164617.43 9254139.70 822055869.52 -0.00219802 -0.01219104 -0.00841981 -0.00258832 -0.00161321 -0.00401905 -0.00415231 -0.00416978 -0.00411379 -0.00398420 -0.00378130 -0.00350601 -0.00316163 -0.00275699 -0.00230840 -0.00183770 -0.00136774 -0.00092352 -0.00013609 0.00022994 0.00003884 -0.00001338 0.00001028 0.00000134 -0.00000449 -0.00034621 -0.00430256 -0.00220085 -0.30443973 40.05991 
0.390 0.01420511 4 8952944.83 -193369.44 -28992.77 586058.01 1267790.43 7321458.59 752563563.33 0.00491645 -0.01219615 -0.01420511 -0.00730789 -0.00178008 -0.00487503 -0.00524371 -0.00547597 -0.00564488 -0.00574928 -0.00578735 -0.00575697 -0.00565683 -0.00548833 -0.00525375 -0.00494921 -0.00456405 -0.00409413 -0.00267460 -0.00066279 0.00009107 0.00007763 0.00000433 -0.00000769 -0.00000478 -0.00074261 -0.00582038 -0.00312295 -0.56404129 43.39824 
0.420 0.01793978 4 8343987.61 -14464.75 261415.82 -330988.97 1047598.35 7380427.16 702730473.75 0.00786061 -0.01562900 -0.01793978 -0.01009598 -0.00180838 -0.00408808 -0.00445082 -0.00468590 -0.00486399 -0.00498460 -0.00504686 -0.00505013 -0.00499573 -0.00488972 -0.00473903 -0.00453861 -0.00426878 -0.00391165 -0.00268388 -0.00075261 0.00006842 0.00007984 0.00000333 -0.00000841 -0.00000476 -0.00067695 -0.00719479 -0.00373236 -0.68797732 46.73656 
0.450 0.02251549 4 9355759.79 262414.35 947799.99 -30951.83 837434.63 7339062.65 721574306.60 0.01198515 -0.01934889 -0.02251549 -0.01403661 -0.00210842 -0.00464183 -0.00511583 -0.00541809 -0.00564318 -0.00579063 -0.00585982 -0.00585071 -0.00576645 -0.00561762 -0.00541684 -0.00516059 -0.00482455 -0.00438648 -0.00293616 -0.00076251 0.00009934 0.00008848 0.00000305 -0.00000819 -0.00000408 -0.00076747 -0.00901170 -0.00463217 -0.87963677 50.07489 
