0.001 0.00012431 5 -42515.89 -6720.05 -27464.37 -39416.82 -17530.41 48615.76 4784.44 -0.00003069 -0.00005683 -0.00010965 -0.00000995 0.00002222 0.00008313 0.00008656 0.00008051 0.00007207 0.00006214 0.00005129 0.00004036 0.00003010 0.00002101 0.00001326 0.00000681 0.00000164 -0.00000238 -0.00000542 0.00000018 0.00001031 0.00000007 -0.00001039 -0.00000145 0.00000189 0.00000504 -0.00002519 -0.00000914 -0.00104740 0.10699 
0.030 0.00227888 5 1778753.64 884188.93 1902399.54 873477.05 26792.28 -1908104.15 -56615873.68 0.00090808 0.00227888 0.00101217 0.00046304 -0.00014644 -0.00159320 -0.00163759 -0.00161006 -0.00152596 -0.00139260 -0.00122029 -0.00102265 -0.00081479 -0.00061249 -0.00043017 -0.00027711 -0.00015754 -0.00007085 0.00002544 0.00003804 0.00001506 -0.00000314 -0.00001131 -0.00000218 0.00000114 -0.00010133 0.00055814 0.00020781 0.01165125 3.20960 
0.060 0.00445760 5 3298078.01 1574185.79 3471271.98 1746606.64 132155.32 -3626141.72 -101820537.60 0.00193931 0.00445760 0.00203931 0.00089556 -0.00025303 -0.00338794 -0.00352340 -0.00351060 -0.00338775 -0.00316482 -0.00285738 -0.00248650 -0.00207759 -0.00165792 -0.00125316 -0.00088589 -0.00057519 -0.00033098 -0.00001210 0.00008990 0.00003076 -0.00000485 -0.00001195 -0.00000284 0.00000027 -0.00024532 0.00112752 0.00039823 0.01934921 6.41920 
0.090 0.00643032 5 4583232.44 2052873.33 4924650.66 2442408.46 203775.89 -5040475.89 -136496513.69 0.00303824 0.00643032 0.00297759 0.00134186 -0.00031557 -0.00527101 -0.00552462 -0.00555738 -0.00543350 -0.00516364 -0.00476484 -0.00426032 -0.00367906 -0.00305470 -0.00242304 -0.00181945 -0.00127659 -0.00081954 -0.00015028 0.00014755 0.00005869 -0.00000433 -0.00001253 -0.00000350 -0.00000054 -0.00042282 0.00168467 0.00056512 0.02329284 9.62880 
0.120 0.00833571 5 5916820.63 2238669.85 6127777.48 3297796.99 447607.36 -6195031.05 -136201279.45 0.00400266 0.00833571 0.00409107 0.00161388 -0.00042026 -0.00717028 -0.00755712 -0.00765489 -0.00755592 -0.00727106 -0.00681791 -0.00622052 -0.00550942 -0.00472093 -0.00389489 -0.00307315 -0.00229749 -0.00160570 -0.00045113 0.00022159 0.00011534 0.00000090 -0.00001333 -0.00000447 -0.00000133 -0.00062747 0.00219926 0.00069764 0.02246921 12.83841 
0.150 0.01040586 5 7366752.34 2419771.21 7370621.80 4173717.84 827869.40 -7425227.91 -130376300.26 0.00427627 0.01040586 0.00571533 0.00189697 -0.00052846 -0.00903683 -0.00956552 -0.00974188 -0.00968640 -0.00940999 -0.00893042 -0.00827205 -0.00746605 -0.00655001 -0.00556596 -0.00455897 -0.00357488 -0.00265754 -0.00095461 0.00026398 0.00020608 0.00001733 -0.00001484 -0.00000643 -0.00000216 -0.00085314 0.00274969 0.00083578 0.02906207 16.04801 
0.180 0.01210298 5 8649035.24 2723303.90 8121172.82 4914300.24 1113618.80 -8223360.52 -116108721.78 0.00415486 0.01210298 0.00737915 0.00217548 -0.00057316 -0.01065865 -0.01132453 -0.01158233 -0.01157944 -0.01132675 -0.01084214 -0.01015015 -0.00928227 -0.00827683 -0.00717709 -0.00602974 -0.00488239 -0.00378179 -0.00157381 0.00024804 0.00031440 0.00004707 -0.00001720 -0.00000961 -0.00000300 -0.00106946 0.00324995 0.00095538 0.03942982 19.25761 
0.210 0.01235221 5 9366876.85 3170439.89 8063040.68 5204089.27 1129518.06 -8200211.05 -98702462.93 0.00373849 0.01235221 0.00815594 0.00250079 -0.00042008 -0.01150495 -0.01223851 -0.01253638 -0.01256034 -0.01232116 -0.01183668 -0.01113139 -0.01023697 -0.00919246 -0.00804249 -0.00683472 -0.00561614 -0.00443209 -0.00196531 0.00021606 0.00037356 0.00006469 -0.00001844 -0.00001144 -0.00000351 -0.00118745 0.00349209 0.00100621 0.05168426 22.46721 
0.240 0.01209836 5 8727162.08 3420952.68 6924473.33 5116757.45 1181188.43 -7916209.81 -109736743.42 0.00317021 0.01209836 0.00866047 0.00265303 -0.00053479 -0.01104544 -0.01171514 -0.01196989 -0.01196368 -0.01170589 -0.01121307 -0.01050858 -0.00962352 -0.00859771 -0.00747836 -0.00631529 -0.00515322 -0.00402978 -0.00168107 0.00034792 0.00038007 0.00004852 -0.00001799 -0.00000985 -0.00000332 -0.00110650 0.00351162 0.00105837 0.07023272 25.67681 
0.270 0.01102280 5 5182896.73 442275.07 6737742.21 4391272.38 728619.80 -7117012.73 -122232791.53 0.00259538 0.01102280 0.00880492 0.00285225 -0.00100175 -0.00863312 -0.00908890 -0.00925883 -0.00925451 -0.00907562 -0.00872377 -0.00820407 -0.00752984 -0.00672832 -0.00584211 -0.00492095 -0.00400651 -0.00312373 -0.00123146 0.00040306 0.00031126 0.00000901 -0.00001511 -0.00000592 -0.00000285 -0.00085278 0.00331883 0.00110277 0.09439277 28.88641 
0.300 0.00950042 5 1352567.11 -3536985.94 5987234.16 4526845.93 154011.25 -5778538.28 -70501303.07 0.00253434 0.00950042 0.00822827 0.00233345 -0.00146667 -0.00487957 -0.00505563 -0.00510956 -0.00508860 -0.00499242 -0.00482058 -0.00457279 -0.00425138 -0.00386729 -0.00344401 -0.00300789 -0.00256942 -0.00212235 -0.00096278 0.00029721 0.00025259 -0.00000784 -0.00001273 -0.00000413 -0.00000286 -0.00049146 0.00285400 0.00107681 0.10262330 32.09602 
0.330 0.00936745 2 -5381979.43 8505604.91 -6263801.83 181052.75 -684163.46 -7120671.80 -832651201.40 -0.00490759 0.00514056 0.00393289 0.00088735 0.00931729 0.01015418 0.00969613 0.00927850 0.00887199 0.00847800 0.00809699 0.00772805 0.00736541 0.00698985 0.00656404 0.00605062 0.00544759 0.00479930 0.00330758 0.00122295 -0.00013480 -0.00022833 0.00000715 0.00001864 -0.00000004 0.00103102 0.00403908 0.00244113 0.48859831 35.30562 
0.360 0.01105180 2 -4656989.95 9376366.76 -6788055.66 648839.74 -720167.37 -7173973.41 -829797299.72 -0.00591440 0.00511247 0.00406842 0.00050399 0.01099457 0.01105140 0.01040064 0.00983897 0.00930495 0.00880055 0.00832672 0.00788280 0.00746151 0.00703699 0.00655775 0.00597254 0.00527325 0.00451488 0.00286845 0.00098668 -0.00010866 -0.00021216 0.00000565 0.00001684 -0.00000034 0.00102572 0.00439990 0.00260745 0.53241340 38.51522 
0.390 0.01270761 2 -4056065.88 10141140.54 -7331937.98 1073306.63 -695727.92 -7242847.16 -827035223.91 -0.00693216 0.00522762 0.00421260 0.00010710 0.01264617 0.01217919 0.01134624 0.01064763 0.00999106 0.00937903 0.00881298 0.00829241 0.00780827 0.00732731 0.00678342 0.00610969 0.00528489 0.00438032 0.00248593 0.00068043 -0.00010799 -0.00018824 0.00000422 0.00001435 -0.00000072 0.00104624 0.00476657 0.00279024 0.57854667 41.72482 
0.420 0.01428287 2 -3459997.14 10856726.76 -7829515.07 1429496.65 -623645.03 -7293060.44 -821515581.34 -0.00791307 0.00536109 0.00425599 -0.00028356 0.01421761 0.01337174 0.01235799 0.01152359 0.01074578 0.01002756 0.00937090 0.00877541 0.00822983 0.00769237 0.00708094 0.00630809 0.00534542 0.00429420 0.00213076 0.00033769 -0.00012509 -0.00016096 0.00000292 0.00001147 -0.00000121 0.00107357 0.00509571 0.00295906 0.62151231 44.93442 
0.450 0.01575543 2 -2902978.10 11556653.95 -8237965.01 1671892.96 -719050.57 -7174509.44 -816697963.71 -0.00896919 0.00536380 0.00441195 -0.00033829 0.01567853 0.01436327 0.01316630 0.01219540 0.01129803 0.01047756 0.00973649 0.00907469 0.00847906 0.00790012 0.00724058 0.00639098 0.00532737 0.00417397 0.00179854 -0.00000060 -0.00013263 -0.00012498 0.00000067 0.00000777 -0.00000164 0.00108436 0.00546935 0.00313994 0.66865405 48.14402 
0.480 0.01732059 2 -2318000.92 12254946.82 -8663396.48 1911660.96 -640630.71 -7180581.51 -810868046.72 -0.00991316 0.00532265 0.00421664 -0.00061139 0.01723933 0.01567228 0.01429869 0.01319706 0.01218638 0.01126949 0.01044892 0.00972434 0.00907981 0.00845642 0.00773979 0.00680047 0.00562825 0.00435629 0.00170296 -0.00029087 -0.00016294 -0.00009591 -0.00000061 0.00000472 -0.00000208 0.00114413 0.00576571 0.00331062 0.71301674 51.35362 
0.510 0.01885274 2 -1677852.77 12912527.08 -9015033.88 2109796.51 -458105.86 -7227036.63 -801070867.25 -0.01084415 0.00540140 0.00398479 -0.00093659 0.01877039 0.01700847 0.01545947 0.01423047 0.01311300 0.01210764 0.01121607 0.01043720 0.00975114 0.00908795 0.00831450 0.00728861 0.00601145 0.00460285 0.00166162 -0.00057384 -0.00019808 -0.00006382 -0.00000230 0.00000124 -0.00000254 0.00121308 0.00604509 0.00347821 0.75569654 54.56323 
0.540 0.02052120 2 -1080218.26 13541393.47 -9354812.43 2268698.60 -215045.01 -7320452.90 -792752125.83 -0.01179635 0.00546955 0.00361679 -0.00135980 0.02044450 0.01858989 0.01686825 0.01551224 0.01429079 0.01319960 0.01223759 0.01140224 0.01066853 0.00995424 0.00910760 0.00798436 0.00658175 0.00499942 0.00172381 -0.00082081 -0.00024441 -0.00003767 -0.00000315 -0.00000142 -0.00000291 0.00131354 0.00631947 0.00366020 0.80155695 57.77283 
0.570 0.02225465 2 -478065.05 14100773.01 -9615554.97 2402810.31 17478.07 -7383571.47 -781564208.67 -0.01281078 0.00538467 0.00315904 -0.00179283 0.02218431 0.02031210 0.01842056 0.01693864 0.01561945 0.01444989 0.01342330 0.01253497 0.01175350 0.01098303 0.01005304 0.00882387 0.00726822 0.00549610 0.00185349 -0.00104180 -0.00029392 -0.00001566 -0.00000399 -0.00000359 -0.00000318 0.00143458 0.00657538 0.00384447 0.84980751 60.98243 
0.600 0.02387252 2 141761.71 14627701.64 -9815132.76 2522936.57 197737.64 -7391481.38 -768258668.64 -0.01378563 0.00523036 0.00274315 -0.00221840 0.02380411 0.02205696 0.01998596 0.01837051 0.01695480 0.01571264 0.01462748 0.01369110 0.01286447 0.01203693 0.01102150 0.00968454 0.00796358 0.00601832 0.00200102 -0.00128626 -0.00036452 0.00000400 -0.00000416 -0.00000558 -0.00000349 0.00155656 0.00680256 0.00401576 0.89577283 64.19203 
0.630 0.02542762 2 703072.45 15060161.82 -9954137.83 2630750.93 326613.03 -7360315.50 -754200789.58 -0.01474158 0.00495602 0.00229887 -0.00268950 0.02535773 0.02400556 0.02176438 0.02001866 0.01851109 0.01720367 0.01606655 0.01508491 0.01421084 0.01331755 0.01220471 0.01073898 0.00883321 0.00671741 0.00225728 -0.00152014 -0.00044633 0.00002131 -0.00000392 -0.00000740 -0.00000382 0.00170765 0.00698729 0.00418262 0.94168529 67.40163 
0.660 0.02700332 2 1269213.03 15417036.06 -10015361.90 2729673.08 401641.15 -7263775.36 -736553544.32 -0.01571028 0.00449262 0.00183645 -0.00308033 0.02692764 0.02564991 0.02327032 0.02141419 0.01982863 0.01847208 0.01730601 0.01629955 0.01539387 0.01444535 0.01324543 0.01165046 0.00957575 0.00731809 0.00246790 -0.00174850 -0.00052204 0.00003842 -0.00000391 -0.00000918 -0.00000411 0.00183612 0.00716898 0.00433604 0.98661192 70.61123 
0.690 0.02863864 2 1838491.11 15766545.63 -10052547.36 2814596.23 429748.85 -7119852.25 -718183582.87 -0.01670215 0.00380863 0.00129228 -0.00342806 0.02855606 0.02723218 0.02472279 0.02275681 0.02108653 0.01967731 0.01848775 0.01746353 0.01653016 0.01552623 0.01424038 0.01250980 0.01028235 0.00790351 0.00269548 -0.00194604 -0.00059147 0.00005254 -0.00000364 -0.00001063 -0.00000441 0.00196095 0.00733951 0.00448229 1.03213539 73.82084 
0.720 0.03027042 2 2542631.33 16008148.32 -10030426.02 2954278.89 410868.53 -6800238.39 -683471983.47 -0.01789073 0.00273336 0.00060873 -0.00400734 0.03017031 0.02909132 0.02646862 0.02439834 0.02265197 0.02119564 0.01998397 0.01894410 0.01797541 0.01689278 0.01548478 0.01355859 0.01113820 0.00860660 0.00297292 -0.00213637 -0.00067936 0.00005102 -0.00000201 -0.00001046 -0.00000459 0.00211731 0.00736688 0.00457819 1.07337134 77.03044 
0.750 0.03182445 2 3331634.66 16227725.88 -9970084.70 3121589.15 201098.46 -6248694.13 -639794856.37 -0.01918891 0.00094696 -0.00033697 -0.00463171 0.03169482 0.03120320 0.02847085 0.02628568 0.02445793 0.02294259 0.02169704 0.02063428 0.01962189 0.01845056 0.01690720 0.01477887 0.01217160 0.00948874 0.00336079 -0.00231805 -0.00076397 0.00004862 -0.00000023 -0.00001011 -0.00000474 0.00230264 0.00722898 0.00461199 1.10947973 80.24004 
0.780 0.03324665 2 4081279.39 16591908.55 -9862439.86 3146370.46 140093.71 -5934653.47 -611802569.61 -0.02020664 -0.00007356 -0.00091174 -0.00471139 0.03309175 0.03225987 0.02942423 0.02711176 0.02519889 0.02362334 0.02235142 0.02129232 0.02027808 0.01907901 0.01747822 0.01526810 0.01259761 0.00987775 0.00348710 -0.00256212 -0.00084617 0.00005987 0.00000094 -0.00001118 -0.00000508 0.00236978 0.00734127 0.00470029 1.14682608 83.44964 
0.810 0.03469567 2 5200675.23 16771584.23 -9779096.27 3406170.55 -61836.37 -5136146.91 -540717852.20 -0.02211586 -0.00252375 -0.00203022 -0.00560890 0.03447438 0.03482721 0.03188288 0.02946319 0.02745756 0.02579865 0.02445387 0.02333369 0.02223193 0.02089562 0.01908706 0.01662099 0.01370611 0.01078269 0.00380613 -0.00277797 -0.00091514 0.00006362 0.00000319 -0.00001139 -0.00000546 0.00258616 0.00693001 0.00462245 1.17342283 86.65924 
0.840 0.03614915 2 6035159.38 17055507.57 -9665161.93 3477514.13 -173773.28 -4658927.11 -499765058.35 -0.02337393 -0.00410699 -0.00281864 -0.00579733 0.03587976 0.03595110 0.03290463 0.03035747 0.02824641 0.02651197 0.02510999 0.02396122 0.02282263 0.02141507 0.01948042 0.01687364 0.01384120 0.01083983 0.00364645 -0.00308379 -0.00099415 0.00007696 0.00000491 -0.00001253 -0.00000586 0.00263007 0.00689634 0.00463000 1.20231473 89.86884 
0.870 0.03726300 2 6839188.61 17302008.14 -9514559.53 3502664.32 -265326.13 -4185598.19 -459062974.91 -0.02440060 -0.00577743 -0.00360256 -0.00542572 0.03694133 0.03641418 0.03327260 0.03060128 0.02837674 0.02656366 0.02511113 0.02393431 0.02276746 0.02130195 0.01926180 0.01655457 0.01343893 0.01039675 0.00315073 -0.00349299 -0.00109893 0.00009039 0.00000717 -0.00001366 -0.00000631 0.00258377 0.00689792 0.00460614 1.22335516 93.07844 
0.900 0.03835510 2 7621980.30 17532153.95 -9383409.59 3481679.25 -346186.47 -3662256.84 -416340570.88 -0.02555205 -0.00758706 -0.00441977 -0.00465802 0.03797209 0.03635858 0.03313929 0.03037531 0.02806320 0.02618572 0.02469962 0.02350401 0.02231092 0.02078782 0.01864211 0.01584098 0.01264858 0.00958112 0.00241424 -0.00393412 -0.00120321 0.00010424 0.00000991 -0.00001468 -0.00000680 0.00247819 0.00694111 0.00457030 1.24459834 96.28805 
0.930 0.03965853 2 8388835.20 17715771.21 -9241294.49 3472731.65 -438253.45 -3120119.73 -371902963.40 -0.02679380 -0.00916541 -0.00510611 -0.00402019 0.03920614 0.03608345 0.03278230 0.02991895 0.02751033 0.02555283 0.02402328 0.02280562 0.02158020 0.01998919 0.01773259 0.01485296 0.01159430 0.00852237 0.00153535 -0.00439799 -0.00131496 0.00011385 0.00001275 -0.00001531 -0.00000719 0.00233557 0.00704993 0.00454555 1.26721469 99.49765 
0.960 0.04077730 2 9049352.87 17832612.07 -9081272.62 3446059.63 -531215.25 -2616830.97 -331381356.05 -0.02788879 -0.01039579 -0.00560750 -0.00330644 0.04025264 0.03574705 0.03236727 0.02940633 0.02690263 0.02485604 0.02326424 0.02201964 0.02075279 0.01907457 0.01669508 0.01373307 0.01041092 0.00734780 0.00061151 -0.00484852 -0.00142818 0.00012052 0.00001594 -0.00001570 -0.00000760 0.00218069 0.00720305 0.00453505 1.28815327 102.70725 
0.990 0.04167940 2 9662329.85 17890508.63 -8907905.99 3403492.19 -623713.39 -2100051.60 -290190231.76 -0.02906799 -0.01165836 -0.00607830 -0.00259603 0.04107423 0.03603612 0.03258150 0.02952921 0.02694269 0.02481436 0.02314600 0.02186017 0.02053110 0.01872486 0.01618939 0.01309411 0.00964442 0.00654255 -0.00005520 -0.00520131 -0.00151804 0.00012615 0.00001868 -0.00001601 -0.00000796 0.00210650 0.00728801 0.00453547 1.31227383 105.91685 
1.020 0.04240792 2 10216524.71 17911841.03 -8704953.94 3317071.12 -675901.63 -1631531.85 -251748109.65 -0.03012735 -0.01257221 -0.00637847 -0.00182510 0.04172139 0.03628426 0.03275941 0.02961460 0.02695074 0.02474578 0.02299690 0.02165197 0.02024955 0.01829303 0.01560641 0.01236791 0.00877460 0.00565487 -0.00075235 -0.00555782 -0.00161444 0.00013006 0.00002239 -0.00001589 -0.00000828 0.00202389 0.00741186 0.00454964 1.33494737 109.12645 
1.050 0.04299137 2 10744824.45 17917683.88 -8496492.07 3239279.83 -739193.78 -1176453.41 -214661961.69 -0.03108790 -0.01305678 -0.00642419 -0.00109607 0.04222483 0.03632400 0.03273917 0.02950506 0.02677055 0.02450108 0.02268340 0.02127525 0.01979707 0.01769544 0.01489543 0.01149772 0.00776907 0.00468688 -0.00149919 -0.00595652 -0.00172920 0.00012996 0.00002586 -0.00001543 -0.00000850 0.00191825 0.00757829 0.00457154 1.35468291 112.33605 
1.080 0.04322671 2 11240111.76 17919259.45 -8252376.23 3078434.21 -723537.60 -781668.07 -180427222.76 -0.03191836 -0.01324543 -0.00636985 -0.00032768 0.04238867 0.03706914 0.03341451 0.03006201 0.02723241 0.02488131 0.02297987 0.02148673 0.01989191 0.01760705 0.01465775 0.01101909 0.00710761 0.00403455 -0.00204067 -0.00629563 -0.00183199 0.00012820 0.00002910 -0.00001490 -0.00000870 0.00188551 0.00772162 0.00462134 1.37590831 115.54565 
