0.001 0.00012859 5 31677.05 -2791.74 -12934.05 -14448.61 269.31 61582.14 4170307.77 -0.00000807 -0.00006106 -0.00012025 -0.00002812 0.00000763 0.00005888 0.00006284 0.00005851 0.00005245 0.00004533 0.00003752 0.00002963 0.00002219 0.00001555 0.00000981 0.00000491 0.00000086 -0.00000243 -0.00000488 0.00000039 0.00001006 -0.00000013 -0.00001043 -0.00000154 0.00000180 0.00000382 -0.00003445 -0.00001412 -0.00223468 0.09261 
0.030 0.00207969 5 -2557971.92 1034.47 -78414.93 -221994.27 -271959.53 -1986637.65 -205118656.00 0.00061660 0.00207969 0.00095384 0.00074780 0.00050291 0.00071804 0.00072316 0.00069591 0.00064679 0.00057849 0.00049564 0.00040455 0.00031264 0.00022706 0.00015268 0.00009196 0.00004553 0.00001233 -0.00001999 -0.00001332 0.00000521 -0.00000057 -0.00000910 -0.00000317 -0.00000102 0.00004163 0.00081223 0.00040287 0.05444983 2.77833 
0.060 0.00388762 5 -4712230.86 11591.18 -128071.80 -366098.94 -492509.16 -3737142.15 -381156968.03 0.00108638 0.00388762 0.00185596 0.00138118 0.00091395 0.00148926 0.00151934 0.00149258 0.00142697 0.00132481 0.00119039 0.00103013 0.00085287 0.00066989 0.00049399 0.00033714 0.00020754 0.00010777 -0.00001335 -0.00003593 0.00000006 0.00000080 -0.00000877 -0.00000297 -0.00000097 0.00010163 0.00151544 0.00076439 0.10478935 5.55667 
0.090 0.00558983 5 -6685095.40 -21127.47 -131710.18 -488090.41 -701373.50 -5342793.84 -541341328.09 0.00154441 0.00558983 0.00269743 0.00196512 0.00129174 0.00230287 0.00236553 0.00234656 0.00227260 0.00214556 0.00196973 0.00175185 0.00150210 0.00123342 0.00096096 0.00070190 0.00047332 0.00028650 0.00002983 -0.00006070 -0.00000921 0.00000116 -0.00000915 -0.00000269 -0.00000051 0.00017338 0.00217354 0.00111101 0.15324263 8.33500 
0.120 0.00720149 5 -8407701.01 -93705.35 -72743.93 -544469.35 -896932.05 -6799850.34 -682419339.70 0.00200745 0.00720149 0.00349845 0.00249009 0.00161739 0.00318467 0.00329402 0.00329647 0.00322928 0.00309333 0.00289125 0.00262765 0.00231213 0.00196006 0.00159001 0.00122294 0.00088151 0.00058523 0.00013187 -0.00008468 -0.00002484 -0.00000023 -0.00000982 -0.00000247 -0.00000003 0.00026285 0.00278626 0.00144577 0.20010156 11.11333 
0.150 0.00842918 5 -9639674.05 -539859.94 -297775.61 -178114.11 -1100978.26 -7522946.13 -747796610.43 0.00209209 0.00842918 0.00465467 0.00263151 0.00176082 0.00413943 0.00429922 0.00432449 0.00426349 0.00411675 0.00388631 0.00357581 0.00319401 0.00275745 0.00228885 0.00181399 0.00136017 0.00095225 0.00027728 -0.00010279 -0.00004511 -0.00000324 -0.00000971 -0.00000228 0.00000013 0.00036248 0.00324142 0.00171206 0.24107790 13.89166 
0.180 0.00922360 5 -10229588.24 -841662.24 -564024.93 83443.51 -931947.40 -7975397.18 -769670826.92 0.00183930 0.00922360 0.00557841 0.00258800 0.00178295 0.00486785 0.00507272 0.00512210 0.00507420 0.00492920 0.00468836 0.00435425 0.00393393 0.00344239 0.00290330 0.00234668 0.00180506 0.00130681 0.00043508 -0.00010950 -0.00006399 -0.00000682 -0.00000939 -0.00000198 0.00000028 0.00044654 0.00348055 0.00186881 0.26809842 16.67000 
0.210 0.00947811 5 -9815850.83 -881133.15 -528410.60 368634.97 -895035.28 -7879906.77 -742697777.34 0.00103856 0.00947811 0.00666146 0.00242492 0.00162307 0.00507054 0.00530529 0.00538214 0.00536392 0.00525023 0.00504112 0.00473720 0.00434182 0.00386461 0.00332474 0.00275084 0.00217669 0.00163396 0.00062035 -0.00009203 -0.00008017 -0.00001167 -0.00000867 -0.00000121 0.00000070 0.00049433 0.00353958 0.00192187 0.28552572 19.44833 
0.240 0.01108555 5 -5315807.61 814555.43 1359513.83 1670028.74 -453548.48 -8706357.13 -652726402.58 0.00233720 0.01108555 0.00679579 0.00265080 0.00135312 0.00068997 0.00064479 0.00060303 0.00057171 0.00054993 0.00053598 0.00052761 0.00052207 0.00051619 0.00050483 0.00047696 0.00042531 0.00035169 0.00015810 -0.00000739 -0.00001247 -0.00000511 -0.00000897 -0.00000298 -0.00000136 0.00006558 0.00375719 0.00179612 0.23313952 22.22666 
0.270 0.01286781 5 -4741839.20 910496.65 1502891.65 2201486.56 -289691.24 -9067022.83 -639503613.55 0.00180670 0.01286781 0.00883570 0.00273803 0.00130941 0.00013519 0.00003014 -0.00004702 -0.00009998 -0.00012956 -0.00013743 -0.00012588 -0.00009786 -0.00005691 -0.00000790 0.00004068 0.00007934 0.00009718 0.00005982 -0.00000872 -0.00000556 -0.00000360 -0.00000840 -0.00000310 -0.00000154 -0.00000296 0.00426544 0.00199797 0.26399827 25.00499 
0.300 0.01490311 5 -3671692.66 1145386.72 1818771.62 2647442.35 -57096.34 -9226197.00 -602931326.90 0.00111957 0.01490311 0.01062907 0.00279446 0.00121689 -0.00081493 -0.00100688 -0.00113549 -0.00122020 -0.00126169 -0.00126149 -0.00122185 -0.00114576 -0.00103702 -0.00090106 -0.00074731 -0.00058622 -0.00043353 -0.00018336 -0.00003028 0.00000624 0.00000073 -0.00000759 -0.00000353 -0.00000187 -0.00012441 0.00469510 0.00213487 0.28198833 27.78333 
0.330 0.01746617 5 -12312241.55 -1071801.54 -1472475.51 -429619.06 -715947.56 -8622397.88 -865537906.39 -0.00193469 0.01746617 0.01416338 0.00300178 0.00196193 0.00744934 0.00778240 0.00789579 0.00787501 0.00772110 0.00743638 0.00702441 0.00649213 0.00585343 0.00513100 0.00435530 0.00356156 0.00278664 0.00121410 -0.00009019 -0.00016064 -0.00002904 -0.00000653 0.00000096 0.00000129 0.00075407 0.00571195 0.00307821 0.47999516 30.56166 
0.360 0.02027510 5 -11657714.54 -1637328.93 -1211848.35 -174963.92 -950603.54 -7682969.79 -780705625.86 -0.00769433 0.02027510 0.01961984 0.00798000 0.00171603 0.00744281 0.00798529 0.00827082 0.00841309 0.00841248 0.00827021 0.00798829 0.00756965 0.00701930 0.00634830 0.00557961 0.00474887 0.00389839 0.00199000 0.00005856 -0.00025385 -0.00006566 -0.00000145 0.00000472 0.00000114 0.00088792 0.00749218 0.00398384 0.69896676 33.33999 
0.390 0.02515379 4 -13551242.35 -2112575.54 -2750643.87 -512390.09 -1104659.84 -7070973.01 -804904814.35 -0.01361681 0.02401206 0.02497736 0.01246200 0.00259197 0.00966692 0.01034858 0.01069467 0.01085510 0.01083063 0.01062329 0.01023638 0.00967551 0.00895182 0.00808689 0.00711610 0.00608442 0.00504104 0.00270204 0.00019958 -0.00033886 -0.00010392 0.00000307 0.00000835 0.00000089 0.00114992 0.00959415 0.00510838 0.95475134 36.11833 
