0.001 0.00012947 5 -28541.68 -4771.52 -33180.26 -41408.86 -9599.53 60418.49 1313361.22 -0.00001009 -0.00006196 -0.00011733 -0.00001623 0.00001965 0.00007825 0.00008165 0.00007587 0.00006786 0.00005848 0.00004825 0.00003796 0.00002830 0.00001975 0.00001244 0.00000634 0.00000142 -0.00000242 -0.00000532 0.00000023 0.00001026 0.00000002 -0.00001041 -0.00000147 0.00000188 0.00000477 -0.00002709 -0.00001017 -0.00143939 0.06242 
0.030 0.00186940 5 -757984.33 -239024.30 -890165.31 -1011319.37 -200160.88 1582685.53 41109598.97 -0.00066044 -0.00179956 -0.00086690 -0.00016951 0.00012715 0.00078503 0.00080549 0.00078137 0.00072739 0.00064858 0.00055178 0.00044595 0.00034092 0.00024459 0.00016195 0.00009537 0.00004514 0.00000982 -0.00002369 -0.00001547 0.00000542 -0.00000058 -0.00000983 -0.00000268 0.00000033 0.00004607 -0.00040532 -0.00016553 -0.01023987 1.87270 
0.060 0.00343362 5 -1367708.92 640763.33 1161312.92 377918.84 -347319.16 -3200384.85 -244361314.99 0.00089086 0.00343362 0.00167526 0.00107483 0.00041985 -0.00018015 -0.00019202 -0.00019015 -0.00017331 -0.00014495 -0.00011027 -0.00007559 -0.00004567 -0.00002152 -0.00000464 0.00000542 0.00001011 0.00001087 0.00000707 0.00000341 0.00000696 -0.00000206 -0.00001028 -0.00000329 -0.00000078 -0.00000823 0.00115024 0.00053483 0.06607475 3.74539 
0.090 0.00515986 5 -1542939.14 1122283.18 1819164.20 662008.84 -434503.27 -4711892.09 -345023622.07 0.00142965 0.00515986 0.00253437 0.00158322 0.00058184 -0.00070790 -0.00075632 -0.00076544 -0.00074132 -0.00068576 -0.00060381 -0.00050151 -0.00038997 -0.00028206 -0.00018837 -0.00011219 -0.00005550 -0.00001698 0.00002059 0.00001988 0.00000930 -0.00000290 -0.00000996 -0.00000330 -0.00000116 -0.00004751 0.00171172 0.00077717 0.09312628 5.61809 
0.120 0.00692691 5 -1547920.43 1711133.04 2284202.37 1007714.54 -403606.88 -6147363.51 -433175404.33 0.00211496 0.00692691 0.00337543 0.00206045 0.00076804 -0.00150964 -0.00162356 -0.00166336 -0.00164826 -0.00157971 -0.00146122 -0.00129710 -0.00109648 -0.00087512 -0.00065376 -0.00045165 -0.00028376 -0.00015517 0.00000620 0.00005137 0.00001859 -0.00000347 -0.00000982 -0.00000320 -0.00000132 -0.00012123 0.00228643 0.00100742 0.11580408 7.49079 
0.150 0.00851443 5 -6389403.18 597648.10 483931.44 334637.51 -363235.72 -7442384.51 -634975462.05 0.00337071 0.00851443 0.00386261 0.00241812 0.00144573 0.00148648 0.00152203 0.00152175 0.00150254 0.00146498 0.00140964 0.00133734 0.00124887 0.00114477 0.00102474 0.00088664 0.00073057 0.00056640 0.00023005 -0.00002184 -0.00002135 -0.00000615 -0.00001149 -0.00000326 -0.00000085 0.00014669 0.00304295 0.00150439 0.18545316 9.36349 
0.180 0.01016769 5 -7517560.71 986563.27 816378.18 -119363.55 -487353.52 -8713785.09 -766698980.69 0.00380504 0.01016769 0.00474575 0.00309647 0.00179887 0.00181412 0.00186243 0.00187180 0.00186367 0.00183791 0.00179407 0.00173161 0.00164969 0.00154716 0.00142266 0.00127521 0.00110458 0.00091324 0.00044709 -0.00000236 -0.00004406 -0.00001272 -0.00001078 -0.00000268 -0.00000093 0.00019857 0.00370825 0.00184383 0.23324644 11.23618 
0.210 0.01160211 5 -8454113.94 1147871.45 760106.45 -665174.70 -244241.56 -9452675.59 -843377521.49 0.00423392 0.01160211 0.00565729 0.00340690 0.00201114 0.00248330 0.00257434 0.00261330 0.00263183 0.00262893 0.00260281 0.00255109 0.00247083 0.00235872 0.00221177 0.00202763 0.00180517 0.00154780 0.00085575 0.00005274 -0.00009158 -0.00002814 -0.00000893 -0.00000115 -0.00000090 0.00030306 0.00423171 0.00214472 0.27551620 13.10888 
0.240 0.01293365 5 -8337341.08 1902529.92 1132003.88 -1126973.34 -840884.16 -9404017.38 -893510251.85 0.00348921 0.01293365 0.00801581 0.00395677 0.00225363 0.00208443 0.00210022 0.00209267 0.00208285 0.00206990 0.00205210 0.00202706 0.00199173 0.00194241 0.00187505 0.00178551 0.00166988 0.00152507 0.00102396 0.00017999 -0.00010869 -0.00004598 -0.00000771 0.00000051 -0.00000082 0.00026655 0.00494579 0.00246007 0.33453526 14.98158 
0.270 0.01753782 5 -8496200.77 148400.92 147336.21 76077.32 -1053683.64 -7814331.59 -741271294.09 -0.00384568 0.01753782 0.01564870 0.00289118 0.00174683 0.00599954 0.00627778 0.00642235 0.00649788 0.00650325 0.00643687 0.00629677 0.00608074 0.00578653 0.00541260 0.00495917 0.00442957 0.00383599 0.00226243 0.00034264 -0.00018234 -0.00007604 -0.00000138 0.00000539 0.00000059 0.00076083 0.00566344 0.00305906 0.49745767 16.85427 
0.300 0.02170538 5 -8395109.97 181268.90 492714.35 -123277.62 -900545.41 -8045270.20 -750086296.98 -0.00547977 0.02170538 0.01876737 0.00361488 0.00195758 0.00620595 0.00648086 0.00662776 0.00671178 0.00673163 0.00668548 0.00657103 0.00638546 0.00612513 0.00578548 0.00536241 0.00485562 0.00427405 0.00265094 0.00050012 -0.00018984 -0.00009222 -0.00000051 0.00000694 0.00000078 0.00081671 0.00671627 0.00358229 0.58411236 18.72697 
0.330 0.02199788 5 -7996571.98 -37406.84 416792.12 472197.22 -1287711.47 -7560443.01 -707197114.00 -0.00761036 0.02199788 0.02009639 0.00418613 0.00252662 0.00723273 0.00753552 0.00770327 0.00780387 0.00783602 0.00779784 0.00768698 0.00750031 0.00723291 0.00687685 0.00642311 0.00586914 0.00522702 0.00339856 0.00079956 -0.00020838 -0.00013413 0.00000253 0.00001097 0.00000098 0.00098044 0.00708995 0.00384444 0.65685388 20.59967 
0.360 0.02009048 5 -8205033.77 -354206.49 411142.49 472037.15 -1559403.61 -7174603.31 -694043603.82 -0.00930456 0.02009048 0.01976867 0.00565543 0.00352359 0.00841585 0.00874787 0.00892935 0.00903420 0.00906122 0.00900874 0.00887453 0.00865526 0.00834450 0.00793046 0.00740024 0.00675440 0.00601105 0.00392776 0.00096363 -0.00023557 -0.00016286 0.00000456 0.00001373 0.00000118 0.00113410 0.00733994 0.00404325 0.73003103 22.47236 
0.390 0.01741017 4 -8793917.86 -398940.66 112261.96 -164529.04 -1688006.00 -6654704.12 -701247595.65 -0.01131720 0.01463012 0.01731277 0.00866679 0.00531501 0.01009778 0.01047022 0.01066651 0.01077042 0.01078070 0.01069562 0.01051286 0.01022806 0.00983135 0.00930494 0.00863537 0.00782899 0.00691332 0.00443857 0.00103397 -0.00030254 -0.00019232 0.00000775 0.00001650 0.00000111 0.00132678 0.00743529 0.00419031 0.82545720 24.34506 
0.420 0.01159272 4 -9138560.47 -14798.98 -267856.80 -1172111.19 -1650167.82 -6033625.68 -709169429.33 -0.01273597 0.00535590 0.01158242 0.01122341 0.00842720 0.01260154 0.01292208 0.01306107 0.01309690 0.01302866 0.01285509 0.01257404 0.01217951 0.01165370 0.01096831 0.01011222 0.00910481 0.00798784 0.00506442 0.00113646 -0.00038010 -0.00023597 0.00001138 0.00002063 0.00000124 0.00157305 0.00692166 0.00408035 0.89491156 26.21776 
0.450 0.01364742 2 -14024004.20 -24493.30 -3519886.94 -2418125.66 -1184786.25 -6876712.05 -914627566.49 -0.01015128 -0.00020080 0.00317851 0.00848823 0.01354138 0.01957239 0.01971687 0.01962412 0.01935365 0.01890698 0.01828680 0.01749542 0.01653200 0.01538598 0.01405005 0.01255006 0.01094414 0.00931224 0.00555938 0.00108131 -0.00044999 -0.00024877 0.00001096 0.00002230 0.00000246 0.00209802 0.00612705 0.00398674 0.89231398 28.09046 
0.480 0.01770303 2 -10743202.76 -322806.15 -3794847.68 -1735860.14 -1001635.14 -3888053.65 -616435816.02 -0.01431226 -0.00771480 -0.00222314 0.00908591 0.01765334 0.02175135 0.02164267 0.02134770 0.02088590 0.02025980 0.01947356 0.01852874 0.01741344 0.01610301 0.01458789 0.01289929 0.01111437 0.00933998 0.00545693 0.00093738 -0.00053957 -0.00026829 0.00001755 0.00002626 0.00000347 0.00219535 0.00533387 0.00366662 0.93812884 29.96315 
0.510 0.02133972 2 -12018424.72 -232698.94 -5043904.01 -2657840.85 -611897.16 -3472083.75 -639631604.62 -0.01435030 -0.01009680 -0.00579570 0.00878049 0.02128672 0.02496155 0.02466555 0.02419645 0.02354289 0.02271092 0.02170771 0.02053438 0.01917409 0.01760125 0.01581106 0.01384108 0.01176719 0.00972760 0.00542325 0.00074416 -0.00061411 -0.00027585 0.00001807 0.00002708 0.00000385 0.00239403 0.00553180 0.00386494 0.99653967 31.83585 
0.540 0.02423157 2 -12275458.97 -935345.72 -5428848.30 -2331807.25 -692515.34 -2886942.36 -590714698.71 -0.01506955 -0.01222070 -0.00893128 0.00683819 0.02419235 0.02817708 0.02771304 0.02707824 0.02623804 0.02520192 0.02397535 0.02255317 0.02091789 0.01906245 0.01700791 0.01477157 0.01244010 0.01018759 0.00559105 0.00070409 -0.00068660 -0.00030425 0.00002149 0.00002978 0.00000388 0.00260756 0.00512850 0.00378932 1.00748615 33.70855 
0.570 0.02885880 2 -14647609.38 -1688062.68 -4767348.78 -3375333.06 -476485.76 -4340379.10 -736750342.73 -0.01829340 -0.01419362 -0.00974409 0.00975769 0.02876672 0.03336858 0.03287092 0.03216810 0.03122457 0.03004632 0.02861836 0.02691362 0.02489443 0.02253100 0.01982978 0.01688604 0.01400948 0.01136301 0.00618903 0.00080265 -0.00076890 -0.00035517 0.00002401 0.00003442 0.00000426 0.00305903 0.00665305 0.00474382 1.24541742 35.58124 
0.600 0.03048732 2 10641412.08 -1660127.98 5449470.50 2031668.74 742496.20 4077904.61 677495139.72 0.02663199 0.01248224 0.00066393 -0.01642286 -0.03048732 -0.02712760 -0.02633471 -0.02549246 -0.02448958 -0.02333639 -0.02207002 -0.02070038 -0.01920591 -0.01761013 -0.01597487 -0.01432121 -0.01266979 -0.01111895 -0.00757365 -0.00240994 0.00003686 0.00020485 -0.00000238 -0.00001994 -0.00000546 -0.00264586 -0.00968364 -0.00594500 -1.55441934 37.45394 
0.630 0.03857942 2 15207741.07 891985.38 3786895.38 3250161.37 930680.74 6348018.20 904427635.40 0.03131757 0.01885340 0.00430657 -0.02412293 -0.03857942 -0.03393222 -0.03304088 -0.03205177 -0.03084342 -0.02942063 -0.02779754 -0.02599999 -0.02404535 -0.02195863 -0.01977909 -0.01755362 -0.01538020 -0.01329545 -0.00867127 -0.00282093 -0.00010031 0.00019698 0.00000528 -0.00001698 -0.00000514 -0.00327151 -0.01236827 -0.00753586 -1.96614480 39.32664 
0.660 0.04593826 2 13980108.48 266654.11 3984886.98 2945523.45 914174.40 5868869.54 850827616.39 0.03735322 0.02739611 0.00870288 -0.02781062 -0.04593826 -0.03902534 -0.03783296 -0.03660392 -0.03516253 -0.03351556 -0.03167297 -0.02963103 -0.02738120 -0.02493200 -0.02227264 -0.01953386 -0.01690903 -0.01447304 -0.00940164 -0.00316704 -0.00016555 0.00021311 0.00000604 -0.00001876 -0.00000592 -0.00369149 -0.01329987 -0.00819567 -2.23048355 41.19934 
