0.001 0.00012540 5 435.17 -10891.94 -24385.82 -18977.46 -2166.11 56856.50 2982460.53 -0.00001006 -0.00005790 -0.00011801 -0.00002507 0.00001218 0.00007071 0.00007457 0.00006955 0.00006241 0.00005394 0.00004463 0.00003520 0.00002631 0.00001840 0.00001160 0.00000589 0.00000125 -0.00000243 -0.00000521 0.00000020 0.00001005 -0.00000012 -0.00001045 -0.00000155 0.00000180 0.00000442 -0.00003154 -0.00001244 -0.00191087 0.16404 
0.030 0.00182843 5 459342.05 -130701.15 -407690.23 -487031.25 -76386.05 1561150.73 90831478.98 -0.00074247 -0.00175938 -0.00086498 -0.00033537 -0.00009149 0.00021889 0.00022906 0.00021952 0.00019846 0.00016916 0.00013596 0.00010390 0.00007565 0.00005127 0.00003115 0.00001548 0.00000396 -0.00000405 -0.00001010 -0.00000396 0.00000489 -0.00000189 -0.00000891 -0.00000290 -0.00000036 0.00001168 -0.00053234 -0.00024335 -0.02471128 4.92127 
0.060 0.00334414 5 3371124.99 -48403.59 162981.72 71695.64 197224.21 2987627.01 280785468.52 -0.00124850 -0.00327159 -0.00165073 -0.00105108 -0.00067152 -0.00051595 -0.00048353 -0.00043451 -0.00036481 -0.00027875 -0.00018345 -0.00008807 -0.00000288 0.00006211 0.00009993 0.00011245 0.00010753 0.00009263 0.00004681 0.00000092 -0.00000620 -0.00000478 -0.00000458 -0.00000339 -0.00000287 -0.00001185 -0.00126338 -0.00059854 -0.07565438 9.84254 
0.090 0.00496111 5 5132761.67 -336487.66 76653.33 411086.84 493143.29 4488365.86 446302412.20 -0.00169825 -0.00488660 -0.00250420 -0.00174611 -0.00109168 -0.00100249 -0.00098290 -0.00093470 -0.00085763 -0.00075319 -0.00062523 -0.00047893 -0.00032405 -0.00017464 -0.00004511 0.00005211 0.00010954 0.00013222 0.00010370 0.00002275 -0.00001140 -0.00000724 -0.00000052 -0.00000307 -0.00000423 -0.00004344 -0.00194959 -0.00093700 -0.12321349 14.76381 
0.120 0.00648683 5 6305598.07 -528930.94 -551621.22 574277.97 875585.10 5936287.17 587617716.19 -0.00186704 -0.00640221 -0.00339397 -0.00241816 -0.00136886 -0.00134156 -0.00134190 -0.00130952 -0.00124698 -0.00115408 -0.00103156 -0.00088035 -0.00070467 -0.00051484 -0.00032685 -0.00015819 -0.00002501 0.00006271 0.00011430 0.00004847 -0.00000936 -0.00000809 0.00000315 -0.00000248 -0.00000506 -0.00007852 -0.00254538 -0.00123492 -0.16694286 19.68508 
0.150 0.00741093 5 7467336.75 -172657.04 -769951.37 496783.53 1053659.02 6859502.62 669858579.39 -0.00194080 -0.00728118 -0.00381734 -0.00269244 -0.00149574 -0.00221880 -0.00228459 -0.00229039 -0.00225232 -0.00216986 -0.00204274 -0.00187068 -0.00165521 -0.00140232 -0.00112479 -0.00084169 -0.00057466 -0.00034506 -0.00002190 0.00008576 0.00001282 -0.00000561 0.00000552 -0.00000195 -0.00000532 -0.00018078 -0.00284271 -0.00142863 -0.19676068 24.60635 
0.180 0.00788476 5 8771575.33 429642.51 -276955.11 320146.69 1181975.39 7116765.84 708132812.10 -0.00167567 -0.00762927 -0.00451812 -0.00268087 -0.00158271 -0.00348927 -0.00363454 -0.00367562 -0.00364661 -0.00354742 -0.00337835 -0.00313999 -0.00283505 -0.00247153 -0.00206526 -0.00163963 -0.00122126 -0.00083694 -0.00019262 0.00013883 0.00004517 -0.00000257 0.00000645 -0.00000142 -0.00000509 -0.00031259 -0.00303363 -0.00158815 -0.22810625 29.52762 
0.210 0.00828396 5 9901670.93 914730.30 453225.28 70640.06 1184583.59 7278491.70 732422599.90 -0.00133473 -0.00794627 -0.00518986 -0.00246270 -0.00166446 -0.00465032 -0.00485694 -0.00491819 -0.00488414 -0.00475524 -0.00453286 -0.00421937 -0.00382067 -0.00334924 -0.00282562 -0.00227790 -0.00173719 -0.00123308 -0.00033562 0.00018496 0.00007239 -0.00000046 0.00000669 -0.00000086 -0.00000457 -0.00042517 -0.00315264 -0.00170374 -0.25201273 34.44889 
0.240 0.00901982 5 10503780.89 1093557.25 842584.39 -220646.04 1182170.02 7606115.27 757453318.47 -0.00098078 -0.00865581 -0.00616458 -0.00243565 -0.00171320 -0.00517894 -0.00540879 -0.00547449 -0.00543317 -0.00528612 -0.00503614 -0.00468851 -0.00425070 -0.00373638 -0.00316686 -0.00257022 -0.00197721 -0.00141810 -0.00038600 0.00023267 0.00008802 -0.00000169 0.00000717 -0.00000003 -0.00000398 -0.00047364 -0.00339096 -0.00184121 -0.27709970 39.37016 
0.270 0.01019589 5 4717591.26 -686613.34 -1119852.82 -1541672.25 321306.89 7744422.78 574587182.96 -0.00112183 -0.00973048 -0.00766848 -0.00140649 -0.00141181 -0.00140156 -0.00136321 -0.00133937 -0.00132516 -0.00131906 -0.00131869 -0.00132100 -0.00132236 -0.00131872 -0.00130557 -0.00127742 -0.00122778 -0.00115061 -0.00080125 -0.00012112 0.00011049 0.00003847 0.00000331 -0.00000480 -0.00000456 -0.00018242 -0.00339717 -0.00168942 -0.23753125 44.29143 
0.300 0.01428683 5 5873578.75 -913836.95 -1462141.97 -598704.71 387163.84 8461098.54 680035639.03 0.00022978 -0.01357472 -0.01151079 -0.00182224 -0.00161473 -0.00217579 -0.00216392 -0.00215397 -0.00214439 -0.00213366 -0.00211944 -0.00209873 -0.00206806 -0.00202385 -0.00196250 -0.00187910 -0.00176668 -0.00161857 -0.00106763 -0.00013841 0.00015107 0.00005169 0.00000318 -0.00000573 -0.00000461 -0.00027448 -0.00453963 -0.00227389 -0.33565059 49.21270 
0.330 0.01823649 5 7414749.90 -425446.52 -1129089.03 -116741.13 617320.00 8468706.59 733694357.46 0.00202652 -0.01731215 -0.01491699 -0.00249412 -0.00142665 -0.00348534 -0.00359153 -0.00364493 -0.00366842 -0.00366121 -0.00362196 -0.00354904 -0.00344072 -0.00329598 -0.00311477 -0.00289508 -0.00263015 -0.00231373 -0.00135685 -0.00009400 0.00018243 0.00005219 0.00000281 -0.00000514 -0.00000382 -0.00043129 -0.00547401 -0.00279520 -0.42738801 54.13397 
0.360 0.01665422 5 9810128.06 286304.63 587956.63 174643.07 1087514.10 7673709.62 768173230.74 0.00420486 -0.01570571 -0.01597612 -0.00538791 -0.00085422 -0.00477906 -0.00512724 -0.00531922 -0.00542832 -0.00545464 -0.00539847 -0.00526047 -0.00504238 -0.00474938 -0.00439141 -0.00397599 -0.00350165 -0.00297097 -0.00158005 -0.00005051 0.00017104 0.00003786 0.00000475 -0.00000342 -0.00000353 -0.00060616 -0.00582057 -0.00305055 -0.51439335 59.05524 
0.390 0.01562517 4 12640369.26 1569615.66 1379552.21 1100784.63 1200280.36 7390136.40 827218007.06 0.00465443 -0.01369048 -0.01562517 -0.00759109 -0.00002734 -0.00626673 -0.00689287 -0.00725010 -0.00746681 -0.00754317 -0.00747987 -0.00727829 -0.00694361 -0.00649520 -0.00597057 -0.00539892 -0.00478295 -0.00411409 -0.00231856 -0.00025737 0.00015181 0.00004449 0.00000690 -0.00000320 -0.00000343 -0.00084731 -0.00581100 -0.00317417 -0.55943743 63.97651 
0.420 0.01546292 3 -2834968.76 -580191.78 4881625.99 -1313921.64 -2597313.71 -3225167.62 -384303048.05 -0.01635182 0.00478258 0.01406798 0.01526261 0.00686707 0.00588673 0.00598561 0.00603648 0.00606571 0.00607235 0.00605485 0.00601024 0.00592729 0.00576972 0.00548524 0.00505718 0.00452007 0.00395086 0.00269522 0.00080782 -0.00021518 -0.00016095 0.00001094 0.00001259 -0.00000181 0.00077175 0.00728530 0.00382515 0.89010987 68.89778 
0.450 0.01630954 3 -2436238.96 -960186.09 5149666.74 -753834.62 -2589609.20 -3282275.80 -351501378.35 -0.01944210 0.00625725 0.01561814 0.01601722 0.00929996 0.00821696 0.00822753 0.00820628 0.00816330 0.00809775 0.00800823 0.00789116 0.00772889 0.00746611 0.00703376 0.00639483 0.00558683 0.00474747 0.00306410 0.00083670 -0.00026503 -0.00018495 0.00001416 0.00001489 -0.00000213 0.00098460 0.00835440 0.00443939 1.03276298 73.81905 
0.480 0.01786973 2 -10125142.76 5920813.94 -5359633.48 -2319576.84 591779.01 -8958525.39 -1008615733.69 -0.01423245 0.00887621 0.00934915 0.01345859 0.01772045 0.01666731 0.01625397 0.01583400 0.01536865 0.01485910 0.01430553 0.01370330 0.01302365 0.01219980 0.01117986 0.00995156 0.00859422 0.00725205 0.00438169 0.00086394 -0.00041955 -0.00022243 0.00000990 0.00001903 0.00000146 0.00166095 0.01017645 0.00565282 1.18885878 78.74032 
0.510 0.02184672 2 -10312770.83 5957195.77 -6080168.65 -1707048.36 418243.90 -8900993.48 -1005853878.40 -0.01575681 0.00569863 0.00642159 0.01205120 0.02169656 0.02034023 0.01969892 0.01907932 0.01840238 0.01766998 0.01688240 0.01603035 0.01507326 0.01395069 0.01264462 0.01117758 0.00963604 0.00812832 0.00481632 0.00087597 -0.00045864 -0.00023140 0.00001093 0.00002055 0.00000237 0.00192752 0.01010357 0.00576026 1.25263105 83.66159 
0.540 0.02555902 2 -9954404.54 6213930.68 -6718262.39 -1144128.52 537069.07 -8843013.38 -981841207.64 -0.01835404 0.00408525 0.00488557 0.01141113 0.02539739 0.02392476 0.02311357 0.02235072 0.02152598 0.02064177 0.01969850 0.01868434 0.01755271 0.01624543 0.01474733 0.01307560 0.01131532 0.00957723 0.00572471 0.00111976 -0.00049491 -0.00027575 0.00001406 0.00002529 0.00000323 0.00226218 0.01041751 0.00608521 1.35821425 88.58286 
0.570 0.03004546 2 -9416561.38 6701079.47 -7150359.95 -771649.80 613832.32 -8809463.41 -966266140.32 -0.02110788 0.00138151 0.00248078 0.01109721 0.02987064 0.02854507 0.02761339 0.02675617 0.02584046 0.02486903 0.02384126 0.02273118 0.02145633 0.01992461 0.01806556 0.01595821 0.01374487 0.01157163 0.00693002 0.00143320 -0.00056332 -0.00034989 0.00001899 0.00003259 0.00000385 0.00274174 0.01078231 0.00651097 1.49405908 93.50413 
0.600 0.03317023 2 -8840170.62 7193164.31 -7418393.14 -532767.86 610116.89 -8692290.83 -951221452.29 -0.02313772 -0.00027567 0.00109812 0.01078799 0.03300626 0.03195973 0.03095864 0.03005260 0.02909496 0.02808864 0.02703097 0.02587833 0.02451394 0.02278691 0.02065429 0.01819188 0.01554368 0.01300832 0.00774569 0.00161937 -0.00061413 -0.00040433 0.00002351 0.00003804 0.00000414 0.00310148 0.01109078 0.00684667 1.59576421 98.42540 
0.630 0.03528256 2 -8298236.53 7534732.67 -7538587.89 -352029.52 530090.82 -8472442.62 -931544060.47 -0.02453255 -0.00209894 -0.00020582 0.01048368 0.03511213 0.03423965 0.03317865 0.03223108 0.03123828 0.03020334 0.02912317 0.02794844 0.02654937 0.02475547 0.02252233 0.01984499 0.01690901 0.01410820 0.00847097 0.00184392 -0.00062680 -0.00044398 0.00002595 0.00004203 0.00000458 0.00335801 0.01113040 0.00700153 1.65629256 103.34667 
0.660 0.03856229 2 -7545476.22 7932664.32 -7714805.60 13528.86 310283.46 -8087147.26 -899454455.92 -0.02676186 -0.00440489 -0.00182678 0.01051982 0.03821986 0.03650089 0.03537720 0.03438387 0.03335015 0.03227979 0.03116988 0.02997202 0.02855088 0.02672388 0.02442679 0.02160003 0.01845671 0.01541405 0.00935224 0.00214469 -0.00061487 -0.00048476 0.00002746 0.00004611 0.00000518 0.00362720 0.01136081 0.00725253 1.74864907 108.26794 
0.690 0.04089709 2 -7072487.72 8171657.31 -7798513.10 202362.87 65292.09 -7713286.90 -876905694.50 -0.02846444 -0.00640498 -0.00311157 0.01049324 0.04051736 0.03881866 0.03763945 0.03660368 0.03553038 0.03442395 0.03328086 0.03204867 0.03058321 0.02869239 0.02629343 0.02329103 0.01994446 0.01668115 0.01019292 0.00241790 -0.00060480 -0.00051820 0.00002870 0.00004938 0.00000556 0.00389601 0.01147969 0.00745106 1.82241397 113.18921 
0.720 0.04217826 2 -6674405.22 8355010.87 -7777749.12 297461.30 -222216.65 -7326911.61 -858144460.72 -0.02935287 -0.00816559 -0.00426643 0.01036498 0.04177528 0.04035510 0.03914895 0.03809506 0.03700775 0.03589150 0.03474310 0.03351215 0.03205239 0.03016420 0.02774571 0.02468001 0.02123403 0.01784071 0.01102200 0.00271983 -0.00055553 -0.00053507 0.00002821 0.00005087 0.00000571 0.00410728 0.01137600 0.00751469 1.85863225 118.11048 
0.750 0.04398087 2 -6334538.20 8450252.75 -7747336.31 415297.63 -548309.20 -6904443.07 -837679587.80 -0.03057629 -0.01026797 -0.00568323 0.01024298 0.04354182 0.04251316 0.04126978 0.04018495 0.03906792 0.03792340 0.03674710 0.03548326 0.03397818 0.03202647 0.02950635 0.02629374 0.02268891 0.01913078 0.01193237 0.00304268 -0.00052786 -0.00056643 0.00002861 0.00005375 0.00000595 0.00437055 0.01132237 0.00762940 1.91142898 123.03175 
0.780 0.04689781 2 -6179373.32 8496102.77 -7399740.49 415490.54 -1199621.02 -6491605.13 -837841357.28 -0.03106600 -0.01489442 -0.00975768 0.00960676 0.04642754 0.04610163 0.04482234 0.04370387 0.04255282 0.04137447 0.04016258 0.03884791 0.03725642 0.03516891 0.03240051 0.02884347 0.02485627 0.02090879 0.01295339 0.00329871 -0.00052108 -0.00059395 0.00003103 0.00005657 0.00000596 0.00477487 0.01085044 0.00762295 1.95271969 127.95302 
0.810 0.04822120 2 -5752581.69 8629484.07 -7574862.71 583371.58 -1102952.17 -6287622.47 -809616083.96 -0.03317199 -0.01418760 -0.00871451 0.00985406 0.04769361 0.04767896 0.04634874 0.04518639 0.04399570 0.04278154 0.04153641 0.04018779 0.03855874 0.03642953 0.03360323 0.02997993 0.02592306 0.02190219 0.01368576 0.00356506 -0.00046036 -0.00059530 0.00002982 0.00005657 0.00000591 0.00496675 0.01135974 0.00796364 2.03662817 132.87429 
0.840 0.05000907 2 -5460559.68 8682797.91 -7576563.03 714643.72 -1204067.54 -6077370.73 -791728326.95 -0.03477488 -0.01513525 -0.00927609 0.01004972 0.04940872 0.04959098 0.04821191 0.04700325 0.04576821 0.04451151 0.04322401 0.04182538 0.04012966 0.03791759 0.03497138 0.03121680 0.02702503 0.02287758 0.01435168 0.00377621 -0.00044353 -0.00061599 0.00002928 0.00005829 0.00000608 0.00517790 0.01159266 0.00818499 2.10522550 137.79556 
0.870 0.05178080 2 -5174355.29 8718644.21 -7586361.01 854484.02 -1251604.64 -5909517.86 -773494586.11 -0.03648986 -0.01594185 -0.00966101 0.01035362 0.05109953 0.05136688 0.04993623 0.04867790 0.04739428 0.04609025 0.04475517 0.04330091 0.04153081 0.03922769 0.03615257 0.03226832 0.02795565 0.02370683 0.01490841 0.00395325 -0.00042889 -0.00063905 0.00002882 0.00006032 0.00000643 0.00536456 0.01187632 0.00841712 2.17607263 142.71683 
0.900 0.05357837 2 -4894860.87 8722740.96 -7588359.99 1008315.60 -1323708.15 -5713849.29 -753691958.43 -0.03823535 -0.01674171 -0.00998975 0.01071930 0.05280858 0.05305548 0.05157022 0.05025888 0.04892111 0.04756292 0.04617242 0.04465306 0.04279489 0.04038411 0.03715827 0.03313412 0.02870093 0.02435876 0.01531095 0.00407039 -0.00040461 -0.00064612 0.00002954 0.00006108 0.00000632 0.00552793 0.01218751 0.00864979 2.24722790 147.63810 
0.930 0.05517136 2 -4597050.02 8705914.65 -7593289.68 1175222.53 -1387670.57 -5497226.96 -730933174.23 -0.04008100 -0.01712818 -0.00990939 0.01119866 0.05429871 0.05440545 0.05287333 0.05151548 0.05012834 0.04872037 0.04727909 0.04570118 0.04376630 0.04126444 0.03792043 0.03379342 0.02928168 0.02488677 0.01565992 0.00420138 -0.00036532 -0.00064561 0.00002959 0.00006106 0.00000612 0.00565940 0.01255809 0.00889334 2.31822393 152.55937 
0.960 0.05660082 2 -4295179.66 8701696.17 -7616178.66 1355797.88 -1450473.67 -5286021.39 -708369155.95 -0.04188058 -0.01723048 -0.00960602 0.01169222 0.05562931 0.05556290 0.05398225 0.05257728 0.05113871 0.04967898 0.04818575 0.04654964 0.04454215 0.04195735 0.03851517 0.03430618 0.02974106 0.02531971 0.01595015 0.00430820 -0.00033146 -0.00063877 0.00003594 0.00006180 0.00000557 0.00576756 0.01295420 0.00913649 2.38632690 157.48064 
0.990 0.05795771 2 -3992234.00 8670233.38 -7615090.05 1532715.88 -1547062.72 -5033030.49 -684115625.98 -0.04362057 -0.01737068 -0.00932603 0.01218966 0.05688028 0.05663754 0.05500193 0.05354451 0.05204775 0.05052470 0.04897228 0.04727421 0.04519387 0.04253078 0.03900663 0.03473856 0.03014365 0.02571353 0.01621122 0.00439758 -0.00029648 -0.00063799 0.00003579 0.00006168 0.00000537 0.00586214 0.01332349 0.00935985 2.45027292 162.40191 
1.020 0.05919321 2 -3698987.94 8607521.26 -7598713.55 1700456.68 -1669311.99 -4738940.34 -658216322.78 -0.04528347 -0.01753905 -0.00904379 0.01274102 0.05799884 0.05750235 0.05581800 0.05431259 0.05276048 0.05117897 0.04956783 0.04781215 0.04566809 0.04294308 0.03936774 0.03507350 0.03047964 0.02605718 0.01644061 0.00448123 -0.00027072 -0.00064525 0.00003589 0.00006231 0.00000527 0.00593666 0.01366711 0.00956051 2.50924131 167.32318 
1.050 0.06097295 2 -3164134.73 8719500.72 -7401404.97 1716702.14 -1782259.06 -4416673.56 -631347955.01 -0.04660138 -0.01836228 -0.00949941 0.01127555 0.05988287 0.06051632 0.05869899 0.05706879 0.05538417 0.05366684 0.05192524 0.05007782 0.04783832 0.04498805 0.04122709 0.03669050 0.03179574 0.02706201 0.01687699 0.00457687 -0.00019997 -0.00062759 0.00003492 0.00006062 0.00000489 0.00620708 0.01364103 0.00969194 2.55583426 172.24445 
1.080 0.06205867 2 -2883004.26 8653665.58 -7372599.69 1857774.81 -1966194.13 -4055650.84 -605113722.19 -0.04810915 -0.01871446 -0.00937641 0.01190665 0.06085389 0.06111156 0.05925348 0.05758119 0.05584586 0.05407374 0.05227665 0.05038069 0.04809475 0.04520694 0.04143018 0.03690262 0.03203717 0.02734533 0.01710571 0.00464876 -0.00015501 -0.00062080 0.00003575 0.00006022 0.00000461 0.00625964 0.01392201 0.00985157 2.60642560 177.16572 
1.110 0.06297325 2 -2635245.58 8542892.09 -7234089.84 1941784.74 -2134817.88 -3751014.69 -582362830.69 -0.04919843 -0.01939057 -0.00968197 0.01244343 0.06167314 0.06155066 0.05965459 0.05794332 0.05616108 0.05433904 0.05249240 0.05055733 0.04824277 0.04534113 0.04157671 0.03707710 0.03223990 0.02757805 0.01727631 0.00472696 -0.00009611 -0.00060811 0.00003629 0.00005931 0.00000431 0.00629898 0.01406394 0.00993901 2.64076072 182.08699 
1.140 0.06808960 2 1703406.60 3465090.57 -1800871.48 -26812.34 -288252.51 354252.37 -41028566.91 -0.05522117 -0.03624886 -0.02238022 0.02245292 0.06674271 0.05978169 0.05780563 0.05605053 0.05424104 0.05241037 0.05057225 0.04865897 0.04640128 0.04361775 0.04005496 0.03580476 0.03125034 0.02687831 0.01700577 0.00478768 0.00000620 -0.00060191 0.00002397 0.00005763 0.00000552 0.00610503 0.01322137 0.00944100 2.74696866 187.00826 
