0.001 0.00011155 4 62145.48 823.02 5349.84 7309.27 6711.04 41952.32 4654408.25 0.00000440 -0.00003703 -0.00011155 -0.00003050 0.00000206 0.00004512 0.00004925 0.00004579 0.00004100 0.00003541 0.00002929 0.00002311 0.00001729 0.00001207 0.00000751 0.00000355 0.00000019 -0.00000262 -0.00000467 0.00000040 0.00000961 -0.00000044 -0.00001049 -0.00000173 0.00000161 0.00000305 -0.00003160 -0.00001319 -0.00238336 0.10020 
0.030 0.00134160 5 1788814.96 32743.78 142601.19 193009.11 187057.24 1233403.63 134513777.44 -0.00034297 -0.00127224 -0.00074205 -0.00051019 -0.00032791 -0.00037695 -0.00036584 -0.00034366 -0.00030838 -0.00026334 -0.00021328 -0.00016388 -0.00011878 -0.00008016 -0.00004911 -0.00002583 -0.00000975 0.00000014 0.00000764 0.00000468 0.00000092 -0.00000315 -0.00000533 -0.00000312 -0.00000235 -0.00001850 -0.00054340 -0.00026456 -0.03721349 3.00590 
0.060 0.00248347 5 3373300.55 56475.57 263587.47 366885.43 353030.63 2333321.45 254302672.48 -0.00066782 -0.00241124 -0.00132241 -0.00094903 -0.00063111 -0.00083135 -0.00082412 -0.00078731 -0.00072221 -0.00063356 -0.00052834 -0.00041591 -0.00030683 -0.00021017 -0.00013095 -0.00007033 -0.00002725 0.00000063 0.00002302 0.00001292 -0.00000252 -0.00000395 -0.00000145 -0.00000261 -0.00000329 -0.00004431 -0.00101571 -0.00049968 -0.06996733 6.01181 
0.090 0.00350671 5 4826618.13 69630.36 388978.01 540620.93 510579.52 3316809.31 363546485.35 -0.00094627 -0.00343184 -0.00184679 -0.00135375 -0.00091545 -0.00126601 -0.00126485 -0.00121710 -0.00112776 -0.00100266 -0.00085083 -0.00068447 -0.00051690 -0.00036164 -0.00023012 -0.00012762 -0.00005355 -0.00000441 0.00003749 0.00002244 -0.00000440 -0.00000455 0.00000154 -0.00000198 -0.00000365 -0.00007068 -0.00144560 -0.00071521 -0.10040944 9.01771 
0.120 0.00451621 5 4426853.73 252665.38 -145389.26 -361751.38 448763.41 4232565.57 374399481.86 -0.00116061 -0.00444030 -0.00230109 -0.00135289 -0.00080649 -0.00105556 -0.00105667 -0.00102156 -0.00095517 -0.00085978 -0.00074065 -0.00060518 -0.00046363 -0.00032782 -0.00020776 -0.00011073 -0.00004101 0.00000415 0.00003950 0.00002169 -0.00000127 -0.00000535 -0.00000382 -0.00000335 -0.00000321 -0.00006000 -0.00161582 -0.00078933 -0.10431917 12.02362 
0.150 0.00569264 5 4965468.58 169525.91 -482178.39 -516370.60 520736.88 5273754.79 450767597.47 -0.00155354 -0.00561530 -0.00286379 -0.00166984 -0.00093221 -0.00111834 -0.00112748 -0.00110193 -0.00104717 -0.00096403 -0.00085517 -0.00072429 -0.00057910 -0.00043087 -0.00029164 -0.00017315 -0.00008143 -0.00001822 0.00004026 0.00002830 -0.00000162 -0.00000570 -0.00000197 -0.00000325 -0.00000385 -0.00006962 -0.00200251 -0.00097571 -0.12659039 15.02952 
0.180 0.00702248 5 5050854.01 -244804.36 -823949.56 -780401.57 513798.43 6386211.08 521149808.54 -0.00209205 -0.00694104 -0.00346354 -0.00197798 -0.00104451 -0.00083795 -0.00083154 -0.00080977 -0.00077371 -0.00072344 -0.00065931 -0.00058198 -0.00049295 -0.00039532 -0.00029428 -0.00019758 -0.00011472 -0.00005141 0.00001962 0.00002518 -0.00000165 -0.00000499 -0.00000018 -0.00000316 -0.00000437 -0.00005635 -0.00241544 -0.00116224 -0.14603234 18.03543 
0.210 0.00839060 5 5069038.97 -685940.59 -1104190.07 -1055350.74 451072.44 7463447.92 585772753.79 -0.00267391 -0.00829739 -0.00406244 -0.00228051 -0.00116158 -0.00043062 -0.00039502 -0.00036631 -0.00033948 -0.00031399 -0.00028910 -0.00026410 -0.00023828 -0.00021053 -0.00017821 -0.00013836 -0.00009354 -0.00005211 0.00000286 0.00001521 -0.00000328 -0.00000391 0.00000146 -0.00000299 -0.00000474 -0.00002791 -0.00283409 -0.00134338 -0.16368578 21.04133 
0.240 0.00967181 5 4974476.62 -1169827.05 -1307730.85 -1257614.82 346216.29 8363433.06 638204726.36 -0.00323874 -0.00954776 -0.00463069 -0.00256125 -0.00127799 0.00008940 0.00016171 0.00020257 0.00022441 0.00022834 0.00021606 0.00018969 0.00015181 0.00010558 0.00005657 0.00001626 -0.00000694 -0.00001433 -0.00000947 -0.00000325 -0.00000777 -0.00000269 0.00000338 -0.00000269 -0.00000504 0.00001352 -0.00322738 -0.00150574 -0.17872026 24.04723 
0.270 0.01067361 5 4753927.23 -1556962.36 -1287150.64 -1547255.75 396372.23 8748923.75 659759804.50 -0.00363895 -0.01041394 -0.00540604 -0.00274535 -0.00135520 0.00065275 0.00077213 0.00083413 0.00086175 0.00085652 0.00082087 0.00075796 0.00067174 0.00056701 0.00045050 0.00033352 0.00022746 0.00014421 0.00004097 -0.00000907 -0.00001638 -0.00000346 0.00000648 -0.00000195 -0.00000536 0.00007082 -0.00357226 -0.00163697 -0.19264190 27.05314 
0.300 0.01375834 4 -8075497.06 -349778.44 940570.44 -466643.79 -1755290.99 -6444354.28 -678256646.22 -0.00436922 0.01206442 0.01364056 0.00404597 0.00150266 0.00477781 0.00499768 0.00507885 0.00508128 0.00500442 0.00484760 0.00461001 0.00429137 0.00389343 0.00342342 0.00289798 0.00234172 0.00178697 0.00067448 -0.00014720 -0.00011046 -0.00001354 -0.00000580 -0.00000226 -0.00000170 0.00048401 0.00488047 0.00254497 0.44717554 30.05904 
0.330 0.01594900 4 -7268633.43 -62032.30 1024170.54 -124426.17 -1820824.54 -6285520.96 -648099351.84 -0.00569088 0.01433543 0.01581670 0.00427672 0.00138266 0.00444958 0.00465852 0.00474430 0.00476414 0.00471735 0.00460293 0.00441952 0.00416568 0.00384080 0.00344720 0.00299318 0.00249397 0.00197517 0.00084589 -0.00009938 -0.00012280 -0.00002047 -0.00000485 -0.00000153 -0.00000162 0.00047788 0.00537568 0.00277385 0.48844113 33.06495 
0.360 0.01800534 4 -7364810.74 101806.93 653234.67 66880.82 -1634424.29 -6552308.86 -658842561.19 -0.00646202 0.01738134 0.01784053 0.00397673 0.00133110 0.00470182 0.00491827 0.00501129 0.00503863 0.00499952 0.00489280 0.00471694 0.00447024 0.00415146 0.00376171 0.00330726 0.00280060 0.00226488 0.00104148 -0.00006704 -0.00013382 -0.00002469 -0.00000511 -0.00000082 -0.00000095 0.00052030 0.00588070 0.00303313 0.52314181 36.07085 
0.390 0.01920454 5 -8104226.67 -249526.37 -84073.67 -1728.17 -881192.82 -6887705.63 -660836625.58 -0.00553905 0.01920454 0.01803818 0.00396221 0.00120727 0.00505839 0.00533105 0.00546780 0.00553287 0.00552526 0.00544372 0.00528659 0.00505210 0.00473892 0.00434790 0.00388422 0.00335917 0.00279456 0.00143714 0.00005174 -0.00014728 -0.00003665 -0.00000291 0.00000260 0.00000097 0.00060188 0.00616067 0.00320771 0.53198297 39.07676 
0.420 0.02316545 5 -7967800.13 -244291.89 35592.33 275056.97 -776444.36 -7257713.18 -666980281.48 -0.00725563 0.02316545 0.02114032 0.00480386 0.00118793 0.00501963 0.00530669 0.00546007 0.00554575 0.00556262 0.00550915 0.00538339 0.00518299 0.00490541 0.00454934 0.00411721 0.00361730 0.00306769 0.00168779 0.00016685 -0.00014174 -0.00004589 -0.00000283 0.00000350 0.00000121 0.00063001 0.00713190 0.00367795 0.61088324 42.08266 
0.450 0.02731567 5 -8248591.84 -420952.78 18100.08 490106.19 -725497.07 -7610348.25 -683266406.05 -0.00914083 0.02731567 0.02398168 0.00601262 0.00144437 0.00528992 0.00559881 0.00576546 0.00586004 0.00588184 0.00582980 0.00570256 0.00549819 0.00521414 0.00484841 0.00440249 0.00388411 0.00331241 0.00186626 0.00022004 -0.00015702 -0.00005517 -0.00000255 0.00000437 0.00000148 0.00067300 0.00822789 0.00421455 0.70317800 45.08856 
