0.001 0.00011691 5 51984.08 -1655.09 -55.91 48.41 2936.10 50710.56 4586442.62 -0.00000587 -0.00004939 -0.00011548 -0.00002999 0.00000349 0.00004949 0.00005356 0.00004981 0.00004466 0.00003866 0.00003210 0.00002547 0.00001921 0.00001360 0.00000869 0.00000441 0.00000079 -0.00000222 -0.00000448 0.00000070 0.00001031 0.00000005 -0.00001033 -0.00000142 0.00000190 0.00000340 -0.00003412 -0.00001419 -0.00236855 0.08525 
0.030 0.00170183 5 1543658.97 -48215.99 12195.90 9092.25 89336.88 1481249.93 135056695.24 -0.00063722 -0.00163193 -0.00086821 -0.00052028 -0.00030657 -0.00021333 -0.00019979 -0.00018543 -0.00016572 -0.00014207 -0.00011628 -0.00009046 -0.00006648 -0.00004567 -0.00002882 -0.00001622 -0.00000762 -0.00000247 0.00000186 0.00000319 0.00000687 -0.00000170 -0.00000932 -0.00000209 0.00000079 -0.00000974 -0.00063035 -0.00030067 -0.03805741 2.55748 
0.060 0.00325828 5 3072500.00 -84091.69 33942.62 50628.49 189464.37 2882556.21 266011218.51 -0.00125330 -0.00318414 -0.00161433 -0.00101804 -0.00062658 -0.00054012 -0.00052252 -0.00049332 -0.00044937 -0.00039306 -0.00032855 -0.00026124 -0.00019663 -0.00013890 -0.00009060 -0.00005279 -0.00002529 -0.00000701 0.00000963 0.00000780 0.00000341 -0.00000339 -0.00000763 -0.00000273 -0.00000058 -0.00002794 -0.00122684 -0.00058996 -0.07470861 5.11497 
0.090 0.00475530 5 4590807.00 -91864.87 68309.71 105114.55 292144.89 4217102.72 392504556.20 -0.00182103 -0.00467857 -0.00232849 -0.00150051 -0.00094423 -0.00093890 -0.00092481 -0.00088603 -0.00082229 -0.00073672 -0.00063415 -0.00052123 -0.00040625 -0.00029837 -0.00020415 -0.00012708 -0.00006832 -0.00002685 0.00001598 0.00001608 0.00000085 -0.00000487 -0.00000527 -0.00000316 -0.00000205 -0.00005383 -0.00180251 -0.00087357 -0.11127649 7.67245 
0.120 0.00621625 5 6070915.27 -85698.06 118657.67 152287.62 393215.32 5492452.73 513901443.75 -0.00237956 -0.00613724 -0.00302298 -0.00196877 -0.00126027 -0.00134690 -0.00133768 -0.00129059 -0.00120843 -0.00109510 -0.00095678 -0.00080184 -0.00064013 -0.00048268 -0.00034044 -0.00022045 -0.00012619 -0.00005740 0.00001901 0.00002577 -0.00000073 -0.00000590 -0.00000251 -0.00000336 -0.00000344 -0.00008172 -0.00236603 -0.00115255 -0.14734506 10.22994 
0.150 0.00763888 5 7480644.43 -74262.01 166555.07 205343.56 488807.46 6694200.35 628795629.80 -0.00293276 -0.00755632 -0.00369808 -0.00243460 -0.00156899 -0.00178672 -0.00177873 -0.00172109 -0.00161908 -0.00147730 -0.00130302 -0.00110619 -0.00089857 -0.00069268 -0.00050118 -0.00033499 -0.00020101 -0.00010057 0.00001764 0.00003686 -0.00000079 -0.00000631 0.00000048 -0.00000332 -0.00000462 -0.00011232 -0.00291908 -0.00142806 -0.18312724 12.78742 
0.180 0.00905964 5 8830927.44 -54261.21 212286.91 265710.92 587178.12 7820012.70 737666252.59 -0.00348303 -0.00896296 -0.00437919 -0.00289847 -0.00187797 -0.00223684 -0.00223242 -0.00216618 -0.00204633 -0.00187792 -0.00166915 -0.00143111 -0.00117730 -0.00092229 -0.00068045 -0.00046574 -0.00028896 -0.00015367 0.00001252 0.00004889 0.00000075 -0.00000594 0.00000355 -0.00000296 -0.00000548 -0.00014489 -0.00347170 -0.00170442 -0.21921710 15.34491 
0.210 0.01055192 5 10103747.27 -43310.50 250929.92 356790.95 639641.61 8899695.29 840657343.56 -0.00399792 -0.01041168 -0.00509454 -0.00334996 -0.00218060 -0.00268618 -0.00269063 -0.00262090 -0.00248860 -0.00229878 -0.00206025 -0.00178497 -0.00148788 -0.00118557 -0.00089429 -0.00062982 -0.00040632 -0.00023080 -0.00000379 0.00006112 0.00000435 -0.00000486 0.00000645 -0.00000221 -0.00000585 -0.00018058 -0.00402563 -0.00198305 -0.25582656 17.90239 
0.240 0.01232964 5 10885437.15 -6793.67 295574.60 569265.58 376609.39 9650781.26 899342124.39 -0.00382042 -0.01187434 -0.00674056 -0.00367796 -0.00232869 -0.00310509 -0.00312275 -0.00305602 -0.00292025 -0.00271972 -0.00246244 -0.00215950 -0.00182641 -0.00148136 -0.00114281 -0.00082841 -0.00055487 -0.00033390 -0.00003274 0.00007315 0.00000998 -0.00000374 0.00000824 -0.00000139 -0.00000573 -0.00021823 -0.00460643 -0.00227532 -0.30283544 20.45988 
0.270 0.01411671 5 11163007.24 12859.94 303314.47 641573.27 269902.76 9935356.79 920367267.90 -0.00314536 -0.01348747 -0.00882817 -0.00382425 -0.00234474 -0.00348889 -0.00352945 -0.00347866 -0.00335637 -0.00316495 -0.00290976 -0.00259866 -0.00224477 -0.00186628 -0.00148338 -0.00111636 -0.00078524 -0.00050634 -0.00009623 0.00008431 0.00001953 -0.00000203 0.00000917 -0.00000069 -0.00000532 -0.00026291 -0.00514258 -0.00255039 -0.35097196 23.01736 
0.300 0.01649118 5 10628894.23 -47241.99 176779.71 461119.26 280591.84 9757645.42 892261481.41 -0.00149171 -0.01570072 -0.01162655 -0.00378385 -0.00217096 -0.00368616 -0.00375082 -0.00372611 -0.00363584 -0.00348007 -0.00325995 -0.00297777 -0.00264029 -0.00226122 -0.00185964 -0.00145761 -0.00107855 -0.00074319 -0.00020315 0.00008785 0.00003251 0.00000079 0.00000912 -0.00000032 -0.00000479 -0.00030355 -0.00564661 -0.00280825 -0.40209028 25.57484 
0.330 0.01971094 5 9218302.80 -374827.28 -123151.15 28192.70 188109.51 9499979.02 830745501.34 0.00067825 -0.01875263 -0.01477060 -0.00361930 -0.00185673 -0.00341577 -0.00348595 -0.00348621 -0.00343865 -0.00334229 -0.00319585 -0.00299791 -0.00274781 -0.00244778 -0.00210617 -0.00173900 -0.00136797 -0.00101601 -0.00036958 0.00006597 0.00004611 0.00000575 0.00000847 -0.00000044 -0.00000438 -0.00031505 -0.00614760 -0.00304921 -0.44907584 28.13233 
0.360 0.02310536 5 7304217.07 -624599.17 -660225.75 -760804.10 328657.51 9021188.59 740839037.69 0.00310995 -0.02207849 -0.01825055 -0.00337815 -0.00140511 -0.00267229 -0.00272040 -0.00272999 -0.00271547 -0.00267552 -0.00260809 -0.00251057 -0.00237998 -0.00221325 -0.00200821 -0.00176583 -0.00149269 -0.00120349 -0.00055950 0.00000464 0.00005345 0.00001265 0.00000719 -0.00000108 -0.00000417 -0.00028208 -0.00663797 -0.00326158 -0.49125044 30.68981 
0.390 0.02621497 5 5706314.13 -821983.03 -1221213.19 -1482212.68 477184.03 8754538.99 672740759.26 0.00475656 -0.02507367 -0.02104471 -0.00322097 -0.00104968 -0.00162073 -0.00161022 -0.00159858 -0.00158716 -0.00157467 -0.00155905 -0.00153768 -0.00150736 -0.00146436 -0.00140444 -0.00132254 -0.00121402 -0.00107631 -0.00063749 -0.00007897 0.00004551 0.00001818 0.00000621 -0.00000168 -0.00000406 -0.00019561 -0.00710109 -0.00343274 -0.51908407 33.24730 
0.420 0.02860728 5 4184872.16 -1201408.79 -1811617.57 -1990138.93 578534.67 8609502.79 621823332.73 0.00570082 -0.02737673 -0.02304233 -0.00313546 -0.00080874 -0.00030485 -0.00020562 -0.00015078 -0.00012386 -0.00012351 -0.00014755 -0.00019311 -0.00025666 -0.00033392 -0.00041911 -0.00050227 -0.00057410 -0.00062493 -0.00055855 -0.00017296 0.00002198 0.00002176 0.00000623 -0.00000190 -0.00000394 -0.00006299 -0.00747565 -0.00353787 -0.53159748 35.80478 
0.450 0.03002147 5 2527474.15 -1874492.56 -2461046.39 -2315807.64 673891.62 8504929.11 581276472.60 0.00610725 -0.02872842 -0.02421708 -0.00314482 -0.00067041 0.00137397 0.00159440 0.00171134 0.00176469 0.00175571 0.00168667 0.00156060 0.00138137 0.00115428 0.00088972 0.00060793 0.00032849 0.00007038 -0.00032025 -0.00027083 -0.00001943 0.00002299 0.00000671 -0.00000182 -0.00000376 0.00011723 -0.00771286 -0.00355333 -0.52812918 38.36227 
0.480 0.02951414 5 1476892.42 -2273574.53 -3047391.33 -2401227.18 802460.26 8396625.20 557877166.03 0.00617155 -0.02816459 -0.02391557 -0.00303535 -0.00095828 0.00215492 0.00248452 0.00267020 0.00276985 0.00278468 0.00271679 0.00256920 0.00234542 0.00205075 0.00170155 0.00132124 0.00093327 0.00056128 -0.00011879 -0.00035597 -0.00006667 0.00002350 0.00000762 -0.00000176 -0.00000377 0.00022094 -0.00764406 -0.00346598 -0.51614476 40.91975 
0.510 0.02851381 5 -476243.56 -3399929.76 -3714150.08 -2514251.44 821889.98 8330197.74 525114520.30 0.00593708 -0.02710529 -0.02317031 -0.00321617 -0.00125195 0.00391476 0.00440969 0.00468179 0.00482109 0.00482896 0.00470902 0.00446467 0.00410363 0.00364219 0.00310600 0.00252742 0.00193897 0.00137203 0.00026292 -0.00041783 -0.00014929 0.00001435 0.00000954 -0.00000069 -0.00000361 0.00042112 -0.00753119 -0.00330674 -0.49060086 43.47723 
0.540 0.02672780 5 -2244708.99 -4535373.15 -4195078.05 -2409797.91 536386.69 8359153.43 495960392.31 0.00549936 -0.02526433 -0.02159754 -0.00336302 -0.00185074 0.00525276 0.00589967 0.00624847 0.00642044 0.00641917 0.00625328 0.00593177 0.00546830 0.00488463 0.00421203 0.00348914 0.00275471 0.00204437 0.00060802 -0.00045158 -0.00023251 0.00000050 0.00001260 0.00000094 -0.00000358 0.00057927 -0.00730152 -0.00311506 -0.46272460 46.03472 
