0.001 0.00011672 4 80996.42 2235.74 8120.51 10471.66 8876.56 51291.95 5870434.69 0.00000223 -0.00004646 -0.00011672 -0.00003510 -0.00000153 0.00003969 0.00004399 0.00004096 0.00003677 0.00003187 0.00002649 0.00002103 0.00001586 0.00001120 0.00000708 0.00000343 0.00000027 -0.00000242 -0.00000441 0.00000062 0.00000992 -0.00000025 -0.00001044 -0.00000160 0.00000174 0.00000285 -0.00003613 -0.00001542 -0.00271915 0.05241 
0.030 0.00163514 5 -2224962.14 -11373.12 -149664.54 -248331.76 -245249.80 -1570342.92 -170870825.41 0.00046916 0.00163514 0.00074345 0.00062330 0.00044220 0.00062993 0.00062993 0.00059960 0.00054948 0.00048339 0.00040627 0.00032451 0.00024505 0.00017329 0.00011251 0.00006406 0.00002785 0.00000256 -0.00001989 -0.00001050 0.00000658 -0.00000079 -0.00001012 -0.00000321 -0.00000056 0.00003439 0.00066008 0.00032770 0.04509097 1.57235 
0.060 0.00303797 5 -4346165.06 -34845.90 -358415.71 -531077.62 -480016.27 -2941809.56 -327477994.01 0.00084299 0.00303797 0.00146303 0.00118902 0.00084585 0.00136776 0.00138191 0.00133893 0.00125525 0.00113605 0.00098870 0.00082313 0.00065115 0.00048560 0.00033747 0.00021347 0.00011652 0.00004578 -0.00002946 -0.00002813 0.00000359 0.00000041 -0.00000963 -0.00000334 -0.00000104 0.00008325 0.00125862 0.00063424 0.08908620 3.14469 
0.090 0.00439537 5 -6288781.49 -50025.09 -537879.83 -769062.79 -691958.63 -4239855.15 -472833577.96 0.00120817 0.00439537 0.00215387 0.00172414 0.00122782 0.00205448 0.00208057 0.00202557 0.00191191 0.00174635 0.00153923 0.00130451 0.00105751 0.00081344 0.00058723 0.00039076 0.00023187 0.00011209 -0.00002721 -0.00004519 0.00000020 0.00000153 -0.00000957 -0.00000320 -0.00000095 0.00013134 0.00183086 0.00092803 0.13107371 4.71704 
0.120 0.00573290 5 -8103152.52 -84182.42 -686138.75 -970527.82 -881483.85 -5480819.68 -608799854.00 0.00159144 0.00573290 0.00282770 0.00223465 0.00159163 0.00277306 0.00281685 0.00275571 0.00261875 0.00241339 0.00215157 0.00184949 0.00152654 0.00120257 0.00089547 0.00062173 0.00039288 0.00021439 -0.00000988 -0.00006369 -0.00000500 0.00000224 -0.00000984 -0.00000298 -0.00000060 0.00018602 0.00238892 0.00121869 0.17241567 6.28938 
0.150 0.00704509 5 -9685466.02 -98418.30 -817083.99 -1082392.23 -1037837.32 -6649734.18 -730874099.07 0.00196559 0.00704509 0.00349630 0.00270326 0.00192404 0.00348416 0.00355008 0.00348938 0.00333782 0.00310272 0.00279636 0.00243549 0.00204164 0.00163908 0.00125094 0.00089700 0.00059392 0.00035039 0.00002387 -0.00008217 -0.00001222 0.00000226 -0.00001029 -0.00000275 -0.00000014 0.00024480 0.00292220 0.00149990 0.21224625 7.86173 
0.180 0.00810749 5 -10850829.93 -162496.07 -1023202.45 -1142282.92 -1239955.72 -7282892.76 -809621404.32 0.00210348 0.00810749 0.00448548 0.00298890 0.00215207 0.00417798 0.00426601 0.00420967 0.00405036 0.00379503 0.00345551 0.00304786 0.00259344 0.00211836 0.00164983 0.00121266 0.00082845 0.00051312 0.00006968 -0.00010128 -0.00002142 0.00000180 -0.00001053 -0.00000260 0.00000024 0.00030615 0.00339210 0.00175277 0.25127330 9.43408 
0.210 0.00889201 5 -10608884.42 -192061.92 -803209.22 -962867.55 -1188412.00 -7462333.72 -805228360.37 0.00118162 0.00889201 0.00622016 0.00301190 0.00206303 0.00438657 0.00448644 0.00444304 0.00429913 0.00405983 0.00373468 0.00333666 0.00288417 0.00240113 0.00191441 0.00145116 0.00103574 0.00068471 0.00015313 -0.00010039 -0.00003068 -0.00000019 -0.00000988 -0.00000214 0.00000053 0.00033800 0.00368493 0.00190696 0.28540594 11.00642 
0.240 0.00866852 5 -13890455.33 -727445.79 -2313183.40 -2127637.42 -1296138.83 -7426049.87 -918716754.06 0.00091923 0.00866852 0.00619776 0.00328222 0.00262300 0.00693794 0.00714036 0.00711104 0.00692129 0.00657943 0.00610007 0.00550400 0.00481858 0.00407721 0.00331702 0.00257638 0.00189211 0.00129396 0.00034036 -0.00016342 -0.00006588 -0.00000264 -0.00001034 -0.00000314 -0.00000070 0.00056088 0.00392031 0.00213570 0.33473076 12.57877 
0.270 0.01044998 4 -8231473.26 -252299.90 463859.68 -22826.56 -1738809.46 -6681397.01 -688627391.26 -0.00186622 0.00972330 0.01026021 0.00297199 0.00162419 0.00454518 0.00470262 0.00473677 0.00469657 0.00458156 0.00439117 0.00412480 0.00378288 0.00336946 0.00289702 0.00238944 0.00187821 0.00139512 0.00050792 -0.00009811 -0.00007494 -0.00001065 -0.00000669 -0.00000265 -0.00000188 0.00042940 0.00406400 0.00213321 0.35746619 14.15111 
0.300 0.01186758 4 -7207215.43 202062.81 1015010.49 -2528.67 -1803136.74 -6618623.31 -668991132.88 -0.00274713 0.01047853 0.01175261 0.00372664 0.00151331 0.00356659 0.00368696 0.00371451 0.00368967 0.00361182 0.00347994 0.00329275 0.00304914 0.00274957 0.00239896 0.00201110 0.00160806 0.00121626 0.00046761 -0.00007070 -0.00006389 -0.00001068 -0.00000687 -0.00000257 -0.00000174 0.00034741 0.00445727 0.00227402 0.38864625 15.72346 
0.330 0.01288700 4 -6713764.91 404271.79 1111750.15 210592.72 -1720522.38 -6719857.20 -657245160.54 -0.00321576 0.01142698 0.01277821 0.00395937 0.00145428 0.00309854 0.00319356 0.00321206 0.00318830 0.00312162 0.00301087 0.00285458 0.00265131 0.00240061 0.00210523 0.00177475 0.00142656 0.00108392 0.00042118 -0.00006000 -0.00005601 -0.00000992 -0.00000709 -0.00000255 -0.00000158 0.00030281 0.00472254 0.00237467 0.40583998 17.29581 
0.360 0.01328829 4 -6599972.96 592123.00 1017807.01 325308.50 -1576000.59 -6959210.87 -664087999.52 -0.00303588 0.01233736 0.01316089 0.00388495 0.00143192 0.00275018 0.00281927 0.00282432 0.00279369 0.00272664 0.00262201 0.00247833 0.00229426 0.00206936 0.00180600 0.00151234 0.00120414 0.00090284 0.00033502 -0.00005547 -0.00004341 -0.00000743 -0.00000797 -0.00000237 -0.00000092 0.00026173 0.00487239 0.00242310 0.40582286 18.86815 
0.390 0.01392199 4 -6263909.65 674749.89 1060765.72 488694.47 -1459336.29 -7028783.44 -651657792.62 -0.00318572 0.01331977 0.01376362 0.00370798 0.00136132 0.00249153 0.00254036 0.00253626 0.00250311 0.00244013 0.00234604 0.00221922 0.00205803 0.00186157 0.00163091 0.00137139 0.00109610 0.00082444 0.00030853 -0.00004786 -0.00003788 -0.00000655 -0.00000794 -0.00000185 -0.00000032 0.00023578 0.00499425 0.00246644 0.40802586 20.44050 
0.420 0.01498819 5 -5281481.41 899701.84 1029789.03 886106.40 -964365.30 -7132713.37 -604806044.35 -0.00337791 0.01498819 0.01464752 0.00344427 0.00122500 0.00189153 0.00189807 0.00187909 0.00184754 0.00180257 0.00174270 0.00166597 0.00157011 0.00145281 0.00131117 0.00114161 0.00094711 0.00074102 0.00031058 -0.00002302 -0.00003280 -0.00000745 -0.00000726 -0.00000135 -0.00000008 0.00018427 0.00518080 0.00252653 0.40847290 22.01284 
0.450 0.01701283 5 -4855065.55 969792.32 1120750.87 1128343.72 -970256.96 -7103695.50 -587011785.46 -0.00414717 0.01701283 0.01613105 0.00346710 0.00116714 0.00169528 0.00168319 0.00165627 0.00162345 0.00158388 0.00153596 0.00147752 0.00140600 0.00131854 0.00121124 0.00107788 0.00091706 0.00073753 0.00033256 -0.00000882 -0.00003209 -0.00000840 -0.00000676 -0.00000097 0.00000010 0.00016845 0.00555241 0.00269233 0.43313949 23.58519 
0.480 0.01923324 5 -4568498.89 855736.94 1214947.96 1249214.78 -815479.85 -7072918.73 -564191464.21 -0.00527882 0.01923324 0.01798349 0.00384455 0.00109200 0.00162059 0.00161189 0.00158987 0.00156313 0.00153075 0.00149106 0.00144175 0.00138006 0.00130313 0.00120759 0.00108781 0.00094112 0.00077217 0.00036648 0.00000034 -0.00003425 -0.00000948 -0.00000602 -0.00000057 0.00000022 0.00016698 0.00605472 0.00292701 0.47372415 25.15754 
0.510 0.02145517 5 -4354677.35 900761.63 1299537.71 1300726.64 -855288.71 -7000414.62 -555378149.62 -0.00640374 0.02145517 0.01989437 0.00428385 0.00107285 0.00152310 0.00151058 0.00148870 0.00146495 0.00143838 0.00140721 0.00136890 0.00132032 0.00125841 0.00118016 0.00108112 0.00095752 0.00080809 0.00041058 0.00001263 -0.00003720 -0.00001103 -0.00000544 -0.00000017 0.00000035 0.00016280 0.00660252 0.00318159 0.51808097 26.72988 
0.540 0.02378011 5 -4197750.16 984011.78 1382016.80 1350423.62 -966662.27 -6947540.09 -553475802.05 -0.00748620 0.02378011 0.02185102 0.00470591 0.00107419 0.00141336 0.00139293 0.00136824 0.00134500 0.00132224 0.00129805 0.00126959 0.00123328 0.00118569 0.00112421 0.00104613 0.00094765 0.00082281 0.00044941 0.00002849 -0.00003925 -0.00001277 -0.00000496 0.00000013 0.00000038 0.00015574 0.00717629 0.00344681 0.56319027 28.30223 
0.570 0.02648643 5 -3967724.65 1089451.89 1522634.32 1415378.42 -1108761.23 -6886428.05 -550426654.76 -0.00874320 0.02648643 0.02415236 0.00526120 0.00107612 0.00119717 0.00116304 0.00113284 0.00110922 0.00109116 0.00107661 0.00106235 0.00104421 0.00101825 0.00098202 0.00093372 0.00087004 0.00078252 0.00046727 0.00005219 -0.00003675 -0.00001422 -0.00000456 0.00000040 0.00000039 0.00013709 0.00786340 0.00375900 0.61630653 29.87457 
0.600 0.02958481 5 -3636920.16 1224956.87 1748788.27 1497023.92 -1285120.96 -6822568.26 -546024772.47 -0.01018146 0.02958481 0.02684760 0.00598241 0.00109114 0.00084014 0.00078340 0.00074342 0.00071788 0.00070573 0.00070474 0.00071120 0.00072013 0.00072689 0.00072905 0.00072577 0.00071427 0.00068306 0.00046549 0.00008076 -0.00003208 -0.00001573 -0.00000422 0.00000062 0.00000035 0.00010327 0.00868539 0.00412636 0.67902556 31.44692 
0.630 0.03277478 5 -3185187.64 1304620.51 2015200.79 1688076.40 -1367181.83 -6825903.51 -533756126.17 -0.01145539 0.03277478 0.02945366 0.00642955 0.00105626 0.00042469 0.00033778 0.00028283 0.00025121 0.00024186 0.00025232 0.00027838 0.00031409 0.00035386 0.00039514 0.00043817 0.00048119 0.00051151 0.00042659 0.00011230 -0.00002229 -0.00001654 -0.00000401 0.00000071 0.00000027 0.00005934 0.00943414 0.00445403 0.73142034 33.01927 
