0.001 0.00012499 5 56095.70 -456.94 -6226.82 -1627.47 5115.59 59291.35 5206739.78 -0.00000529 -0.00005747 -0.00012039 -0.00003300 0.00000308 0.00005068 0.00005475 0.00005092 0.00004561 0.00003938 0.00003258 0.00002570 0.00001923 0.00001344 0.00000841 0.00000407 0.00000044 -0.00000256 -0.00000477 0.00000039 0.00000978 -0.00000033 -0.00001047 -0.00000166 0.00000169 0.00000336 -0.00003661 -0.00001538 -0.00253570 0.12137 
0.030 0.00184793 5 1545047.53 -37768.17 -176650.52 -44924.10 143704.25 1660686.07 145788589.31 -0.00058752 -0.00177771 -0.00095887 -0.00056522 -0.00028781 -0.00018545 -0.00017541 -0.00016565 -0.00015135 -0.00013274 -0.00011120 -0.00008872 -0.00006714 -0.00004788 -0.00003179 -0.00001925 -0.00001027 -0.00000454 0.00000107 0.00000205 0.00000147 -0.00000302 -0.00000608 -0.00000326 -0.00000215 -0.00000970 -0.00066004 -0.00031456 -0.04009695 3.64102 
0.060 0.00332896 5 -2847197.80 187276.19 271082.11 48768.24 -270476.09 -3083848.25 -274369172.65 0.00109921 0.00332896 0.00153670 0.00104770 0.00060432 0.00038891 0.00036813 0.00032813 0.00027472 0.00021239 0.00014713 0.00008653 0.00003767 0.00000346 -0.00001794 -0.00002926 -0.00003350 -0.00003334 -0.00002180 -0.00000122 0.00000791 -0.00000066 -0.00000817 -0.00000290 -0.00000120 0.00001252 0.00120158 0.00056992 0.07135700 7.28204 
0.090 0.00497357 5 -3962301.72 312047.17 493131.76 147184.68 -362012.21 -4552653.12 -395487793.94 0.00167353 0.00497357 0.00232076 0.00153482 0.00085879 0.00044277 0.00040862 0.00035471 0.00028525 0.00020387 0.00011705 0.00003302 -0.00003896 -0.00009044 -0.00011736 -0.00012312 -0.00011436 -0.00009796 -0.00005000 0.00000090 0.00001244 0.00000058 -0.00000810 -0.00000257 -0.00000087 0.00000659 0.00178015 0.00083799 0.10363684 10.92306 
0.120 0.00654964 5 -4921861.87 527747.59 744335.43 237501.79 -478365.03 -5953081.65 -511853544.10 0.00217390 0.00654964 0.00308263 0.00200418 0.00109879 0.00061048 0.00058284 0.00053564 0.00047373 0.00039818 0.00031131 0.00021592 0.00011792 0.00002674 -0.00004779 -0.00009762 -0.00012059 -0.00012276 -0.00008143 -0.00001045 0.00001440 0.00000226 -0.00000852 -0.00000224 -0.00000028 0.00001913 0.00233209 0.00110339 0.13680197 14.56408 
0.150 0.00752671 5 -5609938.69 650374.13 818826.09 197553.08 -608469.36 -6668222.63 -582514049.27 0.00223241 0.00752671 0.00386427 0.00229959 0.00126228 0.00083770 0.00081547 0.00076985 0.00070677 0.00062697 0.00053142 0.00042130 0.00029962 0.00017489 0.00005944 -0.00003450 -0.00009785 -0.00013042 -0.00011300 -0.00002711 0.00001474 0.00000387 -0.00000896 -0.00000192 0.00000040 0.00003543 0.00271474 0.00129143 0.16478402 18.20510 
0.180 0.00881637 5 -5677317.87 208738.50 781044.72 1164178.37 -347988.05 -7483291.41 -585128313.90 0.00222289 0.00881637 0.00493682 0.00211929 0.00115139 0.00133078 0.00136163 0.00135942 0.00133993 0.00130237 0.00124548 0.00116765 0.00106739 0.00094398 0.00079865 0.00063690 0.00047013 0.00031435 0.00006670 -0.00004721 -0.00001035 0.00000016 -0.00000803 -0.00000194 -0.00000016 0.00011689 0.00297842 0.00145831 0.18707978 21.84612 
0.210 0.01000501 5 -5784771.08 371128.22 721115.45 1580176.20 -431455.69 -8025735.25 -617540585.62 0.00184683 0.01000501 0.00644150 0.00239411 0.00120379 0.00123356 0.00124528 0.00123055 0.00120168 0.00115789 0.00109793 0.00102016 0.00092291 0.00080516 0.00066783 0.00051564 0.00035815 0.00021061 -0.00000867 -0.00006693 -0.00000676 0.00000283 -0.00000795 -0.00000169 0.00000033 0.00009811 0.00342801 0.00165909 0.22074685 25.48714 
0.240 0.01034507 5 -2252509.19 1572386.82 2624022.58 1485489.35 -446368.57 -7488039.36 -516532872.01 0.00139732 0.01034507 0.00794822 0.00300361 0.00091858 -0.00224685 -0.00247342 -0.00260367 -0.00267381 -0.00268473 -0.00263837 -0.00253746 -0.00238579 -0.00218897 -0.00195619 -0.00169965 -0.00143103 -0.00116331 -0.00058753 -0.00003313 0.00006355 0.00001489 -0.00000944 -0.00000318 -0.00000029 -0.00027792 0.00370379 0.00158861 0.20904110 29.12816 
0.270 0.01108794 5 -4080709.05 637349.58 945098.92 2338739.82 -619324.28 -7382573.10 -528049687.46 -0.00149027 0.01108794 0.01053899 0.00297243 0.00107083 0.00084209 0.00081228 0.00077611 0.00073703 0.00069434 0.00064672 0.00059235 0.00052910 0.00045474 0.00036765 0.00026767 0.00015692 0.00004320 -0.00014045 -0.00013037 -0.00001262 0.00000572 -0.00000837 -0.00000422 -0.00000212 0.00004801 0.00404226 0.00192042 0.30065549 32.76918 
0.300 0.01466601 5 -4643051.18 891506.29 1941967.91 1092865.03 -649008.34 -7920382.07 -611253546.40 -0.00087995 0.01466601 0.01257342 0.00321788 0.00109780 0.00030850 0.00023650 0.00018110 0.00014052 0.00011377 0.00009901 0.00009370 0.00009460 0.00009789 0.00009937 0.00009477 0.00007993 0.00005150 -0.00007276 -0.00018481 -0.00006689 0.00000014 -0.00000657 -0.00000084 0.00000114 0.00000071 0.00491116 0.00230262 0.33952248 36.41019 
0.330 0.02290469 5 -4793539.66 1366199.42 2024197.57 712407.85 -606118.39 -8290226.11 -656865273.22 -0.00421485 0.02290469 0.01913345 0.00411604 0.00107713 0.00054314 0.00048319 0.00044014 0.00041321 0.00040142 0.00040286 0.00041488 0.00043398 0.00045576 0.00047526 0.00048763 0.00048842 0.00047345 0.00033186 -0.00004111 -0.00013238 -0.00003355 -0.00000386 0.00000238 0.00000146 0.00005710 0.00678874 0.00321273 0.48824339 40.05121 
0.360 0.03166166 5 -5098809.22 602182.47 1621680.99 1607580.11 -912436.23 -8017816.57 -621693886.50 -0.00907522 0.03166166 0.02683781 0.00541484 0.00114202 0.00207192 0.00212621 0.00215771 0.00218605 0.00221002 0.00222762 0.00223606 0.00223146 0.00220813 0.00215921 0.00207958 0.00196803 0.00182509 0.00129826 0.00025652 -0.00020561 -0.00008845 0.00000114 0.00000741 0.00000138 0.00029805 0.00890621 0.00433335 0.69097454 43.69223 
0.390 0.03212711 5 -4911185.67 561118.32 1509782.38 1741110.14 -855257.70 -7867938.81 -601128439.40 -0.01116881 0.03212711 0.02800358 0.00726509 0.00178416 0.00226272 0.00230930 0.00233404 0.00235621 0.00237467 0.00238743 0.00239171 0.00238337 0.00235569 0.00230010 0.00221102 0.00208955 0.00193945 0.00140389 0.00030391 -0.00023355 -0.00010726 0.00000331 0.00000941 0.00000149 0.00031994 0.00958340 0.00466243 0.77496496 47.33325 
0.420 0.02842746 5 -4485380.35 751413.59 1268344.83 1902246.68 -667951.29 -7739434.16 -575236825.69 -0.01155954 0.02842746 0.02595229 0.00929377 0.00242668 0.00184456 0.00185723 0.00186126 0.00186907 0.00187960 0.00189092 0.00190032 0.00190337 0.00189212 0.00185565 0.00178809 0.00169248 0.00157549 0.00116879 0.00026321 -0.00021767 -0.00010056 0.00000352 0.00000901 0.00000144 0.00025695 0.00947468 0.00457801 0.79254722 50.97427 
0.450 0.02682380 5 -3927994.83 993121.17 1400623.93 1802436.95 -486223.39 -7637953.49 -554257655.81 -0.01199301 0.02682380 0.02512216 0.01049012 0.00294075 0.00124027 0.00117575 0.00112706 0.00109356 0.00107432 0.00106750 0.00107043 0.00107868 0.00108415 0.00107530 0.00104523 0.00099631 0.00093513 0.00072200 0.00014205 -0.00021967 -0.00009552 0.00000390 0.00000871 0.00000132 0.00014624 0.00955100 0.00455497 0.80585903 54.61529 
0.480 0.02266812 4 -3595537.19 878736.00 1540357.24 1828625.38 -609952.07 -7233303.74 -522680785.06 -0.01214784 0.02232824 0.02241181 0.01109654 0.00342346 0.00159918 0.00153817 0.00148901 0.00145293 0.00142894 0.00141521 0.00140903 0.00140602 0.00139797 0.00137266 0.00132196 0.00124747 0.00115694 0.00086875 0.00017468 -0.00024879 -0.00011302 0.00000597 0.00001040 0.00000120 0.00018851 0.00888482 0.00426514 0.78757186 58.25631 
0.510 0.02067826 4 -2159051.37 1077771.88 2009158.96 1899518.84 -703729.32 -6441771.73 -442529501.75 -0.01250260 0.01833519 0.02043671 0.01174021 0.00343701 0.00036900 0.00022155 0.00011665 0.00003976 -0.00001002 -0.00003449 -0.00003630 -0.00001975 0.00000716 0.00003210 0.00004579 0.00004940 0.00004991 0.00006179 -0.00007652 -0.00024236 -0.00009632 0.00000626 0.00000887 0.00000071 -0.00000887 0.00821869 0.00384802 0.74268292 61.89733 
0.540 0.02065702 5 -3559637.73 2722634.56 -269878.72 2538310.25 604536.68 -9155240.50 -616875921.17 -0.00127870 0.02065702 0.01557077 0.00330378 -0.00002202 -0.00205048 -0.00225098 -0.00239327 -0.00249313 -0.00255100 -0.00256819 -0.00254675 -0.00248949 -0.00239996 -0.00228222 -0.00214070 -0.00197988 -0.00180396 -0.00130324 -0.00048459 0.00001710 0.00005743 -0.00001043 -0.00000946 -0.00000292 -0.00033791 0.00562533 0.00245752 0.32567307 65.53835 
0.570 0.02070344 5 -3982894.51 3040705.22 -527725.55 2456383.69 787933.59 -9740191.46 -665985313.86 -0.00013892 0.02070344 0.01456269 0.00313433 0.00002760 -0.00229482 -0.00251418 -0.00266960 -0.00277892 -0.00284255 -0.00286181 -0.00283884 -0.00277655 -0.00267868 -0.00254952 -0.00239379 -0.00221634 -0.00202185 -0.00146690 -0.00054537 0.00002227 0.00006716 -0.00001197 -0.00001008 -0.00000228 -0.00037750 0.00553400 0.00239367 0.29995810 69.17937 
0.600 0.02034331 5 -3832909.22 3120129.58 -866535.33 2509635.38 1076678.12 -9672816.97 -646997560.92 -0.00032603 0.02034331 0.01440136 0.00323953 -0.00005053 -0.00245162 -0.00267849 -0.00284041 -0.00295479 -0.00302201 -0.00304339 -0.00302102 -0.00295781 -0.00285742 -0.00272414 -0.00256267 -0.00237790 -0.00217465 -0.00159043 -0.00059542 0.00002987 0.00007921 -0.00001263 -0.00001113 -0.00000218 -0.00040366 0.00544318 0.00233720 0.29396262 72.82039 
0.630 0.01942776 5 -3609780.44 3121086.97 -1087832.37 2495954.22 1380482.75 -9519472.00 -619557647.16 -0.00047632 0.01942776 0.01396498 0.00340503 -0.00009623 -0.00261972 -0.00285308 -0.00302035 -0.00313873 -0.00320857 -0.00323117 -0.00320862 -0.00314380 -0.00304038 -0.00290262 -0.00273520 -0.00254303 -0.00233101 -0.00171859 -0.00065760 0.00002961 0.00009028 -0.00001304 -0.00001210 -0.00000212 -0.00043149 0.00527609 0.00224409 0.28493646 76.46141 
0.660 0.01755849 5 -3060932.52 3213404.59 -1099687.28 2457258.74 1552118.44 -9184027.01 -580566438.54 -0.00061116 0.01755849 0.01316436 0.00392853 -0.00014567 -0.00325580 -0.00351963 -0.00370591 -0.00383713 -0.00391360 -0.00393659 -0.00390816 -0.00383118 -0.00370939 -0.00354712 -0.00334922 -0.00312076 -0.00286690 -0.00212329 -0.00081472 0.00002747 0.00010818 -0.00001371 -0.00001372 -0.00000212 -0.00052939 0.00502852 0.00207603 0.26885911 80.10243 
0.690 0.01838250 3 4833287.95 -2719817.13 -165382.26 4260928.80 2070220.91 1387337.63 483155804.53 0.01830620 0.00612919 -0.00593171 -0.01828402 -0.01179022 -0.00972565 -0.00980003 -0.00981097 -0.00978537 -0.00972241 -0.00962069 -0.00947834 -0.00929321 -0.00906302 -0.00878531 -0.00845666 -0.00807265 -0.00762959 -0.00618374 -0.00315131 -0.00065376 0.00008161 0.00001329 -0.00000795 -0.00000428 -0.00144875 -0.00678161 -0.00394867 -1.01797211 83.74345 
0.720 0.01976797 3 4882734.48 -1513641.24 -1295469.55 5165504.24 1840441.91 685899.13 421158176.88 0.01901225 0.00625690 -0.00470638 -0.01972142 -0.01217708 -0.01022840 -0.01036667 -0.01041979 -0.01042822 -0.01039110 -0.01030714 -0.01017469 -0.00999188 -0.00975678 -0.00946735 -0.00912100 -0.00871477 -0.00824660 -0.00672685 -0.00349990 -0.00074153 0.00009456 0.00001458 -0.00000935 -0.00000476 -0.00156265 -0.00691066 -0.00406967 -1.04992000 87.38447 
0.750 0.02170517 3 1945599.78 -1616994.67 -2997979.10 4156679.41 2012455.53 391438.60 302166200.59 0.02541983 0.00840845 -0.00553849 -0.02170517 -0.01658686 -0.01195806 -0.01175276 -0.01154307 -0.01131494 -0.01106759 -0.01079975 -0.01050973 -0.01019542 -0.00985430 -0.00948338 -0.00907885 -0.00863664 -0.00815365 -0.00668481 -0.00356276 -0.00073324 0.00012238 0.00001045 -0.00001179 -0.00000414 -0.00161059 -0.00801760 -0.00461405 -1.24545133 91.02549 
0.780 0.02349383 3 1391152.85 -1884804.34 -3028048.81 4249811.70 2059755.97 -5561.67 274809349.67 0.02766034 0.00850157 -0.00606101 -0.02349383 -0.01783882 -0.01228825 -0.01202335 -0.01177069 -0.01150496 -0.01122544 -0.01093087 -0.01061957 -0.01028941 -0.00993783 -0.00956170 -0.00915699 -0.00871929 -0.00824535 -0.00682307 -0.00378516 -0.00088049 0.00010120 0.00001487 -0.00000946 -0.00000405 -0.00164635 -0.00867753 -0.00494240 -1.33439538 94.66651 
