0.001 0.00012634 5 91448.82 1450.32 7505.02 10159.69 9722.88 62610.90 6871501.86 -0.00000195 -0.00005880 -0.00012274 -0.00003897 -0.00000377 0.00003838 0.00004276 0.00003986 0.00003581 0.00003106 0.00002584 0.00002053 0.00001549 0.00001094 0.00000691 0.00000334 0.00000023 -0.00000243 -0.00000439 0.00000061 0.00000988 -0.00000027 -0.00001044 -0.00000161 0.00000173 0.00000279 -0.00004066 -0.00001758 -0.00299068 0.04786 
0.030 0.00186133 5 2598692.56 60295.24 228265.02 294397.03 276229.02 1739506.24 192629016.92 -0.00047527 -0.00179066 -0.00101339 -0.00072478 -0.00048228 -0.00061473 -0.00060408 -0.00057295 -0.00052206 -0.00045547 -0.00037892 -0.00029970 -0.00022422 -0.00015720 -0.00010143 -0.00005798 -0.00002656 -0.00000581 0.00001262 0.00000911 0.00000158 -0.00000380 -0.00000618 -0.00000331 -0.00000216 -0.00003230 -0.00076733 -0.00037687 -0.05334740 1.43578 
0.060 0.00333668 5 -4787840.41 -35801.00 -427965.33 -568087.45 -519359.11 -3236627.53 -359845204.55 0.00090803 0.00333668 0.00161320 0.00130219 0.00093091 0.00145669 0.00146518 0.00141233 0.00131597 0.00118252 0.00102082 0.00084256 0.00066050 0.00048771 0.00033494 0.00020845 0.00011057 0.00003992 -0.00003308 -0.00002850 0.00000366 0.00000073 -0.00000897 -0.00000319 -0.00000116 0.00008605 0.00138030 0.00069276 0.09730927 2.87157 
0.090 0.00471882 5 -6664760.37 -69772.19 -555724.85 -770171.22 -721376.22 -4547715.89 -502160732.41 0.00128719 0.00471882 0.00230943 0.00182698 0.00129487 0.00210561 0.00212579 0.00206156 0.00193542 0.00175525 0.00153288 0.00128413 0.00102634 0.00077638 0.00054931 0.00035614 0.00020290 0.00008953 -0.00003640 -0.00004411 0.00000150 0.00000211 -0.00000891 -0.00000289 -0.00000084 0.00013002 0.00194860 0.00098253 0.13815090 4.30735 
0.120 0.00597923 5 -8302608.00 -102584.74 -672295.73 -925381.27 -891432.62 -5710913.64 -626599244.34 0.00164419 0.00597923 0.00294139 0.00229509 0.00162200 0.00274976 0.00278550 0.00271551 0.00256801 0.00235080 0.00207665 0.00176274 0.00143020 0.00110080 0.00079388 0.00052605 0.00030997 0.00014785 -0.00003927 -0.00006220 -0.00000134 0.00000325 -0.00000934 -0.00000256 -0.00000025 0.00017640 0.00246455 0.00124903 0.17571299 5.74314 
0.150 0.00701811 5 -9659550.19 -119746.53 -778354.38 -1051639.21 -1051253.03 -6658557.03 -729815441.30 0.00190354 0.00701811 0.00347378 0.00267997 0.00189468 0.00343345 0.00349553 0.00343132 0.00327605 0.00303693 0.00272603 0.00235958 0.00195896 0.00154998 0.00115794 0.00080449 0.00050722 0.00027560 -0.00001456 -0.00008382 -0.00000838 0.00000348 -0.00000990 -0.00000231 0.00000036 0.00023459 0.00289145 0.00148006 0.20930176 7.17892 
0.180 0.00823885 5 10013521.51 11381.19 495714.54 949663.19 1272873.06 7283889.54 785389701.36 -0.00193883 -0.00798461 -0.00480419 -0.00312001 -0.00204081 -0.00361955 -0.00370174 -0.00367518 -0.00356749 -0.00338059 -0.00311981 -0.00279382 -0.00241728 -0.00201085 -0.00159787 -0.00120169 -0.00084469 -0.00054438 -0.00010330 0.00009110 0.00002296 -0.00000278 0.00000687 -0.00000147 -0.00000528 -0.00028037 -0.00341215 -0.00174848 -0.25323153 8.61470 
0.210 0.00984756 5 10665206.14 -24518.91 500516.05 1080986.99 1116288.56 7991933.46 842339482.53 -0.00147866 -0.00939476 -0.00689082 -0.00347487 -0.00219414 -0.00412186 -0.00422111 -0.00420269 -0.00409864 -0.00390982 -0.00363953 -0.00329385 -0.00288494 -0.00243255 -0.00196197 -0.00150113 -0.00107787 -0.00071392 -0.00016012 0.00010538 0.00003255 -0.00000098 0.00000839 -0.00000035 -0.00000460 -0.00033099 -0.00405369 -0.00207610 -0.31074757 10.05049 
0.240 0.01149505 5 10169126.01 148056.15 164704.72 541077.49 1199486.66 8115800.99 820431215.05 -0.00034260 -0.01089902 -0.00977596 -0.00356155 -0.00206792 -0.00422074 -0.00433371 -0.00433519 -0.00425857 -0.00410344 -0.00387017 -0.00356019 -0.00317915 -0.00274033 -0.00226538 -0.00178277 -0.00132411 -0.00091647 -0.00025425 0.00010716 0.00004431 0.00000205 0.00000859 0.00000061 -0.00000340 -0.00036053 -0.00462193 -0.00235818 -0.36635900 11.48627 
0.270 0.01353893 5 8023442.58 193324.64 -518052.29 -680021.92 1347204.87 7680987.29 708035038.40 0.00182126 -0.01278648 -0.01289074 -0.00332056 -0.00165165 -0.00358266 -0.00368206 -0.00369887 -0.00365965 -0.00356347 -0.00340927 -0.00319589 -0.00292311 -0.00259364 -0.00221685 -0.00181166 -0.00140423 -0.00102261 -0.00034591 0.00008347 0.00005151 0.00000609 0.00000721 0.00000123 -0.00000183 -0.00033066 -0.00495708 -0.00249942 -0.40322882 12.92206 
0.300 0.01588233 5 6935207.55 75443.42 -676012.36 -1155718.20 1104709.53 7586785.17 652370288.77 0.00322751 -0.01502526 -0.01491712 -0.00318202 -0.00146318 -0.00321003 -0.00329310 -0.00330967 -0.00328077 -0.00320543 -0.00308239 -0.00291018 -0.00268765 -0.00241512 -0.00209684 -0.00174509 -0.00138013 -0.00102815 -0.00037522 0.00006744 0.00005218 0.00000773 0.00000638 0.00000139 -0.00000116 -0.00030565 -0.00529588 -0.00264495 -0.42948444 14.35784 
0.330 0.01770893 5 6192263.08 -55924.41 -812067.52 -1401835.76 928266.79 7533823.99 617765296.77 0.00419300 -0.01685600 -0.01640392 -0.00309584 -0.00131825 -0.00291544 -0.00298859 -0.00300778 -0.00299009 -0.00293451 -0.00283961 -0.00270369 -0.00252508 -0.00230278 -0.00203778 -0.00173569 -0.00140890 -0.00107937 -0.00042296 0.00005680 0.00005544 0.00000933 0.00000586 0.00000132 -0.00000091 -0.00028948 -0.00557051 -0.00276510 -0.44909839 15.79362 
0.360 0.01879859 5 5564410.61 -230180.13 -1073341.89 -1519185.97 750996.08 7636122.52 599375372.83 0.00451427 -0.01790321 -0.01708728 -0.00303637 -0.00117952 -0.00248453 -0.00254168 -0.00256197 -0.00255731 -0.00252653 -0.00246794 -0.00237948 -0.00225895 -0.00210422 -0.00191373 -0.00168743 -0.00142895 -0.00115149 -0.00053165 0.00001059 0.00005703 0.00001358 0.00000567 0.00000070 -0.00000126 -0.00026645 -0.00569672 -0.00281203 -0.45346116 17.22941 
0.390 0.01917383 5 5303967.88 -362818.60 -1255137.14 -1528122.59 641485.87 7808560.33 600132054.05 0.00427016 -0.01825763 -0.01706823 -0.00300380 -0.00110420 -0.00217169 -0.00221694 -0.00223771 -0.00224213 -0.00222893 -0.00219621 -0.00214169 -0.00206293 -0.00195732 -0.00182206 -0.00165458 -0.00145387 -0.00122507 -0.00064373 -0.00004359 0.00005429 0.00001763 0.00000593 0.00000013 -0.00000169 -0.00025214 -0.00571661 -0.00281375 -0.44816280 18.66519 
0.420 0.01995505 5 5161719.51 -421155.48 -1338852.70 -1602613.78 589389.62 7934951.87 600706810.32 0.00425708 -0.01900356 -0.01747148 -0.00298858 -0.00105790 -0.00204986 -0.00209134 -0.00211489 -0.00212709 -0.00212659 -0.00211138 -0.00207901 -0.00202678 -0.00195173 -0.00185047 -0.00171933 -0.00155552 -0.00136004 -0.00080161 -0.00012358 0.00004914 0.00002353 0.00000592 -0.00000058 -0.00000203 -0.00025824 -0.00584631 -0.00287779 -0.45442025 20.10097 
0.450 0.02138343 5 5147185.77 -339019.67 -1342765.04 -1764481.43 531924.92 8061526.99 598996606.44 0.00438633 -0.02037630 -0.01825517 -0.00272761 -0.00101274 -0.00218041 -0.00222907 -0.00225942 -0.00227932 -0.00228736 -0.00228145 -0.00225903 -0.00221723 -0.00215283 -0.00206213 -0.00194114 -0.00178638 -0.00159699 -0.00101124 -0.00020887 0.00004880 0.00003090 0.00000556 -0.00000139 -0.00000223 -0.00029120 -0.00603752 -0.00298494 -0.46566117 21.53676 
0.480 0.02306017 5 5061724.56 -286726.30 -1409796.09 -1926546.53 519016.32 8165777.15 596541615.54 0.00466121 -0.02198709 -0.01935655 -0.00266291 -0.00096719 -0.00216087 -0.00220632 -0.00223703 -0.00225991 -0.00227349 -0.00227561 -0.00226356 -0.00223422 -0.00218404 -0.00210907 -0.00200508 -0.00186822 -0.00169651 -0.00112790 -0.00026959 0.00004528 0.00003536 0.00000525 -0.00000209 -0.00000256 -0.00030060 -0.00634162 -0.00313249 -0.48446917 22.97254 
0.510 0.02561687 5 4809161.21 -233414.46 -1560878.25 -2113334.18 570910.35 8145877.74 584111768.88 0.00559793 -0.02445118 -0.02140518 -0.00283800 -0.00091940 -0.00205103 -0.00208682 -0.00211377 -0.00213676 -0.00215429 -0.00216410 -0.00216339 -0.00214887 -0.00211677 -0.00206292 -0.00198282 -0.00187224 -0.00172816 -0.00120621 -0.00032175 0.00004358 0.00003977 0.00000471 -0.00000249 -0.00000243 -0.00029700 -0.00688929 -0.00338731 -0.52476819 24.40833 
0.540 0.02739821 5 4370743.41 -203384.85 -1888871.18 -2161829.87 822913.48 7801915.83 559833069.61 0.00746510 -0.02610212 -0.02367900 -0.00407920 -0.00092277 -0.00170779 -0.00174290 -0.00177543 -0.00180783 -0.00183859 -0.00186544 -0.00188551 -0.00189540 -0.00189118 -0.00186852 -0.00182273 -0.00174927 -0.00164435 -0.00120779 -0.00035745 0.00003938 0.00004240 0.00000403 -0.00000260 -0.00000205 -0.00026991 -0.00756578 -0.00369004 -0.59140404 25.84411 
0.570 0.02991760 5 4147103.19 -220421.11 -2083146.36 -2153922.19 844320.52 7760272.33 552174280.13 0.00869380 -0.02853299 -0.02587022 -0.00470813 -0.00092711 -0.00146690 -0.00148769 -0.00151283 -0.00154190 -0.00157345 -0.00160528 -0.00163456 -0.00165789 -0.00167130 -0.00167032 -0.00165011 -0.00160593 -0.00153349 -0.00117991 -0.00038576 0.00003134 0.00004336 0.00000387 -0.00000266 -0.00000191 -0.00024454 -0.00822759 -0.00398680 -0.64337700 27.27989 
