0.001 0.00011245 4 58127.93 -1788.34 4288.22 5712.27 5988.57 43927.20 4651774.87 0.00000311 -0.00003944 -0.00011245 -0.00003050 0.00000222 0.00004581 0.00004995 0.00004646 0.00004164 0.00003604 0.00002991 0.00002370 0.00001784 0.00001258 0.00000797 0.00000394 0.00000051 -0.00000237 -0.00000451 0.00000062 0.00001010 -0.00000013 -0.00001042 -0.00000153 0.00000181 0.00000317 -0.00003210 -0.00001336 -0.00238735 0.08494 
0.030 0.00144283 5 -1415444.34 -108301.82 92676.90 78957.55 -120922.49 -1357854.48 -119049793.82 0.00042860 0.00144283 0.00061857 0.00042535 0.00026589 0.00034451 0.00034622 0.00032852 0.00029910 0.00026023 0.00021543 0.00016940 0.00012583 0.00008727 0.00005506 0.00002963 0.00001070 -0.00000253 -0.00001326 -0.00000471 0.00000918 -0.00000070 -0.00001145 -0.00000265 0.00000083 0.00001863 0.00050263 0.00024552 0.03113134 2.54812 
0.060 0.00262918 5 -2985121.21 -235739.03 107273.86 -18048.19 -315621.06 -2522986.80 -238466342.67 0.00067709 0.00262918 0.00124122 0.00087504 0.00054577 0.00079321 0.00079885 0.00076679 0.00070879 0.00062886 0.00053285 0.00042861 0.00032493 0.00023063 0.00015054 0.00008657 0.00003870 0.00000528 -0.00002490 -0.00001377 0.00000817 -0.00000034 -0.00001174 -0.00000329 0.00000003 0.00004473 0.00097336 0.00048005 0.06430404 5.09623 
0.090 0.00374576 5 -4569185.41 -341779.85 43078.69 -146871.71 -506861.17 -3616751.36 -355543827.81 0.00090055 0.00374576 0.00183096 0.00131689 0.00084178 0.00127331 0.00128036 0.00122996 0.00113794 0.00101009 0.00085554 0.00068676 0.00051759 0.00036137 0.00022903 0.00012543 0.00004987 -0.00000119 -0.00004365 -0.00002294 0.00000813 0.00000039 -0.00001190 -0.00000364 -0.00000047 0.00007065 0.00143190 0.00070877 0.09718561 7.64435 
0.120 0.00485931 5 -6139780.30 -382895.49 -78319.71 -290441.29 -693916.40 -4694207.41 -473343827.55 0.00112678 0.00485931 0.00241223 0.00175582 0.00115270 0.00183631 0.00185234 0.00179043 0.00167146 0.00150158 0.00129128 0.00105500 0.00081042 0.00057600 0.00036817 0.00019965 0.00007665 -0.00000542 -0.00007206 -0.00003853 0.00000774 0.00000167 -0.00001203 -0.00000390 -0.00000076 0.00010490 0.00189438 0.00094377 0.13128133 10.19247 
0.150 0.00592406 5 -7781835.77 -417247.13 -296839.69 -446708.14 -879287.39 -5741753.43 -592091032.09 0.00129085 0.00592406 0.00296989 0.00218101 0.00147984 0.00256065 0.00259629 0.00252890 0.00238658 0.00217614 0.00190906 0.00160112 0.00127277 0.00094723 0.00064659 0.00038947 0.00018950 0.00004894 -0.00008542 -0.00006182 0.00000402 0.00000297 -0.00001211 -0.00000406 -0.00000090 0.00015680 0.00234483 0.00118249 0.16721496 12.74059 
0.180 0.00692222 5 -9417162.31 -461639.73 -538470.03 -699989.95 -1005329.45 -6711733.15 -705747380.41 0.00141410 0.00692222 0.00350377 0.00259157 0.00180234 0.00343005 0.00349838 0.00343465 0.00327652 0.00303120 0.00271083 0.00233210 0.00191678 0.00149096 0.00108185 0.00071451 0.00041026 0.00018121 -0.00007414 -0.00009261 -0.00000393 0.00000408 -0.00001219 -0.00000417 -0.00000094 0.00022745 0.00277710 0.00142266 0.20445129 15.28870 
0.210 0.00760971 5 -11039554.92 -830336.73 -829490.42 -1511561.16 -665839.91 -7202326.69 -776254925.24 0.00160857 0.00760971 0.00396860 0.00285234 0.00203930 0.00446322 0.00457953 0.00452714 0.00435613 0.00407481 0.00369676 0.00324040 0.00272941 0.00219235 0.00166016 0.00116402 0.00073278 0.00038728 -0.00004274 -0.00013304 -0.00001645 0.00000514 -0.00001204 -0.00000408 -0.00000081 0.00031655 0.00311608 0.00162890 0.23681309 17.83682 
0.240 0.00880711 5 -7647363.50 128099.47 342766.14 213453.31 -978378.68 -7353303.73 -682840496.31 0.00120774 0.00880711 0.00601637 0.00251546 0.00146718 0.00307455 0.00318834 0.00321461 0.00318977 0.00311315 0.00298380 0.00280066 0.00256333 0.00227373 0.00193940 0.00157697 0.00121002 0.00086514 0.00026384 -0.00009053 -0.00004166 -0.00000272 -0.00000781 -0.00000152 0.00000025 0.00028574 0.00330322 0.00170026 0.24577226 20.38494 
0.270 0.00986629 5 -7270818.20 192360.46 615603.18 555932.16 -919863.44 -7714850.56 -683275182.71 0.00072850 0.00986629 0.00756464 0.00249617 0.00137159 0.00306842 0.00318481 0.00322288 0.00321964 0.00317414 0.00308485 0.00294985 0.00276708 0.00253520 0.00225523 0.00193307 0.00158124 0.00122206 0.00048530 -0.00007579 -0.00006596 -0.00000915 -0.00000677 -0.00000080 0.00000037 0.00031519 0.00362066 0.00186472 0.27476333 22.93306 
0.300 0.01121121 5 -6385970.52 460527.56 1029387.20 851199.16 -896349.99 -7830734.45 -662808735.35 -0.00018199 0.01121121 0.00967111 0.00253350 0.00123465 0.00253782 0.00261163 0.00263292 0.00263036 0.00260291 0.00254880 0.00246553 0.00235005 0.00219932 0.00201141 0.00178641 0.00152685 0.00124205 0.00056624 -0.00005091 -0.00007583 -0.00001342 -0.00000598 -0.00000028 0.00000040 0.00027485 0.00401526 0.00202827 0.30609486 25.48117 
0.330 0.01303046 5 -5441288.29 772194.66 1590212.55 893243.85 -872310.02 -7824629.33 -640539146.77 -0.00119848 0.01303046 0.01171937 0.00271382 0.00112943 0.00169367 0.00170155 0.00168869 0.00166969 0.00164356 0.00160844 0.00156171 0.00149995 0.00141941 0.00131684 0.00119018 0.00103838 0.00086279 0.00039574 -0.00006533 -0.00006727 -0.00001042 -0.00000615 -0.00000060 0.00000030 0.00017675 0.00446528 0.00218711 0.33381725 28.02929 
0.360 0.01474194 5 -5065233.69 918882.32 1795865.88 902138.12 -736957.56 -7945162.44 -634208973.75 -0.00170337 0.01474194 0.01284287 0.00261950 0.00109248 0.00134806 0.00132940 0.00130268 0.00127658 0.00125013 0.00122151 0.00118816 0.00114674 0.00109337 0.00102431 0.00093655 0.00082787 0.00069761 0.00032224 -0.00007713 -0.00007141 -0.00001080 -0.00000610 -0.00000070 0.00000017 0.00013535 0.00474359 0.00229558 0.34690476 30.57741 
0.390 0.01411888 5 -4191574.01 1074962.05 2095116.30 1086598.13 -732337.43 -7715913.07 -594863950.89 -0.00171421 0.01411888 0.01249589 0.00230604 0.00090559 0.00063147 0.00056738 0.00051682 0.00047880 0.00045237 0.00043573 0.00042636 0.00042097 0.00041591 0.00040706 0.00039009 0.00036102 0.00031658 0.00013834 -0.00009342 -0.00006308 -0.00000770 -0.00000589 -0.00000081 0.00000017 0.00004931 0.00446670 0.00212008 0.31793548 33.12553 
0.420 0.01478054 4 3217322.42 -1138307.97 -1232455.47 -2827627.90 1526185.72 6889528.05 514849834.76 0.00433886 -0.01314520 -0.01478054 -0.00397745 -0.00153170 -0.00095078 -0.00088418 -0.00084120 -0.00081528 -0.00080511 -0.00080859 -0.00082301 -0.00084505 -0.00087088 -0.00089633 -0.00091701 -0.00092856 -0.00092663 -0.00079299 -0.00028058 0.00003455 0.00003526 0.00000190 -0.00000214 -0.00000152 -0.00014014 -0.00513571 -0.00248194 -0.42538442 35.67364 
0.450 0.01635180 5 1601194.35 -1935717.41 -457649.19 -3112430.08 -14822.85 7121813.87 432120445.84 0.00564302 -0.01549456 -0.01585903 -0.00378920 -0.00172346 -0.00006189 0.00011731 0.00022606 0.00029816 0.00033494 0.00033859 0.00031198 0.00025864 0.00018271 0.00008873 -0.00001822 -0.00013284 -0.00024942 -0.00044986 -0.00029958 -0.00000355 0.00003044 0.00000263 -0.00000150 -0.00000113 -0.00001146 -0.00540149 -0.00253818 -0.43205756 38.22176 
0.480 0.01716992 5 1628365.83 -2234977.41 -129011.73 -3020238.05 -4734.82 7017327.83 438301511.04 0.00667999 -0.01628036 -0.01670218 -0.00397417 -0.00220458 -0.00054306 -0.00034727 -0.00022345 -0.00013451 -0.00007918 -0.00005529 -0.00005999 -0.00008976 -0.00014052 -0.00020774 -0.00028628 -0.00037057 -0.00045517 -0.00058672 -0.00035281 0.00000360 0.00003924 0.00000237 -0.00000226 -0.00000111 -0.00005913 -0.00572300 -0.00271422 -0.47169768 40.76988 
0.510 0.01721383 4 2846051.38 -1810147.44 -477445.09 -2684335.06 1104923.42 6713055.56 499150032.90 0.00784416 -0.01579564 -0.01721383 -0.00509141 -0.00275713 -0.00187060 -0.00176583 -0.00169090 -0.00163354 -0.00159243 -0.00156543 -0.00154972 -0.00154181 -0.00153777 -0.00153324 -0.00152303 -0.00150112 -0.00146208 -0.00123116 -0.00049887 0.00004788 0.00006458 0.00000065 -0.00000460 -0.00000125 -0.00024704 -0.00611274 -0.00299674 -0.54379281 43.31799 
0.540 0.01871602 4 2376211.68 -2391993.14 -128209.10 -2515343.46 803151.35 6608606.03 487230345.23 0.00910764 -0.01711752 -0.01871602 -0.00574285 -0.00278687 -0.00138143 -0.00123949 -0.00114630 -0.00107872 -0.00103540 -0.00101410 -0.00101185 -0.00102507 -0.00104986 -0.00108205 -0.00111593 -0.00114376 -0.00115881 -0.00108053 -0.00054082 0.00001775 0.00006739 0.00000230 -0.00000532 -0.00000227 -0.00018766 -0.00653938 -0.00316519 -0.58002826 45.86611 
0.570 0.01922317 4 2209950.26 -2647737.84 -129423.52 -2350445.24 814187.87 6523368.99 488894870.23 0.00956465 -0.01744936 -0.01922317 -0.00618227 -0.00282362 -0.00107621 -0.00091607 -0.00081510 -0.00074376 -0.00070072 -0.00068371 -0.00068972 -0.00071516 -0.00075621 -0.00080891 -0.00086729 -0.00092333 -0.00096955 -0.00098406 -0.00056962 0.00000378 0.00007264 0.00000113 -0.00000559 -0.00000138 -0.00015129 -0.00672860 -0.00323458 -0.59592938 48.41423 
0.600 0.01966539 4 2034669.94 -2954958.56 -208253.53 -2155008.88 924608.65 6428282.26 495954084.31 0.00963669 -0.01784272 -0.01966539 -0.00621715 -0.00277219 -0.00065336 -0.00045715 -0.00033427 -0.00024624 -0.00019183 -0.00016893 -0.00017470 -0.00020573 -0.00025860 -0.00032968 -0.00041331 -0.00050176 -0.00058718 -0.00073475 -0.00054501 -0.00001888 0.00007204 0.00000140 -0.00000628 -0.00000218 -0.00008604 -0.00682953 -0.00324723 -0.59593074 50.96235 
0.630 0.02025675 4 2120374.92 -3055416.49 -260222.19 -1962048.18 1053354.84 6344706.94 506366365.57 0.00977421 -0.01838455 -0.02025675 -0.00634318 -0.00265165 -0.00054487 -0.00035198 -0.00023195 -0.00014686 -0.00009561 -0.00007615 -0.00008580 -0.00012141 -0.00018006 -0.00025912 -0.00035344 -0.00045374 -0.00055061 -0.00072911 -0.00061015 -0.00004752 0.00008177 0.00000074 -0.00000741 -0.00000214 -0.00007977 -0.00697195 -0.00331066 -0.60530036 53.51046 
0.660 0.02098477 4 3170126.69 -909659.38 -1826472.81 -1536446.04 1139766.47 6302938.44 486822040.72 0.00994646 -0.01960038 -0.02098477 -0.00640990 -0.00203796 -0.00182722 -0.00183870 -0.00186005 -0.00189286 -0.00193559 -0.00198591 -0.00204088 -0.00209728 -0.00215242 -0.00220411 -0.00224660 -0.00226945 -0.00226287 -0.00204982 -0.00113997 -0.00014433 0.00008570 0.00000347 -0.00000812 -0.00000305 -0.00036771 -0.00705133 -0.00350083 -0.63374261 56.05858 
0.690 0.02185547 4 3057527.31 -1008913.53 -1822354.36 -1619541.98 1114324.10 6394013.08 488435892.43 0.01063570 -0.02040069 -0.02185547 -0.00718560 -0.00221245 -0.00160847 -0.00160051 -0.00161009 -0.00163454 -0.00167235 -0.00172112 -0.00177788 -0.00183958 -0.00190427 -0.00197064 -0.00203215 -0.00207614 -0.00209125 -0.00194053 -0.00113368 -0.00015679 0.00008507 0.00000412 -0.00000789 -0.00000296 -0.00033599 -0.00745491 -0.00367317 -0.66850347 58.60670 
0.720 0.02232422 4 2966130.02 -1079985.31 -1779536.62 -1706040.35 1097113.30 6434578.99 487337928.10 0.01101009 -0.02091266 -0.02232422 -0.00744011 -0.00236971 -0.00156889 -0.00154416 -0.00154241 -0.00155749 -0.00158784 -0.00163106 -0.00168415 -0.00174440 -0.00181125 -0.00188475 -0.00195696 -0.00201244 -0.00203758 -0.00190741 -0.00113125 -0.00015258 0.00008938 0.00000412 -0.00000818 -0.00000290 -0.00032522 -0.00766117 -0.00376414 -0.68632025 61.15482 
0.750 0.02352538 5 8989004.67 613466.08 244322.18 -77123.62 771715.66 7436624.37 701788262.83 0.01019511 -0.02210788 -0.02242728 -0.00821850 -0.00211893 -0.00696226 -0.00745267 -0.00777034 -0.00801200 -0.00817623 -0.00826111 -0.00826432 -0.00818466 -0.00802524 -0.00779061 -0.00747488 -0.00706181 -0.00654123 -0.00479996 -0.00178463 -0.00011197 0.00011899 0.00000471 -0.00001093 -0.00000412 -0.00115999 -0.00809833 -0.00441252 -0.79330275 63.70293 
0.780 0.02299597 5 9155635.35 712230.50 355865.72 -93025.23 723118.41 7457445.96 702872691.09 0.01085972 -0.02155061 -0.02232418 -0.00922279 -0.00245542 -0.00722808 -0.00773347 -0.00805852 -0.00830404 -0.00846864 -0.00855044 -0.00854726 -0.00845869 -0.00829094 -0.00805208 -0.00773549 -0.00731820 -0.00678318 -0.00497421 -0.00184806 -0.00011663 0.00012252 0.00000469 -0.00001126 -0.00000418 -0.00120119 -0.00830084 -0.00452934 -0.82791358 66.25105 
0.810 0.02177437 5 9306436.51 736281.85 533951.74 -92518.14 658123.77 7470597.29 704910472.28 0.01146113 -0.02033354 -0.02171821 -0.01029496 -0.00298666 -0.00752646 -0.00803264 -0.00835458 -0.00859461 -0.00875130 -0.00882264 -0.00880653 -0.00870388 -0.00852508 -0.00828318 -0.00797043 -0.00755653 -0.00701622 -0.00515395 -0.00192698 -0.00012408 0.00012880 0.00000473 -0.00001185 -0.00000431 -0.00124157 -0.00842881 -0.00461078 -0.86021314 68.79917 
0.840 0.02041989 4 -4496727.58 -4510629.01 -4450456.76 -1899067.25 2065170.80 4298254.64 273865857.65 0.01071738 -0.01438113 -0.02041989 -0.00946941 -0.00163007 0.00833403 0.00905311 0.00946945 0.00971638 0.00979506 0.00970801 0.00945811 0.00904469 0.00845708 0.00768843 0.00676859 0.00576677 0.00476307 0.00255481 0.00022115 -0.00025488 -0.00007260 0.00001315 0.00001079 0.00000206 0.00106327 -0.00679901 -0.00262238 -0.51346162 71.34729 
0.870 0.01949560 4 9252609.28 539815.80 659664.85 -11330.41 586664.28 7477794.76 708243606.43 0.01248440 -0.01640900 -0.01949560 -0.01335184 -0.00444787 -0.00759832 -0.00805706 -0.00834345 -0.00855319 -0.00868479 -0.00873617 -0.00870555 -0.00859714 -0.00843181 -0.00823284 -0.00798536 -0.00764439 -0.00716933 -0.00535972 -0.00207459 -0.00015423 0.00013800 0.00000517 -0.00001275 -0.00000452 -0.00125346 -0.00870615 -0.00474710 -0.92946967 73.89540 
0.900 0.01945479 4 8865103.82 386869.86 439166.45 -33956.71 761305.17 7311719.04 698154078.41 0.01350363 -0.01569903 -0.01945479 -0.01450143 -0.00523707 -0.00749303 -0.00789076 -0.00813466 -0.00830916 -0.00841277 -0.00844339 -0.00839948 -0.00828736 -0.00813425 -0.00796782 -0.00776795 -0.00748385 -0.00706818 -0.00535404 -0.00210947 -0.00015863 0.00014275 0.00000490 -0.00001306 -0.00000434 -0.00122700 -0.00903697 -0.00488813 -0.97402961 76.44352 
0.930 0.02001221 4 8405625.64 277824.43 190892.66 -102123.28 936332.77 7102699.06 681199125.26 0.01492539 -0.01561329 -0.02001221 -0.01559727 -0.00609752 -0.00750284 -0.00783666 -0.00803535 -0.00817128 -0.00824294 -0.00824824 -0.00818599 -0.00806526 -0.00792035 -0.00778093 -0.00762130 -0.00738639 -0.00702154 -0.00540097 -0.00219781 -0.00018771 0.00014542 0.00000529 -0.00001311 -0.00000417 -0.00121593 -0.00950789 -0.00510301 -1.03232866 78.99164 
0.960 0.01969657 4 7919846.75 197812.27 -41585.38 -177917.41 1065582.55 6875954.73 659571670.50 0.01594507 -0.01452792 -0.01969657 -0.01642147 -0.00701496 -0.00750256 -0.00776061 -0.00790321 -0.00798872 -0.00801563 -0.00798187 -0.00788677 -0.00774267 -0.00759194 -0.00746663 -0.00734020 -0.00715195 -0.00683266 -0.00529155 -0.00215563 -0.00017163 0.00014784 0.00000458 -0.00001317 -0.00000388 -0.00118164 -0.00971318 -0.00518102 -1.06780795 81.53976 
0.990 0.01980076 4 7551172.59 183658.52 -199120.03 -303519.37 1122766.04 6747387.43 641054987.61 0.01697317 -0.01416633 -0.01980076 -0.01699436 -0.00779786 -0.00765123 -0.00785436 -0.00795597 -0.00800424 -0.00799770 -0.00793427 -0.00781369 -0.00765122 -0.00749576 -0.00738147 -0.00728408 -0.00713592 -0.00685280 -0.00535566 -0.00221226 -0.00017820 0.00015421 0.00000426 -0.00001363 -0.00000371 -0.00118342 -0.00996664 -0.00530079 -1.10554343 84.08787 
1.020 0.01967787 4 7279143.00 205918.39 -297302.18 -414563.86 1149566.60 6635524.05 624465187.78 0.01805893 -0.01358015 -0.01967787 -0.01747852 -0.00878973 -0.00812444 -0.00827661 -0.00833767 -0.00834671 -0.00830225 -0.00820231 -0.00804712 -0.00785484 -0.00768058 -0.00756121 -0.00747483 -0.00734471 -0.00707661 -0.00556276 -0.00231275 -0.00018030 0.00016567 0.00000363 -0.00001457 -0.00000359 -0.00122558 -0.01019778 -0.00543153 -1.14787987 86.63599 
1.050 0.01948853 4 7047354.68 204101.88 -405613.34 -456545.36 1189006.75 6516404.74 611446771.33 0.01900078 -0.01287901 -0.01948853 -0.01801782 -0.00962100 -0.00848216 -0.00859759 -0.00862994 -0.00861172 -0.00854150 -0.00841732 -0.00823990 -0.00803027 -0.00784884 -0.00773462 -0.00766691 -0.00756054 -0.00731585 -0.00580875 -0.00247476 -0.00022118 0.00016949 0.00000425 -0.00001477 -0.00000353 -0.00126895 -0.01038281 -0.00554131 -1.18520091 89.18411 
1.080 0.01928570 3 12072009.82 263254.77 1431799.25 3053200.73 1655004.19 5668750.88 813601072.55 0.01836114 -0.00045490 -0.01154498 -0.01918067 -0.01231921 -0.01409694 -0.01443167 -0.01453743 -0.01449728 -0.01431186 -0.01398251 -0.01351476 -0.01293804 -0.01232398 -0.01172115 -0.01111820 -0.01044318 -0.00962884 -0.00691339 -0.00246157 -0.00008605 0.00019717 0.00000240 -0.00001798 -0.00000473 -0.00185158 -0.00898048 -0.00519344 -1.21069642 91.73222 
1.110 0.01954799 3 11968066.36 166002.24 1452423.52 3144746.21 1673351.88 5531542.50 808370589.60 0.01870132 0.00126863 -0.01042667 -0.01943321 -0.01308024 -0.01454456 -0.01485195 -0.01493514 -0.01487239 -0.01466446 -0.01431291 -0.01382356 -0.01322711 -0.01259834 -0.01198994 -0.01139051 -0.01072158 -0.00991372 -0.00717571 -0.00261738 -0.00012685 0.00020029 0.00000316 -0.00001826 -0.00000484 -0.00190666 -0.00886873 -0.00517032 -1.22361015 94.28034 
1.140 0.01982400 3 11768385.58 41152.40 1445705.15 3238013.09 1704148.00 5339366.93 798486751.65 0.01905169 0.00322364 -0.00920498 -0.01969733 -0.01384518 -0.01489901 -0.01517512 -0.01523401 -0.01514798 -0.01491787 -0.01454544 -0.01403709 -0.01342584 -0.01278972 -0.01218303 -0.01159031 -0.01092863 -0.01012935 -0.00737907 -0.00273528 -0.00015349 0.00020481 0.00000347 -0.00001873 -0.00000495 -0.00194721 -0.00871633 -0.00512041 -1.23338706 96.82846 
