0.001 0.00011722 4 74249.81 -389.49 5980.30 7958.35 8244.45 52456.20 5722652.53 0.00000246 -0.00004770 -0.00011722 -0.00003462 -0.00000073 0.00004177 0.00004605 0.00004290 0.00003853 0.00003341 0.00002778 0.00002206 0.00001665 0.00001178 0.00000747 0.00000368 0.00000041 -0.00000236 -0.00000442 0.00000064 0.00001003 -0.00000017 -0.00001043 -0.00000155 0.00000179 0.00000298 -0.00003591 -0.00001525 -0.00267940 0.09070 
0.030 0.00179876 5 1916464.38 -41535.21 15877.24 101659.74 193433.91 1647028.69 161830088.81 -0.00050358 -0.00172830 -0.00095698 -0.00061991 -0.00036601 -0.00034270 -0.00032981 -0.00030920 -0.00027744 -0.00023702 -0.00019212 -0.00014783 -0.00010736 -0.00007266 -0.00004477 -0.00002387 -0.00000948 -0.00000066 0.00000606 0.00000412 0.00000267 -0.00000318 -0.00000738 -0.00000322 -0.00000149 -0.00001656 -0.00068604 -0.00033039 -0.04452673 2.72096 
0.060 0.00323183 5 3581594.81 -129258.33 20468.66 256548.71 400226.03 3033609.74 304513194.57 -0.00086864 -0.00315722 -0.00169219 -0.00115882 -0.00070317 -0.00080899 -0.00080364 -0.00077480 -0.00072280 -0.00065039 -0.00056204 -0.00046393 -0.00036352 -0.00026908 -0.00018592 -0.00011728 -0.00006451 -0.00002697 0.00001291 0.00001446 -0.00000034 -0.00000452 -0.00000364 -0.00000334 -0.00000323 -0.00004783 -0.00125616 -0.00061427 -0.08395964 5.44192 
0.090 0.00453670 5 5037669.68 -186340.04 -43144.91 392306.02 595849.75 4278998.86 431148035.33 -0.00119590 -0.00446006 -0.00235737 -0.00164353 -0.00099529 -0.00128788 -0.00130142 -0.00127648 -0.00121836 -0.00112902 -0.00101265 -0.00087560 -0.00072597 -0.00057315 -0.00042736 -0.00029651 -0.00018765 -0.00010365 0.00000206 0.00002914 0.00000083 -0.00000492 -0.00000010 -0.00000304 -0.00000428 -0.00008785 -0.00176871 -0.00087580 -0.12052795 8.16288 
0.120 0.00569816 5 6303581.81 -135118.95 -188470.34 440921.34 775702.38 5410547.38 539891986.65 -0.00144296 -0.00562021 -0.00293665 -0.00202437 -0.00121013 -0.00198453 -0.00205066 -0.00205842 -0.00202366 -0.00194631 -0.00182730 -0.00166843 -0.00147465 -0.00125450 -0.00101899 -0.00078250 -0.00056208 -0.00037240 -0.00008388 0.00005402 0.00001394 -0.00000335 0.00000268 -0.00000260 -0.00000480 -0.00016662 -0.00219516 -0.00111755 -0.15538806 10.88383 
0.150 0.00670129 5 -7931727.90 34282.85 -321351.41 -550370.50 -823410.52 -6270878.31 -639238469.37 0.00190938 0.00670129 0.00327703 0.00239982 0.00162215 0.00251260 0.00254650 0.00248841 0.00236372 0.00217616 0.00193324 0.00164411 0.00132361 0.00099280 0.00067574 0.00039525 0.00017065 0.00001252 -0.00012440 -0.00007458 0.00000475 0.00000577 -0.00000899 -0.00000229 0.00000026 0.00015492 0.00265142 0.00132522 0.18167390 13.60479 
0.180 0.00775391 5 -9027278.68 91304.76 -281743.02 -682044.41 -978230.93 -7176565.08 -734147863.63 0.00204864 0.00775391 0.00389469 0.00274780 0.00183683 0.00332109 0.00341020 0.00338716 0.00328812 0.00311484 0.00287155 0.00256306 0.00219931 0.00179805 0.00138351 0.00098391 0.00062660 0.00033371 -0.00003822 -0.00011584 -0.00001361 0.00000531 -0.00000944 -0.00000217 0.00000073 0.00024560 0.00305695 0.00156350 0.21798884 16.32575 
0.210 0.00886138 5 -5623994.85 409550.47 1261120.76 869058.52 -484139.89 -7679584.71 -612272311.47 0.00263586 0.00886138 0.00452462 0.00240722 0.00124598 0.00109091 0.00111166 0.00111151 0.00110298 0.00108508 0.00105618 0.00101415 0.00095656 0.00088102 0.00078580 0.00067064 0.00053815 0.00039736 0.00011829 -0.00005250 -0.00001828 -0.00000196 -0.00000953 -0.00000293 -0.00000094 0.00010574 0.00304438 0.00148331 0.18693078 19.04671 
0.240 0.01003924 5 -5416282.90 563818.66 1572191.81 1295908.13 -674332.64 -8173868.86 -636176847.62 0.00220288 0.01003924 0.00604491 0.00256614 0.00123512 0.00081423 0.00080764 0.00079498 0.00078241 0.00076889 0.00075265 0.00073130 0.00070199 0.00066156 0.00060693 0.00053561 0.00044614 0.00034099 0.00009134 -0.00008017 -0.00002692 -0.00000122 -0.00000922 -0.00000252 -0.00000046 0.00007629 0.00343747 0.00165193 0.21516883 21.76767 
0.270 0.01086490 5 -3421079.05 1792482.32 1915370.39 1759192.79 100136.80 -8988261.35 -613961357.94 0.00425808 0.01086490 0.00486187 0.00269732 0.00125618 -0.00204720 -0.00225227 -0.00236867 -0.00242636 -0.00242623 -0.00237021 -0.00226107 -0.00210250 -0.00189934 -0.00165955 -0.00139869 -0.00113283 -0.00087909 -0.00040446 -0.00001755 0.00004844 0.00000851 -0.00001367 -0.00000471 -0.00000088 -0.00023910 0.00350757 0.00151725 0.15866709 24.48863 
0.300 0.01161529 5 -4159817.80 1783605.72 1569670.48 1752444.13 175379.72 -9440917.84 -658678855.89 0.00438461 0.01161529 0.00529257 0.00281030 0.00140489 -0.00165396 -0.00185162 -0.00197342 -0.00204497 -0.00206713 -0.00204179 -0.00197170 -0.00186046 -0.00171261 -0.00153355 -0.00132982 -0.00110945 -0.00088620 -0.00043260 -0.00005602 0.00003472 0.00000931 -0.00001376 -0.00000479 -0.00000084 -0.00021507 0.00376057 0.00164862 0.17678545 27.20958 
0.330 0.01208713 5 -4713954.88 1836333.68 1191938.07 1832986.03 -20149.29 -9555063.36 -689815501.75 0.00434499 0.01208713 0.00585538 0.00285902 0.00147946 -0.00122121 -0.00139803 -0.00151008 -0.00157921 -0.00160635 -0.00159348 -0.00154340 -0.00145983 -0.00134736 -0.00121126 -0.00105726 -0.00089140 -0.00072092 -0.00036229 -0.00008021 0.00000749 0.00000548 -0.00001359 -0.00000441 -0.00000069 -0.00017112 0.00395703 0.00176406 0.19600550 29.93054 
0.360 0.01194923 5 -5444940.54 1686879.59 705400.12 1739824.14 -133568.14 -9443476.26 -708453614.41 0.00404108 0.01194923 0.00602164 0.00285768 0.00135245 -0.00044047 -0.00053831 -0.00060035 -0.00063571 -0.00064548 -0.00063169 -0.00059719 -0.00054570 -0.00048172 -0.00041030 -0.00033669 -0.00026620 -0.00020392 -0.00011484 -0.00009366 -0.00003114 -0.00000182 -0.00001268 -0.00000358 -0.00000054 -0.00006642 0.00391487 0.00179992 0.20773633 32.65150 
0.390 0.01207659 4 6832110.75 -614696.43 -1672170.24 945078.35 1741486.22 6432412.85 677326627.69 0.00565996 -0.00884013 -0.01207659 -0.00532120 -0.00310471 -0.00531553 -0.00552047 -0.00564365 -0.00573049 -0.00577946 -0.00578831 -0.00575430 -0.00567440 -0.00554546 -0.00536400 -0.00512568 -0.00482545 -0.00445996 -0.00325216 -0.00113799 -0.00000546 0.00010254 0.00000305 -0.00000912 -0.00000365 -0.00080113 -0.00494452 -0.00274345 -0.52515508 35.37246 
0.420 0.01278708 4 5637283.74 -941145.28 -2173148.88 664061.43 1836628.59 6250887.88 637639273.16 0.00685564 -0.00907302 -0.01278708 -0.00600080 -0.00375606 -0.00465789 -0.00474348 -0.00479161 -0.00482317 -0.00483669 -0.00482985 -0.00479979 -0.00474326 -0.00465679 -0.00453658 -0.00437787 -0.00417486 -0.00392216 -0.00301643 -0.00119335 -0.00005341 0.00009770 0.00000359 -0.00000887 -0.00000373 -0.00069925 -0.00532311 -0.00286681 -0.56048447 38.09342 
0.450 0.01259545 4 5165997.12 -1086988.56 -2274384.14 644504.06 1827869.35 6054996.39 615700869.03 0.00757063 -0.00826038 -0.01259545 -0.00665447 -0.00413251 -0.00447445 -0.00452675 -0.00455395 -0.00457031 -0.00457437 -0.00456387 -0.00453594 -0.00448716 -0.00441378 -0.00431172 -0.00417633 -0.00400227 -0.00378494 -0.00298031 -0.00125479 -0.00008701 0.00009555 0.00000394 -0.00000872 -0.00000367 -0.00067503 -0.00539811 -0.00288910 -0.57921791 40.81438 
0.480 0.01179017 5 -7831136.71 787511.86 79740.90 857214.72 -282242.78 -9273361.42 -771801864.67 0.00322785 0.01179017 0.00661935 0.00263402 0.00136230 0.00238153 0.00249745 0.00256104 0.00259805 0.00260852 0.00259221 0.00254856 0.00247652 0.00237432 0.00223975 0.00207078 0.00186592 0.00162498 0.00091853 0.00003643 -0.00011334 -0.00002933 -0.00000969 -0.00000041 0.00000009 0.00030431 0.00392448 0.00200136 0.25775344 43.53533 
0.510 0.01220810 4 4307320.77 -1515381.22 -2335451.76 802929.75 1859596.15 5495627.85 575430615.49 0.00976144 -0.00561623 -0.01218465 -0.00978222 -0.00514572 -0.00393730 -0.00392680 -0.00391443 -0.00390226 -0.00388891 -0.00387219 -0.00384926 -0.00381676 -0.00377111 -0.00370833 -0.00362333 -0.00350973 -0.00336122 -0.00276173 -0.00127954 -0.00011374 0.00009591 0.00000364 -0.00000879 -0.00000346 -0.00059705 -0.00587857 -0.00307291 -0.66071068 46.25629 
0.540 0.01285582 3 5959939.69 -1614155.72 -1130155.61 2803524.63 1901521.94 3999204.46 591811156.27 0.01120283 -0.00086602 -0.00977158 -0.01285582 -0.00546518 -0.00562249 -0.00584327 -0.00598593 -0.00609603 -0.00617230 -0.00621281 -0.00621502 -0.00617597 -0.00609261 -0.00596167 -0.00577859 -0.00553723 -0.00523178 -0.00412095 -0.00180609 -0.00018865 0.00011419 0.00000430 -0.00001195 -0.00000504 -0.00092670 -0.00566044 -0.00314576 -0.72866863 48.97725 
0.570 0.01482665 3 5735578.03 -1923759.16 -1187233.53 2896499.05 1943612.84 4006458.83 598073722.90 0.01251803 -0.00002675 -0.01006441 -0.01482665 -0.00611940 -0.00537755 -0.00556723 -0.00569195 -0.00578896 -0.00585698 -0.00589405 -0.00589760 -0.00586466 -0.00579226 -0.00567723 -0.00551488 -0.00529844 -0.00502125 -0.00398673 -0.00176314 -0.00017860 0.00011561 0.00000415 -0.00001196 -0.00000494 -0.00088600 -0.00616472 -0.00336054 -0.79201341 51.69821 
0.600 0.01640521 3 5853180.21 -1926862.27 -1100116.93 3219675.25 1990249.35 3670234.80 592121869.10 0.01361658 0.00207992 -0.00924319 -0.01640521 -0.00675569 -0.00579208 -0.00599493 -0.00612459 -0.00621932 -0.00627829 -0.00630000 -0.00628239 -0.00622308 -0.00611981 -0.00597017 -0.00576991 -0.00551223 -0.00519033 -0.00403690 -0.00169096 -0.00012825 0.00012385 0.00000295 -0.00001281 -0.00000506 -0.00092295 -0.00626630 -0.00342779 -0.83467671 54.41917 
0.630 0.01746232 3 5818373.28 -1640919.32 -1232558.91 3515935.71 2093520.59 3082395.21 560805633.05 0.01430751 0.00329624 -0.00860376 -0.01746232 -0.00696080 -0.00583134 -0.00604497 -0.00617602 -0.00626524 -0.00631230 -0.00631647 -0.00627666 -0.00619164 -0.00606047 -0.00588214 -0.00565335 -0.00536722 -0.00501670 -0.00380530 -0.00149244 -0.00008122 0.00011593 0.00000237 -0.00001219 -0.00000506 -0.00090062 -0.00626335 -0.00341454 -0.84997677 57.14013 
0.660 0.01847294 3 5755568.92 -895540.85 -1708895.76 3443444.89 2123214.68 2793345.96 520742535.90 0.01469723 0.00426925 -0.00812116 -0.01847294 -0.00680985 -0.00571305 -0.00596542 -0.00612008 -0.00622768 -0.00628791 -0.00630006 -0.00626304 -0.00617565 -0.00603724 -0.00584721 -0.00560282 -0.00529708 -0.00492108 -0.00363510 -0.00131670 -0.00003802 0.00010856 0.00000173 -0.00001164 -0.00000505 -0.00088076 -0.00622357 -0.00338534 -0.85679435 59.86108 
0.690 0.01823517 3 5189600.49 -551155.42 -2046676.43 3242747.84 1986114.99 2558569.51 470248363.17 0.01431660 0.00484098 -0.00712071 -0.01823517 -0.00690744 -0.00537110 -0.00558425 -0.00571049 -0.00579519 -0.00583784 -0.00583751 -0.00579294 -0.00570297 -0.00556751 -0.00538726 -0.00515952 -0.00487575 -0.00452574 -0.00331570 -0.00115321 -0.00001500 0.00009872 0.00000138 -0.00001076 -0.00000486 -0.00081028 -0.00598166 -0.00323450 -0.82796111 62.58204 
0.720 0.01981777 3 5141847.74 -906052.40 -2608950.66 3918516.13 2151041.53 2587293.14 502287245.08 0.01776486 0.00558039 -0.00710532 -0.01981777 -0.01046997 -0.00784445 -0.00789377 -0.00788361 -0.00783037 -0.00773303 -0.00759014 -0.00739979 -0.00716042 -0.00687215 -0.00653619 -0.00615020 -0.00570566 -0.00519355 -0.00359393 -0.00100899 0.00017019 0.00014387 -0.00000653 -0.00001486 -0.00000392 -0.00098320 -0.00705294 -0.00382855 -0.98928560 65.30300 
0.750 0.02069249 3 3690983.08 -1424331.26 -2863072.05 4335817.78 2315281.59 1327287.01 418574555.61 0.01825993 0.00721119 -0.00633259 -0.02069249 -0.01006472 -0.00630052 -0.00628907 -0.00624730 -0.00617885 -0.00608278 -0.00595765 -0.00580165 -0.00561355 -0.00539414 -0.00514537 -0.00486444 -0.00454164 -0.00416605 -0.00292593 -0.00080803 0.00016578 0.00012480 -0.00000635 -0.00001288 -0.00000332 -0.00077867 -0.00674129 -0.00357380 -0.95856027 68.02396 
0.780 0.02128816 3 2339811.52 -1644817.03 -3271205.16 4713432.67 2460100.77 82300.27 328436490.00 0.01819453 0.00894973 -0.00565863 -0.02128816 -0.00905043 -0.00435535 -0.00432144 -0.00427651 -0.00422007 -0.00415118 -0.00406833 -0.00396970 -0.00385426 -0.00372366 -0.00358098 -0.00342310 -0.00323855 -0.00301315 -0.00217784 -0.00059310 0.00016403 0.00010635 -0.00000611 -0.00001097 -0.00000281 -0.00054342 -0.00624043 -0.00321405 -0.90199662 70.74492 
0.810 0.02173829 3 1640160.72 -1682406.75 -3569957.46 4959605.46 2431787.72 -498868.24 279965030.62 0.01790637 0.00913556 -0.00582549 -0.02173829 -0.00798457 -0.00278473 -0.00275947 -0.00273102 -0.00270066 -0.00266735 -0.00262953 -0.00258528 -0.00253386 -0.00247793 -0.00242191 -0.00236272 -0.00228775 -0.00217928 -0.00165100 -0.00046347 0.00015940 0.00009693 -0.00000587 -0.00000998 -0.00000257 -0.00036786 -0.00603279 -0.00302345 -0.86325348 73.46588 
0.840 0.02208377 3 1151545.48 -1595602.04 -3786660.53 5201671.25 2338756.33 -1006619.53 235723585.71 0.01780231 0.00891008 -0.00579685 -0.02208377 -0.00737218 -0.00182897 -0.00180807 -0.00178854 -0.00177271 -0.00175953 -0.00174736 -0.00173434 -0.00172008 -0.00170850 -0.00170539 -0.00170826 -0.00170350 -0.00167024 -0.00133503 -0.00039524 0.00015474 0.00009325 -0.00000579 -0.00000953 -0.00000240 -0.00026089 -0.00592941 -0.00291816 -0.83984168 76.18683 
0.870 0.02256991 3 712738.67 -1678992.64 -3690945.67 5370209.23 2273112.79 -1560645.05 194897075.56 0.01820031 0.00888379 -0.00554651 -0.02256991 -0.00739812 -0.00141886 -0.00137857 -0.00134739 -0.00132362 -0.00130620 -0.00129352 -0.00128376 -0.00127703 -0.00127862 -0.00129604 -0.00132788 -0.00135932 -0.00136637 -0.00112926 -0.00032225 0.00016584 0.00009191 -0.00000602 -0.00000934 -0.00000225 -0.00020123 -0.00594872 -0.00289552 -0.83983523 78.90779 
0.900 0.02301462 3 8457954.72 -3083516.11 2447354.77 2596690.03 1729550.97 4767875.05 742639559.29 0.02209734 0.00368324 -0.01057620 -0.02281209 -0.01602960 -0.01284659 -0.01272292 -0.01252009 -0.01223774 -0.01187543 -0.01143240 -0.01090798 -0.01030406 -0.00962900 -0.00889482 -0.00810584 -0.00725483 -0.00633651 -0.00384963 -0.00055196 0.00048264 0.00019869 -0.00001370 -0.00001863 -0.00000321 -0.00133317 -0.00999353 -0.00539294 -1.32847437 81.62875 
0.930 0.02412745 3 7968246.64 -3589661.88 2545639.33 2623155.62 1652727.09 4736386.48 737988352.01 0.02312011 0.00383012 -0.01085320 -0.02390633 -0.01678913 -0.01254019 -0.01233988 -0.01208749 -0.01176772 -0.01138016 -0.01092402 -0.01039867 -0.00980648 -0.00915727 -0.00846479 -0.00773321 -0.00695153 -0.00610601 -0.00375845 -0.00056134 0.00046772 0.00019494 -0.00001335 -0.00001824 -0.00000315 -0.00128112 -0.01041240 -0.00556165 -1.37387116 84.34971 
0.960 0.02533292 3 7412478.32 -4094117.07 2573302.68 2680789.60 1544460.79 4708042.32 730832451.55 0.02414647 0.00374635 -0.01132678 -0.02508756 -0.01739479 -0.01200763 -0.01173215 -0.01143334 -0.01108057 -0.01067344 -0.01021110 -0.00969298 -0.00912199 -0.00850958 -0.00787175 -0.00721306 -0.00651920 -0.00576822 -0.00361280 -0.00056475 0.00044973 0.00018997 -0.00001288 -0.00001773 -0.00000307 -0.00120566 -0.01085924 -0.00573103 -1.41757690 87.07067 
0.990 0.02646871 3 7041322.09 -4510397.25 2628459.74 2760354.31 1521063.45 4641841.85 728634777.92 0.02508721 0.00403032 -0.01157608 -0.02619144 -0.01803762 -0.01171541 -0.01137761 -0.01103745 -0.01065241 -0.01022212 -0.00974576 -0.00922284 -0.00865692 -0.00806137 -0.00745466 -0.00684205 -0.00620695 -0.00552243 -0.00350936 -0.00056445 0.00044253 0.00018833 -0.00001271 -0.00001755 -0.00000304 -0.00115512 -0.01123579 -0.00588070 -1.45949673 89.79163 
1.020 0.02742421 3 6887187.49 -4801110.12 2711380.06 2837514.96 1612771.82 4526630.77 731382663.45 0.02587527 0.00474736 -0.01154325 -0.02711906 -0.01868495 -0.01173357 -0.01135419 -0.01098275 -0.01057029 -0.01011650 -0.00962061 -0.00908228 -0.00850580 -0.00790661 -0.00730590 -0.00670976 -0.00610001 -0.00544656 -0.00350063 -0.00058210 0.00043938 0.00018892 -0.00001285 -0.00001766 -0.00000307 -0.00114295 -0.01149965 -0.00599793 -1.49687919 92.51259 
1.050 0.02811433 3 7235912.43 -4443659.60 2461131.66 2974456.71 1975303.27 4268680.39 735180016.17 0.02631863 0.00630553 -0.01110736 -0.02780716 -0.01908295 -0.01231465 -0.01196039 -0.01159491 -0.01117915 -0.01071279 -0.01019512 -0.00962599 -0.00901059 -0.00836677 -0.00771895 -0.00707467 -0.00641540 -0.00571137 -0.00365047 -0.00059670 0.00045467 0.00019237 -0.00001333 -0.00001807 -0.00000319 -0.00120560 -0.01152206 -0.00604172 -1.52294888 95.23354 
1.080 0.02847820 3 8258634.30 -3077734.89 1814419.24 3167772.01 2509687.63 3844490.31 729399806.22 0.02623892 0.00863467 -0.01020083 -0.02818788 -0.01883236 -0.01338280 -0.01315529 -0.01285675 -0.01248025 -0.01202536 -0.01149136 -0.01087836 -0.01019263 -0.00945509 -0.00869456 -0.00792220 -0.00712417 -0.00628056 -0.00393302 -0.00059814 0.00049576 0.00020238 -0.00001432 -0.00001915 -0.00000345 -0.00134088 -0.01117185 -0.00594941 -1.52302228 97.95450 
1.110 0.02900094 3 9209706.21 -1778940.14 1274126.69 3437011.12 2743622.29 3533886.25 719102279.30 0.02626830 0.01035927 -0.00946559 -0.02870975 -0.01841240 -0.01408667 -0.01397858 -0.01374519 -0.01340829 -0.01296744 -0.01242210 -0.01177284 -0.01102750 -0.01021078 -0.00935727 -0.00848467 -0.00758807 -0.00665586 -0.00414468 -0.00063671 0.00050932 0.00020817 -0.00001512 -0.00001982 -0.00000352 -0.00143789 -0.01086970 -0.00585930 -1.51975562 100.67546 
1.140 0.02920544 3 10492839.87 -51779.83 619702.04 3901698.74 2749890.88 3273328.04 704369024.75 0.02589495 0.01188964 -0.00839931 -0.02891304 -0.01757685 -0.01479950 -0.01484931 -0.01470352 -0.01441896 -0.01399515 -0.01343181 -0.01273052 -0.01190195 -0.01097749 -0.01000276 -0.00900875 -0.00800420 -0.00698391 -0.00433526 -0.00069401 0.00051430 0.00021427 -0.00001569 -0.00002051 -0.00000365 -0.00153831 -0.01035663 -0.00567213 -1.49149514 103.39642 
1.170 0.02961435 5 8976409.21 2307577.63 8025021.67 -6611967.49 -2801917.56 8057694.97 397214044.79 -0.01796114 -0.02878516 -0.01066797 0.01992242 0.01047945 -0.00224686 -0.00302032 -0.00352236 -0.00390774 -0.00417718 -0.00433229 -0.00437705 -0.00432715 -0.00422121 -0.00410673 -0.00401524 -0.00393699 -0.00380953 -0.00286771 -0.00067823 0.00029332 0.00012934 -0.00000823 -0.00001427 -0.00000461 -0.00058669 0.00115881 0.00023156 0.47744590 106.11738 
1.200 0.02982752 5 9105000.07 2259665.03 8070807.57 -6868375.72 -2925169.66 8568072.85 420252451.75 -0.01894299 -0.02900838 -0.01059002 0.02098476 0.01076289 -0.00220228 -0.00298451 -0.00349184 -0.00388191 -0.00415541 -0.00431390 -0.00436151 -0.00431547 -0.00421759 -0.00411865 -0.00405460 -0.00401709 -0.00393646 -0.00306457 -0.00083095 0.00026958 0.00013936 -0.00000753 -0.00001502 -0.00000480 -0.00060178 0.00138142 0.00032790 0.50920328 108.83834 
