0.001 0.00012590 5 71017.32 -2316.56 424.45 4412.46 7335.62 61161.36 6047623.86 -0.00000374 -0.00005837 -0.00012164 -0.00003612 -0.00000034 0.00004559 0.00004987 0.00004648 0.00004173 0.00003615 0.00003002 0.00002380 0.00001792 0.00001264 0.00000800 0.00000395 0.00000050 -0.00000239 -0.00000454 0.00000057 0.00001001 -0.00000018 -0.00001042 -0.00000156 0.00000178 0.00000317 -0.00003869 -0.00001646 -0.00275745 0.09007 
0.030 0.00183192 5 -2646894.47 -18032.27 -241749.17 -325221.84 -289101.48 -1772789.70 -198394666.49 0.00049529 0.00183192 0.00085214 0.00072358 0.00052653 0.00076592 0.00076489 0.00072735 0.00066546 0.00058394 0.00048919 0.00038946 0.00029309 0.00020648 0.00013344 0.00007550 0.00003241 0.00000254 -0.00002374 -0.00001270 0.00000694 -0.00000053 -0.00001048 -0.00000324 -0.00000045 0.00004143 0.00075690 0.00037683 0.05274201 2.70207 
0.060 0.00343641 5 -4973809.20 -129912.61 -416040.06 -565108.66 -531539.18 -3331208.69 -368518201.57 0.00091430 0.00343641 0.00167082 0.00134192 0.00095664 0.00151078 0.00151863 0.00146091 0.00135612 0.00121168 0.00103772 0.00084760 0.00065557 0.00047543 0.00031907 0.00019210 0.00009565 0.00002739 -0.00003939 -0.00002876 0.00000513 0.00000072 -0.00001024 -0.00000342 -0.00000091 0.00008705 0.00142062 0.00071219 0.10019374 5.40414 
0.090 0.00489508 5 -6897309.90 -94827.14 -573691.04 -777626.16 -745918.53 -4705247.04 -518507453.10 0.00131412 0.00489508 0.00241125 0.00190461 0.00135251 0.00215761 0.00217481 0.00210447 0.00196831 0.00177438 0.00153541 0.00126842 0.00099315 0.00072908 0.00049291 0.00029773 0.00014916 0.00004428 -0.00005873 -0.00004472 0.00000432 0.00000222 -0.00001038 -0.00000338 -0.00000084 0.00012773 0.00202670 0.00101792 0.14327607 8.10621 
0.120 0.00632504 5 -4004574.75 855230.29 1283398.15 111063.48 -527041.48 -5727225.18 -485352325.87 0.00213452 0.00632504 0.00301805 0.00201330 0.00098618 0.00054451 0.00055735 0.00056676 0.00058102 0.00059680 0.00060779 0.00060607 0.00058272 0.00053202 0.00045617 0.00036469 0.00027094 0.00018542 0.00004821 -0.00002121 -0.00000181 -0.00000191 -0.00001135 -0.00000349 -0.00000081 0.00005848 0.00225900 0.00109003 0.13653700 10.80828 
0.150 0.00771166 5 -5277145.57 983555.64 1359621.75 -1675.78 -698777.69 -6919869.49 -603999297.49 0.00251953 0.00771166 0.00375227 0.00253671 0.00130427 0.00082183 0.00082877 0.00082467 0.00081941 0.00081166 0.00079763 0.00077368 0.00073210 0.00066553 0.00057367 0.00046396 0.00034936 0.00024304 0.00006815 -0.00002558 -0.00000488 -0.00000230 -0.00001150 -0.00000357 -0.00000095 0.00007810 0.00281429 0.00136076 0.17358932 13.51035 
0.180 0.00949771 5 -5626214.15 884785.66 1405659.45 740313.08 -678475.35 -7978496.99 -653522802.08 0.00246286 0.00949771 0.00531707 0.00271596 0.00140098 0.00073129 0.00070457 0.00067299 0.00064164 0.00060988 0.00057655 0.00054015 0.00049890 0.00044942 0.00038658 0.00031176 0.00023258 0.00015937 0.00004162 -0.00001749 -0.00000067 -0.00000227 -0.00001134 -0.00000377 -0.00000126 0.00005708 0.00335991 0.00160537 0.20735024 16.21242 
0.210 0.01185119 5 -5445076.64 1076997.97 1645661.65 1175933.82 -520090.27 -8823579.81 -684436582.60 0.00213930 0.01185119 0.00788759 0.00298977 0.00146165 0.00034177 0.00026227 0.00019999 0.00015066 0.00011361 0.00008750 0.00007042 0.00006014 0.00005424 0.00004926 0.00003855 0.00001903 -0.00000451 -0.00002957 -0.00001365 0.00000728 -0.00000104 -0.00001114 -0.00000402 -0.00000155 0.00000927 0.00413540 0.00194350 0.25770849 18.91449 
0.240 0.01532492 5 -4083055.45 1268455.24 2106656.77 1957997.80 -201019.96 -9215145.30 -639600317.41 0.00110072 0.01532492 0.01108774 0.00307044 0.00132199 -0.00074327 -0.00092189 -0.00103776 -0.00111454 -0.00115304 -0.00115493 -0.00112258 -0.00105908 -0.00096819 -0.00085490 -0.00072720 -0.00059430 -0.00046875 -0.00023148 -0.00001099 0.00002995 0.00000340 -0.00001136 -0.00000472 -0.00000199 -0.00011678 0.00492629 0.00224729 0.30047150 21.61656 
0.270 0.02015197 5 -2500199.26 1382504.05 2576705.02 2582967.20 520151.66 -9562527.19 -570326871.47 -0.00037844 0.02015197 0.01434265 0.00308810 0.00114699 -0.00192080 -0.00220741 -0.00238640 -0.00250216 -0.00255550 -0.00254826 -0.00248305 -0.00236339 -0.00219370 -0.00197955 -0.00172868 -0.00145131 -0.00116635 -0.00056904 -0.00005690 0.00004428 0.00001061 -0.00001102 -0.00000564 -0.00000259 -0.00027071 0.00576435 0.00255838 0.33887377 24.31863 
0.300 0.02256456 5 -1289895.05 1541878.80 2860008.43 2977096.97 578054.65 -9246933.90 -509129983.34 -0.00228263 0.02256456 0.01699921 0.00370851 0.00101661 -0.00282451 -0.00317677 -0.00338955 -0.00352511 -0.00358441 -0.00356946 -0.00348326 -0.00333005 -0.00311533 -0.00284531 -0.00252612 -0.00216469 -0.00177667 -0.00088450 -0.00009064 0.00003742 0.00000942 -0.00001012 -0.00000556 -0.00000289 -0.00039068 0.00637866 0.00278263 0.38469297 27.02070 
0.330 0.02332112 5 -1777414.73 1161847.74 2390344.64 3118093.12 446163.58 -8893863.82 -495749157.73 -0.00393482 0.02332112 0.01827675 0.00384478 0.00134239 -0.00157079 -0.00186241 -0.00204610 -0.00217455 -0.00224802 -0.00226767 -0.00223555 -0.00215524 -0.00203216 -0.00187242 -0.00168057 -0.00145851 -0.00120826 -0.00056367 -0.00001551 -0.00000553 -0.00001199 -0.00000643 -0.00000331 -0.00000315 -0.00024912 0.00666337 0.00299129 0.43807943 29.72277 
0.360 0.02344695 5 -2367374.77 760403.15 2053592.56 3159940.14 126467.89 -8467778.51 -490678962.70 -0.00544092 0.02344695 0.01916487 0.00398582 0.00171456 -0.00022415 -0.00045136 -0.00060548 -0.00072699 -0.00081534 -0.00087044 -0.00089265 -0.00088386 -0.00084837 -0.00079170 -0.00071705 -0.00062297 -0.00050558 -0.00014240 0.00010018 -0.00004349 -0.00003871 -0.00000343 -0.00000050 -0.00000300 -0.00008974 0.00684817 0.00316259 0.48757979 32.42484 
0.390 0.02390040 4 -7647009.85 -459939.51 197531.92 460889.66 -1254469.82 -6591022.10 -629187139.01 -0.01355030 0.02290304 0.02366831 0.01074013 0.00288802 0.00661249 0.00704772 0.00731686 0.00751057 0.00762748 0.00766573 0.00762288 0.00749520 0.00727639 0.00695806 0.00653479 0.00600980 0.00539587 0.00360055 0.00090992 -0.00021629 -0.00014670 0.00000410 0.00001177 0.00000048 0.00098178 0.00885568 0.00467288 0.87764278 35.12691 
0.420 0.02459142 4 -10195424.84 -654147.85 -1020174.03 -804453.75 -1046697.65 -6669951.56 -725778461.11 -0.01452309 0.02328877 0.02431263 0.01352474 0.00359668 0.00794414 0.00847715 0.00878762 0.00898808 0.00907796 0.00905711 0.00892545 0.00868248 0.00832585 0.00785165 0.00725967 0.00656050 0.00578033 0.00370581 0.00089956 -0.00016692 -0.00012688 0.00000121 0.00001096 0.00000191 0.00111729 0.00982692 0.00520016 0.98754069 37.82898 
