0.001 0.00014207 5 -3945.26 -11940.56 -31060.00 -22614.53 -5958.25 67628.09 3241789.20 -0.00002781 -0.00007455 -0.00012311 -0.00002605 0.00001312 0.00007547 0.00007924 0.00007385 0.00006625 0.00005725 0.00004738 0.00003739 0.00002799 0.00001962 0.00001245 0.00000643 0.00000156 -0.00000227 -0.00000519 0.00000029 0.00001030 0.00000008 -0.00001034 -0.00000143 0.00000190 0.00000470 -0.00003612 -0.00001444 -0.00196649 0.08607 
0.030 0.00248408 5 1350037.58 -259469.75 -478163.98 -218732.66 115996.99 2190406.98 170702369.44 -0.00087310 -0.00241225 -0.00124828 -0.00070056 -0.00029903 0.00012233 0.00014730 0.00015747 0.00016180 0.00016100 0.00015524 0.00014437 0.00012756 0.00010576 0.00008198 0.00005888 0.00003841 0.00002153 -0.00000086 -0.00000654 0.00000023 -0.00000279 -0.00000693 -0.00000338 -0.00000183 0.00001287 -0.00084183 -0.00038779 -0.04597303 2.58206 
0.060 0.00468518 5 2404685.46 -539657.09 -951719.36 -451772.00 200399.33 4147434.59 318345594.47 -0.00168959 -0.00460874 -0.00228631 -0.00130413 -0.00056149 0.00021295 0.00025204 0.00026591 0.00026646 0.00025506 0.00023568 0.00021263 0.00018882 0.00016398 0.00013600 0.00010540 0.00007571 0.00004961 0.00000984 -0.00000943 -0.00000672 -0.00000367 -0.00000262 -0.00000346 -0.00000367 0.00002087 -0.00157965 -0.00072942 -0.08531478 5.16413 
0.090 0.00648777 5 3237644.49 -836313.75 -1256810.61 -660341.66 268859.80 5722250.70 438300557.07 -0.00232395 -0.00640830 -0.00313065 -0.00179472 -0.00079425 0.00032986 0.00038881 0.00041207 0.00041491 0.00039852 0.00036474 0.00031587 0.00025635 0.00019645 0.00014423 0.00010137 0.00006580 0.00003751 0.00000048 -0.00001226 -0.00000971 -0.00000323 0.00000118 -0.00000311 -0.00000468 0.00002875 -0.00218249 -0.00100783 -0.11767095 7.74619 
0.120 0.00809542 5 545192.16 -1755776.38 -2266945.70 -1709897.05 -303431.17 6581242.46 383431064.86 -0.00382476 -0.00801105 -0.00367454 -0.00180520 -0.00056403 0.00247594 0.00264360 0.00267932 0.00262464 0.00248486 0.00226949 0.00199019 0.00166372 0.00131284 0.00096440 0.00064456 0.00037594 0.00017243 -0.00005842 -0.00008592 -0.00001613 0.00000058 -0.00000452 -0.00000373 -0.00000245 0.00018624 -0.00251177 -0.00107853 -0.10150905 10.32826 
0.150 0.00967134 5 1478944.08 -1821584.73 -2300534.58 -1899275.16 -297629.56 7797968.11 477753041.65 -0.00446885 -0.00957322 -0.00439972 -0.00223985 -0.00083739 0.00271228 0.00292548 0.00300240 0.00298805 0.00288505 0.00269957 0.00243779 0.00211118 0.00173826 0.00134388 0.00095764 0.00060895 0.00032210 -0.00004006 -0.00011491 -0.00002692 0.00000108 -0.00000212 -0.00000391 -0.00000353 0.00022606 -0.00306757 -0.00131792 -0.12804594 12.91032 
0.180 0.01111633 5 2437602.60 -1729168.18 -2308687.67 -2086253.87 -292455.78 8854168.11 559349333.67 -0.00498096 -0.01098940 -0.00505203 -0.00261912 -0.00108978 0.00273592 0.00298001 0.00309269 0.00311983 0.00306294 0.00292475 0.00270866 0.00242028 0.00207148 0.00168192 0.00127754 0.00088577 0.00053542 0.00001686 -0.00013868 -0.00003480 0.00000208 0.00000030 -0.00000390 -0.00000442 0.00025361 -0.00356288 -0.00153547 -0.15303241 15.49239 
0.210 0.01244088 5 3438777.48 -1483188.99 -2320621.76 -2243511.46 -300442.44 9786542.13 631026679.63 -0.00533980 -0.01226891 -0.00562457 -0.00294626 -0.00132089 0.00245645 0.00270384 0.00283295 0.00288672 0.00286660 0.00277504 0.00261518 0.00239112 0.00210855 0.00177750 0.00141574 0.00104324 0.00068543 0.00006866 -0.00017062 -0.00004136 0.00000491 0.00000257 -0.00000378 -0.00000505 0.00024774 -0.00399681 -0.00174200 -0.17872037 18.07445 
0.240 0.01265390 5 4221540.90 -1177361.54 -1974881.97 -2421638.76 -289653.93 10085077.09 659337500.30 -0.00450713 -0.01230964 -0.00598696 -0.00315042 -0.00188676 0.00121344 0.00143374 0.00156367 0.00163983 0.00166360 0.00163725 0.00156372 0.00144673 0.00129080 0.00110138 0.00088488 0.00064891 0.00040702 -0.00004188 -0.00016386 -0.00001139 0.00001327 0.00000294 -0.00000412 -0.00000525 0.00014004 -0.00422506 -0.00190622 -0.21985073 20.65651 
0.270 0.01425755 5 -2605590.81 1848782.41 2912264.54 1635427.13 -596672.58 -8405392.31 -589227230.33 0.00006950 0.01425755 0.01161006 0.00317998 0.00111502 -0.00223620 -0.00254043 -0.00274179 -0.00287974 -0.00295487 -0.00296884 -0.00292412 -0.00282424 -0.00267391 -0.00247873 -0.00224426 -0.00197538 -0.00167809 -0.00092173 -0.00016074 0.00000478 0.00000864 -0.00000715 -0.00000289 -0.00000058 -0.00034167 0.00474371 0.00204224 0.28111929 23.23858 
0.300 0.01605361 5 -1086030.23 2031935.78 3259059.23 2277940.65 -353481.17 -8301484.71 -517940183.42 -0.00108680 0.01605361 0.01321215 0.00309189 0.00104169 -0.00326088 -0.00366763 -0.00393269 -0.00411318 -0.00420967 -0.00422377 -0.00415801 -0.00401609 -0.00380327 -0.00352595 -0.00319048 -0.00280274 -0.00237395 -0.00128540 -0.00015098 0.00005701 0.00001756 -0.00000767 -0.00000413 -0.00000124 -0.00048072 0.00502407 0.00209980 0.29072517 25.82064 
0.330 0.01600908 5 811942.53 2651803.29 3521689.22 2858217.97 -406289.02 -7813478.93 -439804040.78 -0.00226470 0.01600908 0.01392706 0.00308995 0.00108619 -0.00447114 -0.00499379 -0.00532399 -0.00554235 -0.00564923 -0.00564616 -0.00553561 -0.00532145 -0.00500962 -0.00460893 -0.00413267 -0.00359451 -0.00301544 -0.00160275 -0.00014184 0.00011194 0.00002910 -0.00000844 -0.00000559 -0.00000192 -0.00062965 0.00501178 0.00201492 0.28766995 28.40271 
0.360 0.01409855 4 3373466.54 4079053.94 3749090.42 3258008.12 -831185.58 -6881500.36 -359199504.91 -0.00350206 0.01403710 0.01394675 0.00395067 0.00111667 -0.00657227 -0.00723253 -0.00762193 -0.00785720 -0.00793877 -0.00786840 -0.00764902 -0.00728610 -0.00679164 -0.00618676 -0.00549708 -0.00474635 -0.00396222 -0.00211234 -0.00018313 0.00018376 0.00005047 -0.00001001 -0.00000777 -0.00000247 -0.00086379 0.00486662 0.00182249 0.27976644 30.98477 
0.390 0.01317756 4 4678219.87 5228905.03 3431647.89 3177802.83 -1219246.57 -5940889.31 -317809213.24 -0.00448731 0.01083003 0.01307358 0.00523128 0.00133227 -0.00768663 -0.00840872 -0.00882255 -0.00906174 -0.00912669 -0.00901930 -0.00874277 -0.00830447 -0.00772264 -0.00702540 -0.00624223 -0.00539808 -0.00451972 -0.00243665 -0.00021725 0.00023772 0.00006978 -0.00001155 -0.00000954 -0.00000262 -0.00098916 0.00463934 0.00164935 0.28272375 33.56684 
0.420 0.01148520 4 6981555.88 7015893.33 3407808.84 2905631.15 -1478603.75 -4869173.70 -255900754.39 -0.00500005 0.00738234 0.01141771 0.00625089 0.00135477 -0.00934320 -0.01012312 -0.01053196 -0.01072518 -0.01070452 -0.01047702 -0.01005266 -0.00945026 -0.00870072 -0.00784250 -0.00691048 -0.00593099 -0.00492925 -0.00259480 -0.00015145 0.00030994 0.00008409 -0.00001294 -0.00001080 -0.00000276 -0.00112532 0.00415326 0.00134916 0.25749746 36.14890 
0.450 0.01257511 3 5994535.44 380710.11 -4767448.09 2851763.08 1967901.65 5561608.68 625371311.00 0.00743534 -0.00249844 -0.00872322 -0.01257511 -0.00476118 -0.00302910 -0.00309542 -0.00311800 -0.00311717 -0.00309133 -0.00303824 -0.00295554 -0.00284309 -0.00270637 -0.00255297 -0.00238026 -0.00217008 -0.00190155 -0.00103608 0.00001122 0.00014418 0.00002537 0.00000218 -0.00000311 -0.00000422 -0.00035404 -0.00571620 -0.00286770 -0.62115098 38.73096 
0.480 0.01406655 3 5104315.70 329160.71 -5162218.49 2789157.91 2168654.43 4979561.13 573929156.38 0.00917137 -0.00129772 -0.00934001 -0.01406655 -0.00495656 -0.00237995 -0.00241721 -0.00242370 -0.00241465 -0.00238850 -0.00234301 -0.00227607 -0.00218903 -0.00209176 -0.00199735 -0.00190431 -0.00178839 -0.00161629 -0.00091313 0.00002569 0.00013940 0.00002166 0.00000234 -0.00000194 -0.00000329 -0.00027986 -0.00593249 -0.00292968 -0.66243969 41.31303 
0.510 0.01593568 3 3978921.63 161514.23 -5606089.13 2787319.29 2388908.28 4247268.96 512408941.82 0.01108338 0.00024197 -0.00980991 -0.01593568 -0.00513500 -0.00135111 -0.00134463 -0.00132820 -0.00130856 -0.00128417 -0.00125283 -0.00121268 -0.00116702 -0.00113112 -0.00112444 -0.00114559 -0.00116341 -0.00113334 -0.00070788 0.00003001 0.00012851 0.00001854 0.00000232 -0.00000078 -0.00000213 -0.00016297 -0.00614556 -0.00296747 -0.70370629 43.89509 
0.540 0.01761911 3 2883567.88 -53267.43 -5974814.56 2726930.00 2686426.75 3498293.13 454119269.77 0.01289251 0.00159967 -0.01039221 -0.01761911 -0.00531931 -0.00036046 -0.00030955 -0.00026811 -0.00023445 -0.00020706 -0.00018377 -0.00016306 -0.00015046 -0.00016748 -0.00023998 -0.00036532 -0.00050642 -0.00060978 -0.00047079 0.00003400 0.00011424 0.00001534 0.00000199 0.00000015 -0.00000111 -0.00004559 -0.00636833 -0.00300954 -0.74316181 46.47716 
0.570 0.01935649 3 1940893.28 -334825.40 -6344994.50 2793753.41 2868880.78 2958078.99 412179800.06 0.01426770 0.00290376 -0.01024122 -0.01935649 -0.00563313 0.00068572 0.00078719 0.00085856 0.00091108 0.00094622 0.00096615 0.00097200 0.00095552 0.00088813 0.00073858 0.00051121 0.00024701 0.00001172 -0.00015435 0.00005561 0.00009947 0.00001282 0.00000165 0.00000088 -0.00000021 0.00008535 -0.00655219 -0.00302617 -0.77233654 49.05922 
0.600 0.02071156 3 312627.44 -697754.19 -6568941.22 2355035.04 3199469.49 2024818.31 324577153.46 0.01645668 0.00376537 -0.01191292 -0.02071156 -0.00570155 0.00226795 0.00247334 0.00261290 0.00271544 0.00278227 0.00281541 0.00281518 0.00276907 0.00263935 0.00239066 0.00202597 0.00159149 0.00117396 0.00054799 0.00017002 0.00006354 -0.00000220 0.00000168 0.00000268 0.00000082 0.00030953 -0.00686831 -0.00305527 -0.80950989 51.64129 
0.630 0.02218415 3 -830914.50 -1152215.71 -6733377.86 2314125.65 3330390.58 1410162.84 272878028.70 0.01790092 0.00482504 -0.01225614 -0.02218415 -0.00605884 0.00363437 0.00393560 0.00413818 0.00428793 0.00438607 0.00443450 0.00443262 0.00436287 0.00417817 0.00383931 0.00334390 0.00275257 0.00216870 0.00115327 0.00028571 0.00003778 -0.00001518 0.00000168 0.00000411 0.00000154 0.00050564 -0.00711086 -0.00306479 -0.83608692 54.22335 
0.660 0.02329113 3 -1843123.34 -1550339.42 -6901224.46 2268539.17 3381694.23 958207.13 229273745.02 0.01907484 0.00563728 -0.01245297 -0.02329113 -0.00648531 0.00488686 0.00528391 0.00555012 0.00574804 0.00587880 0.00594415 0.00594224 0.00584905 0.00560833 0.00517548 0.00455144 0.00381821 0.00308250 0.00170211 0.00038307 0.00001369 -0.00002477 0.00000171 0.00000524 0.00000226 0.00068653 -0.00731451 -0.00306417 -0.85565664 56.80541 
0.690 0.02443088 3 -2874063.94 -1921445.62 -7160922.70 2424985.02 3311483.99 471835.38 181887892.38 0.02008345 0.00675840 -0.01221500 -0.02443088 -0.00693521 0.00617046 0.00665622 0.00698049 0.00722145 0.00738006 0.00745793 0.00745190 0.00733171 0.00703372 0.00650793 0.00577069 0.00491589 0.00404765 0.00231727 0.00052989 0.00000394 -0.00003226 0.00000136 0.00000608 0.00000285 0.00087400 -0.00743675 -0.00302188 -0.86784202 59.38748 
0.720 0.02498484 3 -3604343.48 -2147321.69 -7368922.65 2622735.76 3190118.56 99046.54 144668684.34 0.02072843 0.00763049 -0.01170808 -0.02498484 -0.00753149 0.00697656 0.00753390 0.00790741 0.00818721 0.00837415 0.00846967 0.00846856 0.00833130 0.00798544 0.00737844 0.00655136 0.00560058 0.00463893 0.00267863 0.00059355 -0.00001939 -0.00003651 0.00000158 0.00000661 0.00000320 0.00099309 -0.00748482 -0.00298116 -0.87412836 61.96954 
0.750 0.02666945 5 -5319342.47 110060.23 -8039827.52 8064350.41 2489423.39 -7943348.99 -329362959.58 0.01960636 0.02666945 0.00861737 -0.02447119 -0.00817463 0.00345372 0.00364316 0.00376215 0.00384450 0.00389145 0.00390437 0.00387602 0.00375911 0.00348011 0.00299300 0.00234494 0.00163630 0.00100533 0.00007512 -0.00047819 -0.00014965 0.00004290 -0.00000538 -0.00000406 0.00000104 0.00035013 -0.00190330 -0.00070623 -0.57181598 64.55161 
0.780 0.02927501 5 -5795225.28 -582265.42 -7689079.36 7857907.72 2755353.82 -8137142.04 -328342244.89 0.02095051 0.02927501 0.01007207 -0.02652267 -0.00916331 0.00422730 0.00450520 0.00469143 0.00483175 0.00492718 0.00497870 0.00497553 0.00485912 0.00454800 0.00400562 0.00326859 0.00243621 0.00170809 0.00060413 -0.00029341 -0.00020047 0.00000449 -0.00000267 -0.00000020 0.00000156 0.00048723 -0.00200469 -0.00068092 -0.60272604 67.13367 
0.810 0.03154084 5 -6352706.19 -1442972.85 -7126807.62 7514214.99 2982599.20 -8279739.90 -326687237.84 0.02213562 0.03154084 0.01115616 -0.02852018 -0.01003395 0.00534098 0.00572320 0.00598567 0.00618995 0.00633676 0.00642665 0.00644455 0.00632117 0.00596992 0.00536334 0.00450909 0.00354747 0.00271955 0.00139636 0.00001666 -0.00022793 -0.00003951 -0.00000002 0.00000413 0.00000209 0.00068098 -0.00217508 -0.00065788 -0.62970239 69.71573 
0.840 0.03305099 5 -6848751.52 -2292964.59 -6576143.50 7199075.10 3169490.43 -8348208.96 -320350944.94 0.02328111 0.03305099 0.01153756 -0.03037692 -0.01081552 0.00663948 0.00711307 0.00744005 0.00769663 0.00788334 0.00799994 0.00802348 0.00786932 0.00744583 0.00672205 0.00568837 0.00456679 0.00362550 0.00209220 0.00028526 -0.00025672 -0.00008071 0.00000270 0.00000815 0.00000251 0.00087655 -0.00249585 -0.00070435 -0.66364868 72.29780 
0.870 0.03394599 5 -7198185.46 -2942543.74 -6193264.61 7049651.32 3285409.91 -8397438.34 -313508796.45 0.02416106 0.03394599 0.01156026 -0.03206452 -0.01142138 0.00811839 0.00865421 0.00902245 0.00931022 0.00951794 0.00964387 0.00965305 0.00944519 0.00892976 0.00804444 0.00682316 0.00553914 0.00445827 0.00269375 0.00050146 -0.00029141 -0.00012138 0.00000544 0.00001216 0.00000292 0.00107038 -0.00287734 -0.00078022 -0.69530869 74.87986 
0.900 0.03525568 5 -7465533.35 -3615730.01 -5685661.92 6889233.11 3358877.32 -8412251.86 -303511783.53 0.02488132 0.03525568 0.01232283 -0.03346486 -0.01233959 0.00913553 0.00973887 0.01015492 0.01048247 0.01072169 0.01086932 0.01088036 0.01064437 0.01007027 0.00905435 0.00768579 0.00625135 0.00502195 0.00307761 0.00063729 -0.00033719 -0.00016189 0.00000874 0.00001628 0.00000321 0.00120917 -0.00312873 -0.00082434 -0.72223647 77.46193 
0.930 0.03645421 5 -7603829.01 -4133224.08 -5220163.19 6813276.32 3352171.20 -8415889.26 -294858763.94 0.02546626 0.03645421 0.01302381 -0.03474541 -0.01323062 0.01018136 0.01082798 0.01127344 0.01162468 0.01188170 0.01203875 0.01203755 0.01175812 0.01110378 0.00994691 0.00844233 0.00687707 0.00551764 0.00340053 0.00075086 -0.00038825 -0.00020391 0.00001285 0.00002071 0.00000358 0.00133694 -0.00338127 -0.00087485 -0.74794724 80.04399 
0.960 0.03793759 5 -6704197.48 -3419557.65 -6433174.15 8145891.37 2864177.34 -7861534.39 -247697198.59 0.02261960 0.03793759 0.01286692 -0.03591383 -0.01014097 0.01295148 0.01347282 0.01382643 0.01409071 0.01426545 0.01434086 0.01424057 0.01382101 0.01295305 0.01151225 0.00972027 0.00787809 0.00626266 0.00377323 0.00086615 -0.00035232 -0.00020158 0.00000862 0.00002037 0.00000416 0.00158108 -0.00288010 -0.00051022 -0.65704343 82.62606 
0.990 0.03960290 5 -7678195.75 -4005313.99 -6259116.83 7940844.50 2876890.75 -8231500.18 -285191403.83 0.02302597 0.03960290 0.01397304 -0.03728020 -0.01035865 0.01535485 0.01595764 0.01636181 0.01666076 0.01685374 0.01692755 0.01679348 0.01630020 0.01529820 0.01367907 0.01168914 0.00963256 0.00779165 0.00480801 0.00120569 -0.00041082 -0.00027129 0.00001475 0.00002753 0.00000470 0.00189761 -0.00281006 -0.00030923 -0.63567922 85.20812 
