0.001 0.00012175 4 43299.28 -11062.08 -18047.27 3479.82 11702.19 57226.63 5387301.49 0.00000789 -0.00005178 -0.00012175 -0.00003722 0.00000318 0.00005505 0.00005913 0.00005509 0.00004943 0.00004278 0.00003549 0.00002810 0.00002113 0.00001489 0.00000946 0.00000479 0.00000089 -0.00000230 -0.00000470 0.00000053 0.00001020 -0.00000002 -0.00001037 -0.00000147 0.00000186 0.00000366 -0.00003565 -0.00001477 -0.00261617 0.03536 
0.030 0.00168032 5 2108346.70 183116.96 56758.50 37921.47 227993.23 1602556.54 158738676.35 -0.00028293 -0.00161009 -0.00093195 -0.00059102 -0.00036225 -0.00047644 -0.00046710 -0.00044110 -0.00039832 -0.00034274 -0.00027995 -0.00021681 -0.00015844 -0.00010799 -0.00006709 -0.00003614 -0.00001453 -0.00000093 0.00000978 0.00000659 0.00000369 -0.00000323 -0.00000807 -0.00000307 -0.00000098 -0.00002380 -0.00063724 -0.00031136 -0.04429552 1.06078 
0.060 0.00307395 5 3932091.13 301029.37 82381.15 135415.51 436883.05 2976382.06 298437462.07 -0.00056654 -0.00299982 -0.00165772 -0.00110570 -0.00069415 -0.00102071 -0.00102077 -0.00098144 -0.00090609 -0.00080060 -0.00067348 -0.00053604 -0.00040036 -0.00027784 -0.00017622 -0.00009764 -0.00004114 -0.00000395 0.00002739 0.00001660 -0.00000089 -0.00000507 -0.00000439 -0.00000340 -0.00000300 -0.00005601 -0.00118571 -0.00058559 -0.08308644 2.12156 
0.090 0.00441928 5 4196920.06 -702986.31 -743304.40 449923.42 888277.27 4305010.07 434916149.87 -0.00061187 -0.00434212 -0.00250337 -0.00185438 -0.00095945 -0.00065680 -0.00063620 -0.00060360 -0.00055568 -0.00049286 -0.00041697 -0.00033152 -0.00024231 -0.00015711 -0.00008414 -0.00002977 0.00000555 0.00002531 0.00003166 0.00000961 -0.00000610 -0.00000555 -0.00000218 -0.00000353 -0.00000395 -0.00003316 -0.00174332 -0.00083485 -0.12012179 3.18233 
0.120 0.00571139 5 5275471.31 -767775.78 -1205093.96 592150.32 1126346.48 5529844.25 550878237.69 -0.00082516 -0.00563207 -0.00321574 -0.00239879 -0.00119791 -0.00085349 -0.00084091 -0.00081090 -0.00076126 -0.00069186 -0.00060356 -0.00049822 -0.00038085 -0.00026043 -0.00014794 -0.00005459 0.00001049 0.00004807 0.00006149 0.00002053 -0.00001015 -0.00000658 0.00000171 -0.00000320 -0.00000514 -0.00004622 -0.00224225 -0.00107567 -0.15404124 4.24311 
0.150 0.00687821 5 6367958.82 -796724.68 -1540250.43 1049439.17 1097552.34 6557942.41 651356495.73 -0.00106234 -0.00676617 -0.00387562 -0.00291047 -0.00143349 -0.00119324 -0.00119110 -0.00116327 -0.00111023 -0.00103152 -0.00092723 -0.00079807 -0.00064751 -0.00048380 -0.00031988 -0.00017087 -0.00005184 0.00002827 0.00008496 0.00004013 -0.00001025 -0.00000696 0.00000556 -0.00000244 -0.00000587 -0.00007262 -0.00271343 -0.00131057 -0.18781616 5.30389 
0.180 0.00767482 5 7282963.54 -251535.67 -1577989.54 1126555.04 919756.65 7066177.05 686352527.17 -0.00147734 -0.00747226 -0.00430543 -0.00305525 -0.00150058 -0.00164243 -0.00166195 -0.00163791 -0.00157575 -0.00147551 -0.00133802 -0.00116473 -0.00096041 -0.00073546 -0.00050543 -0.00029013 -0.00011016 0.00002028 0.00012712 0.00006812 -0.00000917 -0.00000785 0.00000859 -0.00000128 -0.00000594 -0.00010463 -0.00298097 -0.00145299 -0.20507794 6.36467 
0.210 0.00833149 5 8263304.32 663536.00 -1489430.60 752306.77 941045.49 7395846.65 700862574.21 -0.00185178 -0.00805455 -0.00478883 -0.00300851 -0.00147586 -0.00231199 -0.00237101 -0.00235656 -0.00228314 -0.00215178 -0.00196533 -0.00172752 -0.00144640 -0.00113671 -0.00081861 -0.00051520 -0.00024966 -0.00004247 0.00016204 0.00010093 -0.00000736 -0.00000935 0.00001062 0.00000006 -0.00000546 -0.00015671 -0.00317197 -0.00157019 -0.21890676 7.42544 
0.240 0.00880186 5 10255080.34 1975364.05 390198.07 -920181.38 1144799.19 7664900.40 710486533.16 -0.00163223 -0.00847670 -0.00539769 -0.00248137 -0.00152412 -0.00399359 -0.00411906 -0.00409713 -0.00396680 -0.00373439 -0.00341066 -0.00300975 -0.00255069 -0.00205779 -0.00155901 -0.00108294 -0.00065667 -0.00030424 0.00013413 0.00015714 0.00000559 -0.00001105 0.00001063 0.00000087 -0.00000483 -0.00028614 -0.00322664 -0.00166458 -0.23639871 8.48622 
0.270 0.00963620 5 -7049683.22 1479547.04 2188143.28 -1923715.85 -1293607.12 -7500050.57 -771770720.76 0.00112656 0.00963620 0.00755779 0.00399472 0.00191024 0.00236658 0.00242679 0.00245005 0.00245884 0.00245194 0.00242726 0.00238212 0.00231315 0.00221644 0.00208791 0.00192380 0.00172155 0.00148290 0.00082334 0.00005327 -0.00008445 -0.00002676 -0.00000904 -0.00000205 -0.00000183 0.00028554 0.00417070 0.00210681 0.31912906 9.54700 
0.300 0.01044365 5 -4855702.48 -125224.53 1715965.41 2382550.19 -1728677.15 -7100316.41 -558292529.98 -0.00056873 0.01044365 0.01008520 0.00282222 0.00114449 0.00216788 0.00222691 0.00225206 0.00226344 0.00226031 0.00224137 0.00220486 0.00214834 0.00206860 0.00196228 0.00182667 0.00165970 0.00146026 0.00086481 0.00008250 -0.00009720 -0.00003259 -0.00000329 -0.00000133 -0.00000331 0.00027026 0.00401894 0.00202755 0.31661010 10.60778 
0.330 0.01133255 5 -4159856.68 440079.31 795409.77 3283320.67 -1262076.94 -7416589.49 -532047451.65 -0.00103521 0.01133255 0.01078247 0.00278336 0.00115798 0.00174541 0.00175946 0.00175801 0.00175288 0.00174342 0.00172837 0.00170590 0.00167343 0.00162757 0.00156470 0.00148183 0.00137666 0.00124608 0.00079944 0.00010985 -0.00008718 -0.00003306 -0.00000246 -0.00000128 -0.00000354 0.00021905 0.00416984 0.00207109 0.32316857 11.66856 
0.360 0.01341097 5 -3228209.13 889512.20 743322.45 3530311.43 -668838.30 -7722516.92 -503815953.07 -0.00179017 0.01341097 0.01230987 0.00278223 0.00104054 0.00081982 0.00076053 0.00071972 0.00069352 0.00068124 0.00068144 0.00069204 0.00071027 0.00073261 0.00075505 0.00077362 0.00078418 0.00077928 0.00061096 0.00013704 -0.00005971 -0.00002977 -0.00000346 -0.00000152 -0.00000333 0.00011056 0.00451851 0.00217690 0.33544642 12.72933 
0.390 0.01514795 5 -2464191.84 1319985.53 964524.00 3425420.55 -144419.88 -8029702.04 -490810958.65 -0.00203571 0.01514795 0.01325045 0.00313767 0.00101436 -0.00023547 -0.00037031 -0.00045114 -0.00049812 -0.00051184 -0.00049373 -0.00044589 -0.00037119 -0.00027339 -0.00015716 -0.00002820 0.00010643 0.00023209 0.00036558 0.00015728 -0.00002903 -0.00002544 -0.00000420 -0.00000172 -0.00000309 -0.00001360 0.00489274 0.00228637 0.34537225 13.79011 
0.420 0.01663894 5 -1589974.75 1564200.58 1350616.01 3458627.42 244354.29 -8207773.06 -464310097.24 -0.00250672 0.01663894 0.01424369 0.00365441 0.00098796 -0.00131971 -0.00153202 -0.00165543 -0.00172645 -0.00174487 -0.00171128 -0.00162673 -0.00149316 -0.00131388 -0.00109502 -0.00084813 -0.00058653 -0.00033083 0.00010025 0.00017583 0.00000742 -0.00001956 -0.00000474 -0.00000202 -0.00000291 -0.00014201 0.00526646 0.00239335 0.35930959 14.85089 
0.450 0.01780058 5 -783690.77 1984229.95 1413502.04 3562035.79 494931.49 -8238390.03 -440914783.67 -0.00317481 0.01780058 0.01518955 0.00404431 0.00112145 -0.00205243 -0.00232976 -0.00248862 -0.00257853 -0.00259935 -0.00255179 -0.00243712 -0.00225762 -0.00201760 -0.00172624 -0.00139908 -0.00105326 -0.00071185 -0.00008243 0.00018738 0.00003155 -0.00001587 -0.00000487 -0.00000216 -0.00000280 -0.00023002 0.00560388 0.00250477 0.37905315 15.91167 
0.480 0.01889721 5 97103.55 2605582.82 1439613.25 3646291.77 601370.37 -8195754.65 -423309280.62 -0.00392975 0.01889721 0.01626563 0.00461015 0.00127968 -0.00289221 -0.00323926 -0.00343343 -0.00353864 -0.00355515 -0.00348432 -0.00332830 -0.00309063 -0.00277813 -0.00240477 -0.00199020 -0.00155438 -0.00112181 -0.00027757 0.00020265 0.00005708 -0.00001247 -0.00000498 -0.00000231 -0.00000274 -0.00032691 0.00600011 0.00263905 0.40472596 16.97244 
0.510 0.01995313 5 878617.40 3241367.45 1386555.52 3680734.17 661672.94 -8091712.68 -408746745.63 -0.00477058 0.01995313 0.01736647 0.00514823 0.00150330 -0.00360813 -0.00402579 -0.00425873 -0.00438480 -0.00440450 -0.00431959 -0.00413278 -0.00384916 -0.00347983 -0.00304139 -0.00255544 -0.00204385 -0.00153266 -0.00049295 0.00020080 0.00007888 -0.00000959 -0.00000517 -0.00000247 -0.00000266 -0.00041706 0.00640368 0.00278034 0.43308405 18.03322 
0.540 0.02073688 5 1455813.04 3914621.09 1163944.93 3618500.76 680830.88 -7922084.62 -401727998.54 -0.00577466 0.02073688 0.01836892 0.00574855 0.00187847 -0.00408002 -0.00456780 -0.00484442 -0.00499997 -0.00503502 -0.00495176 -0.00475327 -0.00444542 -0.00404080 -0.00355794 -0.00302032 -0.00245156 -0.00187931 -0.00068092 0.00019799 0.00009856 -0.00000743 -0.00000576 -0.00000264 -0.00000250 -0.00048697 0.00681076 0.00293404 0.46789108 19.09400 
0.570 0.02122841 5 1566060.29 4510449.88 655616.46 3455513.51 664627.58 -7720147.13 -408700718.05 -0.00689173 0.02122841 0.01922970 0.00645873 0.00250290 -0.00409908 -0.00465686 -0.00498992 -0.00519744 -0.00527976 -0.00523863 -0.00507676 -0.00479911 -0.00441603 -0.00394544 -0.00341071 -0.00283338 -0.00223818 -0.00091756 0.00016862 0.00011684 -0.00000599 -0.00000661 -0.00000271 -0.00000220 -0.00053089 0.00726365 0.00312301 0.51317651 20.15478 
0.600 0.02136963 5 1355221.65 4743051.93 229370.16 3275616.79 622725.13 -7515542.36 -416263993.01 -0.00794915 0.02136963 0.01980601 0.00708743 0.00323651 -0.00363737 -0.00424487 -0.00462837 -0.00489034 -0.00503091 -0.00505150 -0.00495455 -0.00474426 -0.00442856 -0.00402330 -0.00355087 -0.00302685 -0.00246629 -0.00111965 0.00010623 0.00011290 -0.00000686 -0.00000678 -0.00000247 -0.00000187 -0.00053123 0.00765869 0.00330801 0.55995049 21.21556 
0.630 0.02078249 4 -1279289.27 517695.68 4947400.16 1908841.38 -2017036.68 -6636189.82 -463244783.33 -0.00927637 0.01893914 0.02061012 0.00928203 0.00327787 -0.00114898 -0.00147839 -0.00170451 -0.00186681 -0.00196604 -0.00200391 -0.00198299 -0.00190751 -0.00178622 -0.00163668 -0.00147531 -0.00129931 -0.00108732 -0.00041226 0.00019177 0.00000845 -0.00005469 -0.00000226 0.00000255 -0.00000116 -0.00020648 0.00803591 0.00365736 0.66280131 22.27633 
0.660 0.02092653 4 -1795257.39 -365926.12 5855616.29 1311113.23 -2088971.30 -6507089.50 -462333885.59 -0.01031893 0.01845937 0.02076706 0.01008153 0.00376111 -0.00004227 -0.00030781 -0.00049659 -0.00063533 -0.00072483 -0.00076674 -0.00076354 -0.00071957 -0.00064647 -0.00057131 -0.00052245 -0.00049521 -0.00044794 -0.00008665 0.00025697 -0.00002920 -0.00008267 0.00000004 0.00000546 -0.00000075 -0.00006651 0.00826487 0.00383905 0.71392632 23.33711 
0.690 0.02096712 4 -2261420.23 -1095726.20 6589316.66 713013.25 -2054090.39 -6413933.55 -462017093.51 -0.01143183 0.01805430 0.02082458 0.01084102 0.00436701 0.00114404 0.00093482 0.00077958 0.00066252 0.00058276 0.00053868 0.00052787 0.00054566 0.00057661 0.00058122 0.00051871 0.00040530 0.00029489 0.00030387 0.00034128 -0.00005503 -0.00010663 0.00000191 0.00000798 -0.00000038 0.00008653 0.00850219 0.00403159 0.76728180 24.39789 
0.720 0.02093583 4 -2777464.10 -1870231.76 7278079.54 86684.38 -1943997.48 -6327998.79 -459892981.28 -0.01261147 0.01765728 0.02081132 0.01164767 0.00495343 0.00247616 0.00233830 0.00222793 0.00214241 0.00208079 0.00204148 0.00202216 0.00201773 0.00200762 0.00193697 0.00176051 0.00150515 0.00123320 0.00083985 0.00046338 -0.00007115 -0.00012835 0.00000330 0.00001017 -0.00000010 0.00026962 0.00872519 0.00423340 0.82306469 25.45867 
0.750 0.02059087 4 -923480.08 1165098.54 2533694.89 3198212.08 -1801195.45 -6019290.14 -399701255.86 -0.00906674 0.01818247 0.02042373 0.00775429 0.00164725 -0.00144447 -0.00167908 -0.00183671 -0.00195718 -0.00203940 -0.00208219 -0.00208428 -0.00204522 -0.00196620 -0.00184871 -0.00169126 -0.00148961 -0.00124680 -0.00061643 -0.00005437 -0.00000349 -0.00000628 -0.00000327 -0.00000421 -0.00000472 -0.00024016 0.00705966 0.00318182 0.57435173 26.51944 
0.780 0.02126511 4 -994489.45 1271085.17 2258432.03 3266826.98 -1850212.66 -5940620.98 -401090937.18 -0.00968990 0.01885587 0.02108798 0.00787814 0.00186963 -0.00114844 -0.00138966 -0.00155640 -0.00168833 -0.00178433 -0.00184323 -0.00186381 -0.00184593 -0.00179158 -0.00170322 -0.00157904 -0.00141228 -0.00120113 -0.00061050 -0.00006446 -0.00001909 -0.00001125 -0.00000271 -0.00000372 -0.00000470 -0.00021869 0.00728492 0.00329882 0.59881004 27.58022 
0.810 0.02181928 4 -1100544.03 1321247.05 2051957.76 3309827.17 -1923122.15 -5860453.86 -403389409.40 -0.01025629 0.01938716 0.02163423 0.00795877 0.00211737 -0.00077725 -0.00102209 -0.00119618 -0.00133827 -0.00144725 -0.00152197 -0.00156131 -0.00156545 -0.00153743 -0.00148116 -0.00139519 -0.00127064 -0.00110027 -0.00057204 -0.00006943 -0.00003875 -0.00001785 -0.00000218 -0.00000310 -0.00000463 -0.00018709 0.00747947 0.00340681 0.62203705 28.64100 
0.840 0.02222381 4 -1262192.52 1321745.29 1858272.07 3349499.82 -1989813.42 -5801896.29 -406974977.71 -0.01076809 0.01978515 0.02203237 0.00796817 0.00240555 -0.00029326 -0.00053784 -0.00071693 -0.00086765 -0.00098892 -0.00107959 -0.00113866 -0.00116670 -0.00116792 -0.00114803 -0.00110649 -0.00103282 -0.00091511 -0.00048098 -0.00005803 -0.00005838 -0.00002657 -0.00000172 -0.00000227 -0.00000449 -0.00013977 0.00763636 0.00350550 0.64390579 29.70178 
0.870 0.02243698 4 -1488204.90 1246020.97 1756289.30 3339131.53 -2103327.49 -5726319.22 -412388431.18 -0.01117514 0.01987541 0.02224454 0.00797257 0.00266375 0.00025568 0.00002234 -0.00015399 -0.00030662 -0.00043448 -0.00053648 -0.00061166 -0.00066098 -0.00068988 -0.00070619 -0.00071070 -0.00069151 -0.00063249 -0.00032343 -0.00002932 -0.00008085 -0.00003867 -0.00000098 -0.00000110 -0.00000432 -0.00007792 0.00773127 0.00358285 0.66292887 30.76255 
0.900 0.02174104 4 -2120703.89 1040012.85 1904375.56 3133059.58 -2398027.87 -5800124.01 -446515400.85 -0.01096580 0.01887754 0.02153620 0.00819683 0.00300132 0.00091446 0.00071412 0.00055413 0.00040979 0.00028217 0.00017242 0.00008152 0.00000835 -0.00005348 -0.00011373 -0.00017446 -0.00022221 -0.00023645 -0.00009710 0.00001086 -0.00010764 -0.00005269 -0.00000001 0.00000028 -0.00000412 0.00000411 0.00769810 0.00361087 0.67412832 31.82333 
0.930 0.02181654 4 -2408682.49 829419.15 1970896.39 3055477.53 -2557344.79 -5707130.76 -452290514.93 -0.01135178 0.01871653 0.02161423 0.00821076 0.00329976 0.00157217 0.00138910 0.00123558 0.00109208 0.00095963 0.00083939 0.00073234 0.00063714 0.00054631 0.00044781 0.00033778 0.00023124 0.00015334 0.00014272 0.00006771 -0.00012971 -0.00006705 0.00000070 0.00000167 -0.00000388 0.00008404 0.00776307 0.00368379 0.69405693 32.88411 
0.960 0.02167197 4 -2699030.69 573164.69 2179136.84 2891812.62 -2745871.26 -5597273.58 -458957301.30 -0.01161651 0.01821097 0.02147978 0.00828318 0.00358300 0.00220007 0.00203680 0.00189182 0.00175117 0.00161590 0.00148714 0.00136592 0.00125074 0.00113303 0.00099818 0.00083991 0.00067414 0.00053111 0.00036925 0.00012366 -0.00014819 -0.00008121 0.00000138 0.00000305 -0.00000365 0.00016157 0.00777774 0.00373185 0.71052902 33.94489 
0.990 0.02136197 4 -2982260.03 220034.08 2545144.91 2670546.17 -2939998.21 -5477986.98 -463557506.30 -0.01184659 0.01744801 0.02118392 0.00844452 0.00385125 0.00280299 0.00266420 0.00253178 0.00239810 0.00226415 0.00213105 0.00199989 0.00186906 0.00172900 0.00156241 0.00136035 0.00113930 0.00093471 0.00063005 0.00020668 -0.00016025 -0.00009845 0.00000214 0.00000473 -0.00000340 0.00024195 0.00775703 0.00376484 0.72571208 35.00567 
1.020 0.02194604 2 -2541127.00 11770708.59 -9546705.30 1444323.34 1798021.52 -8007475.15 -760484644.22 -0.02199453 0.01760257 0.01425666 0.00614259 0.02179626 0.02064731 0.01936170 0.01834014 0.01739135 0.01651776 0.01572087 0.01499644 0.01429527 0.01347250 0.01231907 0.01076306 0.00876237 0.00666135 0.00286225 -0.00003810 -0.00027970 -0.00016475 0.00000038 0.00001175 0.00000066 0.00173010 0.01059702 0.00588670 1.25189698 36.06644 
1.050 0.02318096 2 -2242776.99 11945210.45 -9577892.88 1404609.52 1957047.99 -7971752.08 -748783090.28 -0.02312893 0.01662373 0.01352240 0.00645301 0.02302408 0.02247187 0.02113482 0.02007755 0.01909754 0.01819698 0.01737731 0.01663351 0.01590765 0.01504062 0.01381114 0.01210436 0.00987737 0.00754091 0.00324499 -0.00010250 -0.00030275 -0.00016527 -0.00000052 0.00001160 0.00000076 0.00191823 0.01072017 0.00604437 1.30333375 37.12722 
1.080 0.02458026 2 -1906092.37 12168954.25 -9600149.96 1308957.79 2182514.02 -7966368.48 -737542125.39 -0.02443341 0.01570082 0.01282624 0.00701482 0.02441294 0.02423811 0.02284430 0.02174956 0.02073777 0.01981074 0.01896965 0.01821008 0.01746123 0.01654392 0.01522977 0.01334634 0.01089539 0.00833305 0.00355948 -0.00019051 -0.00034142 -0.00017021 -0.00000104 0.00001198 0.00000097 0.00209366 0.01094618 0.00624351 1.36438946 38.18800 
1.110 0.02649720 2 -1597769.49 12399798.57 -9647953.67 1228323.58 2310199.44 -7888137.41 -726989334.69 -0.02578224 0.01380184 0.01152860 0.00763769 0.02631806 0.02581736 0.02436650 0.02323147 0.02218300 0.02122243 0.02035064 0.01956282 0.01877707 0.01778673 0.01636557 0.01429279 0.01164463 0.00889973 0.00379571 -0.00022035 -0.00037356 -0.00017908 -0.00000108 0.00001282 0.00000124 0.00224144 0.01113321 0.00640969 1.42731178 39.24878 
1.140 0.02833856 2 -1209938.11 12624963.19 -9638685.78 1118389.41 2359441.61 -7674046.53 -710117743.39 -0.02730769 0.01142940 0.01018670 0.00871554 0.02812826 0.02708843 0.02558988 0.02442324 0.02334696 0.02236185 0.02146850 0.02066038 0.01984874 0.01880378 0.01729613 0.01506278 0.01224101 0.00932393 0.00392303 -0.00028314 -0.00041152 -0.00018662 -0.00000111 0.00001351 0.00000147 0.00235626 0.01132137 0.00655889 1.49277013 40.30955 
1.170 0.03019941 2 -823118.42 12894531.61 -9641868.90 1004444.09 2277954.88 -7358180.10 -694331996.79 -0.02890697 0.00896563 0.00903015 0.01023090 0.02994290 0.02774971 0.02619599 0.02499256 0.02388458 0.02287209 0.02195536 0.02112641 0.02028923 0.01920322 0.01763305 0.01529427 0.01236376 0.00934279 0.00380727 -0.00041477 -0.00045782 -0.00018982 0.00000015 0.00001404 0.00000146 0.00239066 0.01162641 0.00672016 1.56219100 41.37033 
1.200 0.03194070 2 -518175.10 13151593.49 -9667288.04 913532.84 2113712.45 -7029725.84 -682870344.74 -0.03028809 0.00678632 0.00805227 0.01158755 0.03163716 0.02825331 0.02664301 0.02540077 0.02425908 0.02321686 0.02227389 0.02142022 0.02055051 0.01941389 0.01776822 0.01532287 0.01229895 0.00920253 0.00360933 -0.00056349 -0.00050983 -0.00019234 0.00000213 0.00001459 0.00000128 0.00240055 0.01194068 0.00687273 1.62520572 42.43111 
