0.001 0.00012737 5 98295.39 3068.28 9543.97 11417.73 10376.73 63888.68 7160577.03 -0.00000178 -0.00005983 -0.00012344 -0.00003989 -0.00000481 0.00003629 0.00004071 0.00003794 0.00003408 0.00002955 0.00002456 0.00001949 0.00001469 0.00001035 0.00000650 0.00000307 0.00000007 -0.00000251 -0.00000439 0.00000056 0.00000970 -0.00000039 -0.00001046 -0.00000168 0.00000165 0.00000266 -0.00004147 -0.00001803 -0.00306985 0.04620 
0.030 0.00189210 5 2668004.23 92601.14 229284.25 294005.09 281079.57 1771034.18 195763793.04 -0.00048264 -0.00182136 -0.00102817 -0.00073289 -0.00048800 -0.00064219 -0.00063293 -0.00060158 -0.00054936 -0.00048050 -0.00040088 -0.00031799 -0.00023866 -0.00016795 -0.00010888 -0.00006267 -0.00002908 -0.00000675 0.00001339 0.00000974 0.00000088 -0.00000383 -0.00000532 -0.00000325 -0.00000248 -0.00003418 -0.00077830 -0.00038301 -0.05420138 1.38594 
0.060 0.00347919 5 5097802.65 167117.71 468866.98 607437.33 542523.96 3311856.68 371558420.82 -0.00091031 -0.00340409 -0.00184360 -0.00137152 -0.00094793 -0.00144493 -0.00145203 -0.00140518 -0.00131335 -0.00118308 -0.00102343 -0.00084650 -0.00066546 -0.00049340 -0.00034113 -0.00021504 -0.00011773 -0.00004805 0.00002613 0.00002798 -0.00000129 -0.00000518 -0.00000039 -0.00000280 -0.00000394 -0.00008682 -0.00145606 -0.00072869 -0.10368121 2.77188 
0.090 0.00497288 5 7372982.90 248048.30 749209.23 876421.07 767613.30 4731691.00 533225252.52 -0.00131566 -0.00489577 -0.00259649 -0.00195413 -0.00138700 -0.00228193 -0.00231043 -0.00225378 -0.00212921 -0.00194480 -0.00171249 -0.00144851 -0.00117100 -0.00089789 -0.00064548 -0.00042788 -0.00025353 -0.00012363 0.00002742 0.00004975 0.00000040 -0.00000561 0.00000388 -0.00000196 -0.00000461 -0.00014640 -0.00209051 -0.00105776 -0.15095037 4.15782 
0.120 0.00637926 5 9428969.76 337153.52 981618.46 1116890.64 971479.77 6021827.36 679207621.46 -0.00172339 -0.00629801 -0.00330408 -0.00250470 -0.00179022 -0.00318454 -0.00323208 -0.00316608 -0.00301211 -0.00277883 -0.00247971 -0.00213326 -0.00176174 -0.00138836 -0.00103439 -0.00071818 -0.00045475 -0.00025063 0.00000698 0.00007344 0.00000631 -0.00000512 0.00000737 -0.00000087 -0.00000465 -0.00021504 -0.00269004 -0.00137526 -0.19669451 5.54377 
0.150 0.00770882 5 11356082.06 435153.29 1251542.34 1319917.01 1159993.21 7189476.20 812709534.41 -0.00207932 -0.00759700 -0.00399079 -0.00301444 -0.00217716 -0.00415293 -0.00423148 -0.00416670 -0.00399406 -0.00372247 -0.00336599 -0.00294394 -0.00248065 -0.00200367 -0.00153984 -0.00111297 -0.00074358 -0.00044607 -0.00004202 0.00009952 0.00001672 -0.00000402 0.00000994 0.00000040 -0.00000410 -0.00029660 -0.00325584 -0.00168382 -0.24214768 6.92971 
0.180 0.00825176 5 -12137386.01 -595495.55 -1533150.28 -1398549.48 -1249230.71 -7360960.00 -846997616.21 0.00172453 0.00825176 0.00491158 0.00304861 0.00230696 0.00510671 0.00522525 0.00516363 0.00497475 0.00466833 0.00425955 0.00376907 0.00322299 0.00265164 0.00208570 0.00155324 0.00107920 0.00068318 0.00011205 -0.00012463 -0.00003155 0.00000174 -0.00001026 -0.00000242 0.00000053 0.00038019 0.00352682 0.00185525 0.27435633 8.31565 
0.210 0.00902044 5 -12395941.76 -480077.34 -1630123.48 -1466926.62 -1261991.38 -7556822.94 -871222112.65 0.00108966 0.00902044 0.00643887 0.00318503 0.00237016 0.00548664 0.00561605 0.00556051 0.00537446 0.00506638 0.00465014 0.00414489 0.00357536 0.00297145 0.00236536 0.00178845 0.00126932 0.00082916 0.00017031 -0.00013146 -0.00003954 0.00000060 -0.00001009 -0.00000224 0.00000073 0.00041941 0.00389068 0.00204666 0.31257158 9.70159 
0.240 0.00902043 5 8980877.33 129363.22 76305.97 147402.73 713994.34 7913811.08 744715786.23 -0.00311703 -0.00885882 -0.00437121 -0.00289976 -0.00182972 -0.00225338 -0.00224762 -0.00217318 -0.00203886 -0.00184866 -0.00161039 -0.00133399 -0.00103450 -0.00073230 -0.00044924 -0.00020645 -0.00002149 0.00009743 0.00016293 0.00006767 -0.00001265 -0.00000784 0.00000973 0.00000006 -0.00000472 -0.00012451 -0.00340039 -0.00166017 -0.21552463 11.08753 
0.270 0.00901395 5 8660198.85 654529.73 -427843.17 -386747.62 1114311.21 7705948.70 712573849.48 -0.00199312 -0.00867315 -0.00547730 -0.00277944 -0.00158346 -0.00300766 -0.00309740 -0.00309936 -0.00303792 -0.00291311 -0.00272592 -0.00247839 -0.00217667 -0.00183405 -0.00147073 -0.00111119 -0.00078096 -0.00050016 -0.00008989 0.00008680 0.00002035 -0.00000207 0.00000877 -0.00000022 -0.00000457 -0.00024494 -0.00337810 -0.00171369 -0.24034017 12.47347 
0.300 0.00976387 4 8593854.50 198429.62 38046.13 5132.95 1577836.69 6774409.13 699573228.05 0.00153175 -0.00881304 -0.00976387 -0.00295548 -0.00156000 -0.00379162 -0.00390602 -0.00391323 -0.00384553 -0.00370293 -0.00348656 -0.00319887 -0.00284653 -0.00244325 -0.00201003 -0.00157296 -0.00115954 -0.00079301 -0.00020616 0.00010117 0.00003746 0.00000050 0.00000812 0.00000063 -0.00000272 -0.00032265 -0.00388457 -0.00199239 -0.33331987 13.85941 
0.330 0.01089472 4 8735625.06 202523.40 51941.55 -72363.56 1449662.99 7103860.68 715190770.95 0.00170208 -0.01000417 -0.01089472 -0.00300580 -0.00153033 -0.00395394 -0.00408299 -0.00410369 -0.00405105 -0.00392472 -0.00372489 -0.00345273 -0.00311206 -0.00271258 -0.00227198 -0.00181551 -0.00137157 -0.00096663 -0.00028255 0.00010555 0.00004578 0.00000144 0.00000776 0.00000006 -0.00000317 -0.00035143 -0.00420717 -0.00215891 -0.35805461 15.24536 
0.360 0.01207455 5 7921513.51 -136521.59 -77583.02 -86483.41 712904.73 7509196.80 692163082.14 0.00157034 -0.01140874 -0.01157691 -0.00292956 -0.00141679 -0.00347569 -0.00358856 -0.00361792 -0.00359400 -0.00351570 -0.00338169 -0.00319056 -0.00294154 -0.00263605 -0.00228085 -0.00189143 -0.00149016 -0.00110314 -0.00037767 0.00009652 0.00005428 0.00000391 0.00000727 -0.00000024 -0.00000317 -0.00033217 -0.00442425 -0.00225044 -0.36311498 16.63130 
0.390 0.01358884 5 7654741.02 -345712.95 -172686.53 -128419.36 563160.43 7738399.43 695739765.02 0.00176701 -0.01285203 -0.01252321 -0.00309041 -0.00140099 -0.00324472 -0.00334788 -0.00337939 -0.00336666 -0.00330844 -0.00320300 -0.00304832 -0.00284257 -0.00258492 -0.00227752 -0.00192892 -0.00155474 -0.00117836 -0.00042280 0.00010776 0.00006293 0.00000464 0.00000723 -0.00000030 -0.00000319 -0.00032139 -0.00475154 -0.00239814 -0.38248449 18.01724 
0.420 0.01493394 5 6954608.53 -645082.01 -504774.90 -298400.34 649468.96 7753396.83 683498292.45 0.00230059 -0.01412923 -0.01376641 -0.00363895 -0.00137881 -0.00256245 -0.00263667 -0.00266429 -0.00266403 -0.00263449 -0.00257362 -0.00247885 -0.00234748 -0.00217701 -0.00196590 -0.00171486 -0.00142835 -0.00111968 -0.00042102 0.00012246 0.00006918 0.00000435 0.00000722 -0.00000017 -0.00000312 -0.00026599 -0.00516676 -0.00256335 -0.41039038 19.40318 
0.450 0.01615046 5 6467860.05 -583921.08 -864684.54 -492025.61 598046.24 7810445.03 663540682.10 0.00258175 -0.01529526 -0.01470558 -0.00386872 -0.00120615 -0.00205558 -0.00211614 -0.00214317 -0.00215098 -0.00213811 -0.00210236 -0.00204104 -0.00195121 -0.00183010 -0.00167546 -0.00148562 -0.00126011 -0.00100477 -0.00036638 0.00017130 0.00008628 0.00000298 0.00000693 0.00000003 -0.00000300 -0.00021761 -0.00541892 -0.00265586 -0.42229229 20.78912 
0.480 0.01743136 5 6013690.28 -511798.36 -1200956.29 -606962.74 602556.05 7730851.61 640688537.00 0.00328207 -0.01653422 -0.01604856 -0.00441566 -0.00092115 -0.00155619 -0.00161775 -0.00165339 -0.00167572 -0.00168322 -0.00167363 -0.00164416 -0.00159181 -0.00151384 -0.00140804 -0.00127184 -0.00110173 -0.00089732 -0.00032212 0.00022172 0.00011435 0.00000403 0.00000630 0.00000009 -0.00000281 -0.00017237 -0.00574945 -0.00278677 -0.44587142 22.17506 
0.510 0.01889638 5 5650514.41 -444822.75 -1447635.26 -774336.90 681457.31 7635852.02 621810790.52 0.00390318 -0.01789421 -0.01741550 -0.00456378 -0.00057137 -0.00117085 -0.00123632 -0.00127989 -0.00131424 -0.00133784 -0.00134840 -0.00134308 -0.00131883 -0.00127315 -0.00120442 -0.00111035 -0.00098599 -0.00082651 -0.00031540 0.00024459 0.00013671 0.00000613 0.00000578 0.00000033 -0.00000233 -0.00013966 -0.00599031 -0.00288231 -0.46068908 23.56100 
0.540 0.01953427 5 5382028.71 -452236.56 -1579963.84 -761775.31 639481.22 7536523.21 606806494.94 0.00429505 -0.01850201 -0.01825329 -0.00513718 -0.00020975 -0.00062717 -0.00070643 -0.00076640 -0.00082084 -0.00086822 -0.00090621 -0.00093197 -0.00094268 -0.00093661 -0.00091351 -0.00087178 -0.00080471 -0.00070255 -0.00028871 0.00024669 0.00015163 0.00000841 0.00000528 0.00000026 -0.00000215 -0.00009511 -0.00618059 -0.00294784 -0.47305582 24.94695 
0.570 0.01893519 5 5616215.70 -317480.47 -1366765.08 -676691.17 586451.39 7390701.03 601709688.58 0.00452474 -0.01790235 -0.01810190 -0.00535634 -0.00014099 -0.00096735 -0.00108164 -0.00116244 -0.00123043 -0.00128408 -0.00132115 -0.00133892 -0.00133509 -0.00130945 -0.00126430 -0.00119947 -0.00110658 -0.00097408 -0.00045816 0.00023873 0.00018137 0.00001472 0.00000437 -0.00000033 -0.00000213 -0.00014375 -0.00610530 -0.00293838 -0.47879070 26.33289 
0.600 0.01663085 4 6159122.80 -782148.02 -1964302.25 767547.55 1639654.66 6498370.86 657080312.69 0.00603580 -0.01310258 -0.01663085 -0.00836534 -0.00062331 -0.00102115 -0.00118642 -0.00130159 -0.00139784 -0.00147365 -0.00152677 -0.00155453 -0.00155507 -0.00152969 -0.00148281 -0.00141401 -0.00131304 -0.00116643 -0.00058992 0.00021255 0.00019197 0.00001842 0.00000452 -0.00000079 -0.00000244 -0.00017168 -0.00607443 -0.00293875 -0.53446019 27.71883 
0.630 0.01526633 4 6180988.11 -685526.00 -2106752.99 1219933.22 1700089.22 6053244.66 642634181.68 0.00658778 -0.01010685 -0.01526633 -0.00995902 -0.00067752 -0.00093490 -0.00114955 -0.00129975 -0.00142566 -0.00152575 -0.00159780 -0.00163926 -0.00164898 -0.00163026 -0.00158977 -0.00152652 -0.00142844 -0.00128004 -0.00067654 0.00019170 0.00019783 0.00001984 0.00000416 -0.00000103 -0.00000252 -0.00018375 -0.00586179 -0.00284549 -0.54663562 29.10477 
0.660 0.01361653 4 6153465.41 -667805.26 -2145458.75 1608076.64 1876324.45 5482328.35 625281852.08 0.00710584 -0.00666689 -0.01361653 -0.01151024 -0.00082543 -0.00091094 -0.00116924 -0.00135022 -0.00150195 -0.00162291 -0.00171089 -0.00176356 -0.00178070 -0.00176832 -0.00173546 -0.00168083 -0.00159085 -0.00144697 -0.00081740 0.00013736 0.00019622 0.00002290 0.00000388 -0.00000140 -0.00000262 -0.00020471 -0.00557633 -0.00272280 -0.55622885 30.49071 
0.690 0.01326038 3 6876553.52 -561288.23 -2077085.06 2727058.01 2098461.45 4689407.34 634081697.99 0.00809737 -0.00265582 -0.01121323 -0.01326038 -0.00158450 -0.00204632 -0.00238078 -0.00260112 -0.00277106 -0.00288916 -0.00295342 -0.00296220 -0.00291778 -0.00283152 -0.00271551 -0.00256805 -0.00237294 -0.00211010 -0.00118080 0.00008365 0.00021863 0.00003158 0.00000318 -0.00000227 -0.00000280 -0.00034555 -0.00529155 -0.00266412 -0.58831298 31.87665 
0.720 0.01324423 3 7031773.05 -637637.77 -1836689.06 2801763.16 2111472.43 4592864.29 637895555.05 0.00800767 -0.00219730 -0.01074938 -0.01324423 -0.00157017 -0.00222526 -0.00257943 -0.00281157 -0.00298969 -0.00311240 -0.00317782 -0.00318462 -0.00313628 -0.00304624 -0.00292747 -0.00277815 -0.00257949 -0.00230928 -0.00133310 0.00001242 0.00019364 0.00002855 0.00000369 -0.00000227 -0.00000307 -0.00038014 -0.00516154 -0.00262155 -0.58255121 33.26260 
0.750 0.01332446 3 7272928.56 -725044.75 -1506051.76 3023035.43 2065255.82 4415733.82 641012935.27 0.00803800 -0.00155629 -0.01012405 -0.01332446 -0.00169021 -0.00256342 -0.00293997 -0.00318358 -0.00336686 -0.00348853 -0.00354691 -0.00354128 -0.00347687 -0.00336934 -0.00323157 -0.00306032 -0.00283538 -0.00253506 -0.00147710 -0.00002420 0.00019564 0.00003172 0.00000353 -0.00000281 -0.00000336 -0.00042528 -0.00503650 -0.00258691 -0.58131324 34.64854 
0.780 0.01454926 3 -5152320.29 1566227.67 2032546.14 -1677854.72 -1822105.90 -5251133.48 -607075959.15 -0.01517487 0.00341712 0.01142430 0.01449305 0.00979727 0.00848292 0.00843840 0.00835673 0.00824995 0.00811738 0.00795741 0.00776629 0.00753342 0.00723737 0.00685924 0.00639686 0.00586826 0.00530186 0.00380512 0.00135079 -0.00005183 -0.00015375 0.00000267 0.00001220 0.00000032 0.00104789 0.00756700 0.00410390 0.94069365 36.03448 
0.810 0.01719176 4 -4113411.99 1921471.01 1946719.49 -735048.72 -1545173.90 -5701379.87 -578397336.29 -0.01672892 0.01078704 0.01711787 0.01524407 0.00864914 0.00607742 0.00595497 0.00583770 0.00572018 0.00560170 0.00548054 0.00535309 0.00520980 0.00503076 0.00479582 0.00450008 0.00415879 0.00379802 0.00287722 0.00120078 0.00001753 -0.00012479 -0.00000009 0.00000952 0.00000034 0.00075098 0.00896564 0.00460182 0.99549885 37.42042 
0.840 0.02585692 4 -3656757.73 1805808.63 1906158.02 165033.23 -1246019.51 -6287738.11 -561542696.78 -0.01841258 0.02308915 0.02565482 0.01509391 0.00652987 0.00381143 0.00368724 0.00358408 0.00349398 0.00341615 0.00334887 0.00328910 0.00323014 0.00315792 0.00305368 0.00290840 0.00272890 0.00253381 0.00202826 0.00096944 0.00004837 -0.00009590 -0.00000226 0.00000696 0.00000044 0.00048779 0.01084245 0.00534181 1.05947213 38.80636 
