0.001 0.00011529 4 70742.13 2548.51 5699.54 6350.72 6602.02 49541.34 5264937.98 0.00000024 -0.00004556 -0.00011529 -0.00003246 0.00000063 0.00004276 0.00004703 0.00004383 0.00003937 0.00003415 0.00002840 0.00002257 0.00001705 0.00001207 0.00000769 0.00000382 0.00000050 -0.00000232 -0.00000442 0.00000066 0.00001011 -0.00000011 -0.00001041 -0.00000152 0.00000182 0.00000304 -0.00003462 -0.00001461 -0.00254844 0.04312 
0.030 0.00189906 5 -1279678.37 135810.21 317119.82 120171.34 -114700.75 -1738079.00 -141929679.35 0.00069150 0.00189906 0.00081709 0.00053552 0.00027854 0.00020383 0.00020865 0.00020541 0.00019988 0.00019016 0.00017495 0.00015344 0.00012713 0.00009923 0.00007240 0.00004836 0.00002828 0.00001249 -0.00000565 -0.00000460 0.00000752 -0.00000118 -0.00001101 -0.00000297 0.00000016 0.00001489 0.00064464 0.00031010 0.03703362 1.29356 
0.060 0.00353796 5 -2480921.62 206296.75 592688.79 215081.55 -225040.52 -3269948.19 -268467685.84 0.00123618 0.00353796 0.00159622 0.00099832 0.00050446 0.00055386 0.00058152 0.00059426 0.00060247 0.00060260 0.00058946 0.00055712 0.00050273 0.00042883 0.00034295 0.00025550 0.00017571 0.00010882 0.00001431 -0.00001995 0.00000151 -0.00000115 -0.00001079 -0.00000339 -0.00000065 0.00005189 0.00120851 0.00059409 0.07284602 2.58713 
0.090 0.00508217 5 -3626969.81 357311.24 759848.96 265980.69 -329605.64 -4680505.06 -389644136.24 0.00174532 0.00508217 0.00232614 0.00145132 0.00074994 0.00084420 0.00088254 0.00090079 0.00091281 0.00091627 0.00090649 0.00087827 0.00082426 0.00073996 0.00062869 0.00050101 0.00037189 0.00025483 0.00006712 -0.00002968 -0.00000628 -0.00000187 -0.00001059 -0.00000342 -0.00000096 0.00008597 0.00175223 0.00086707 0.10769599 3.88069 
0.120 0.00655845 5 -4901909.44 382316.01 816609.07 323391.85 -418662.86 -6005563.51 -505599660.74 0.00223978 0.00655845 0.00301515 0.00187272 0.00100448 0.00122258 0.00127032 0.00128754 0.00129278 0.00128485 0.00126144 0.00121996 0.00115677 0.00106633 0.00094337 0.00079218 0.00062561 0.00046067 0.00016051 -0.00003214 -0.00001657 -0.00000372 -0.00001035 -0.00000321 -0.00000101 0.00012730 0.00227660 0.00113484 0.14225718 5.17425 
0.150 0.00797497 5 -6133619.86 314645.43 848375.43 436392.77 -483615.04 -7249418.45 -610811669.60 0.00268906 0.00797497 0.00366815 0.00223824 0.00122863 0.00178374 0.00185923 0.00188822 0.00189701 0.00188452 0.00184903 0.00178831 0.00169980 0.00158063 0.00142824 0.00124217 0.00102902 0.00080471 0.00033834 -0.00002347 -0.00003349 -0.00000795 -0.00000986 -0.00000270 -0.00000095 0.00019477 0.00276280 0.00139860 0.17706985 6.46781 
0.180 0.00913774 5 -7080495.54 255752.77 696311.83 702671.78 -635523.93 -8099707.99 -685818820.52 0.00295403 0.00913774 0.00440890 0.00244387 0.00139690 0.00243022 0.00253942 0.00258631 0.00260510 0.00259465 0.00255318 0.00247838 0.00236765 0.00221830 0.00202833 0.00179782 0.00153179 0.00124390 0.00058836 0.00000005 -0.00005598 -0.00001473 -0.00000898 -0.00000195 -0.00000087 0.00027798 0.00316677 0.00163218 0.21018247 7.76138 
0.210 0.01016263 5 -7562597.18 92343.50 540387.33 995340.92 -576222.12 -8614446.82 -715646076.94 0.00270478 0.01016263 0.00549913 0.00248160 0.00144845 0.00300089 0.00313984 0.00320383 0.00323339 0.00322734 0.00318384 0.00310054 0.00297469 0.00280350 0.00258504 0.00231942 0.00201073 0.00167202 0.00085400 0.00003545 -0.00008092 -0.00002321 -0.00000765 -0.00000104 -0.00000085 0.00035545 0.00348711 0.00182349 0.24205094 9.05494 
0.240 0.01095342 5 -7349965.40 168842.26 575402.99 1130692.71 -536241.05 -8688662.30 -710838464.83 0.00194891 0.01095342 0.00703985 0.00249715 0.00139900 0.00304395 0.00317720 0.00323922 0.00326966 0.00326729 0.00323023 0.00315603 0.00304172 0.00288411 0.00268078 0.00243096 0.00213667 0.00180705 0.00097266 0.00007357 -0.00008681 -0.00002769 -0.00000682 -0.00000030 -0.00000059 0.00036954 0.00376897 0.00196311 0.27139878 10.34850 
0.270 0.01064187 5 -6591406.72 313908.34 703185.54 1246825.99 -534594.42 -8320732.17 -668639780.34 0.00150236 0.01064187 0.00733296 0.00237516 0.00126039 0.00261414 0.00272610 0.00278118 0.00281372 0.00282250 0.00280555 0.00276032 0.00268366 0.00257205 0.00242227 0.00223217 0.00200108 0.00173268 0.00099792 0.00012486 -0.00007516 -0.00002926 -0.00000613 0.00000040 -0.00000024 0.00033438 0.00366434 0.00189538 0.26574920 11.64206 
0.300 0.00993929 5 -11199465.00 -814155.22 -1525091.00 -53298.50 -808742.01 -7998178.28 -799595496.33 0.00051371 0.00993929 0.00751760 0.00253010 0.00189002 0.00626690 0.00654162 0.00662278 0.00658485 0.00642832 0.00615523 0.00576922 0.00527871 0.00469933 0.00405472 0.00337598 0.00269817 0.00205673 0.00084172 -0.00006980 -0.00009925 -0.00001817 -0.00000880 -0.00000206 -0.00000115 0.00061074 0.00382459 0.00211731 0.32577353 12.93563 
0.330 0.01090184 5 12162944.45 870207.30 829996.92 1000789.74 1000350.74 8461599.76 882029549.48 -0.00151071 -0.01038249 -0.00786749 -0.00345712 -0.00223808 -0.00544691 -0.00563243 -0.00564969 -0.00554912 -0.00533433 -0.00501262 -0.00459301 -0.00408979 -0.00352340 -0.00291894 -0.00230531 -0.00171245 -0.00117167 -0.00026559 0.00018435 0.00005872 -0.00000319 0.00000744 -0.00000134 -0.00000558 -0.00046268 -0.00438067 -0.00229934 -0.34592742 14.22919 
0.360 0.01266093 5 12440892.93 1120305.90 1282558.61 494116.19 913365.57 8630546.66 878004832.69 -0.00038253 -0.01200279 -0.01026621 -0.00338376 -0.00220018 -0.00606225 -0.00627910 -0.00631050 -0.00621560 -0.00599771 -0.00566378 -0.00522254 -0.00468819 -0.00408170 -0.00342939 -0.00276090 -0.00210617 -0.00149668 -0.00041476 0.00020097 0.00007868 -0.00000016 0.00000765 -0.00000089 -0.00000512 -0.00053260 -0.00485898 -0.00256070 -0.39655340 15.52275 
0.390 0.01481401 5 12052531.32 880348.79 1553599.95 246623.51 773279.08 8598679.98 860103315.87 0.00090599 -0.01403971 -0.01240374 -0.00334394 -0.00207501 -0.00623916 -0.00647616 -0.00652740 -0.00645648 -0.00626481 -0.00595703 -0.00553904 -0.00502235 -0.00442600 -0.00377534 -0.00309949 -0.00242754 -0.00178999 -0.00058894 0.00019422 0.00009626 0.00000402 0.00000739 -0.00000057 -0.00000448 -0.00057289 -0.00527205 -0.00277574 -0.43666594 16.81631 
0.420 0.01688878 5 11217764.26 461646.08 1390347.55 243064.68 565834.02 8556871.92 835723798.26 0.00203431 -0.01602377 -0.01423600 -0.00339902 -0.00180719 -0.00616858 -0.00643485 -0.00652695 -0.00651062 -0.00638558 -0.00615214 -0.00581105 -0.00536610 -0.00482770 -0.00421473 -0.00355345 -0.00287358 -0.00220723 -0.00086248 0.00015832 0.00012604 0.00001366 0.00000668 -0.00000077 -0.00000382 -0.00061356 -0.00561016 -0.00295585 -0.46867814 18.10988 
0.450 0.01761705 5 10968917.65 551103.54 1123245.90 376658.44 667057.28 8250852.49 815523508.63 0.00303748 -0.01671226 -0.01542297 -0.00359440 -0.00160826 -0.00632094 -0.00662789 -0.00675379 -0.00677054 -0.00667754 -0.00647435 -0.00616075 -0.00573860 -0.00521537 -0.00460729 -0.00393891 -0.00323922 -0.00254060 -0.00107008 0.00014175 0.00015499 0.00002151 0.00000496 -0.00000118 -0.00000316 -0.00065854 -0.00577690 -0.00305791 -0.49450458 19.40344 
0.480 0.01816058 4 6929516.83 -276968.75 -727971.61 -377785.32 2229519.79 6082722.72 641861456.70 0.00613247 -0.01618532 -0.01816058 -0.00402742 -0.00099996 -0.00396278 -0.00416954 -0.00427706 -0.00433162 -0.00433213 -0.00427699 -0.00416424 -0.00399216 -0.00376032 -0.00346978 -0.00312155 -0.00271648 -0.00226401 -0.00112382 0.00003549 0.00015293 0.00003159 0.00000177 -0.00000159 -0.00000172 -0.00047146 -0.00577498 -0.00295763 -0.51436321 20.69700 
0.510 0.01849069 4 6458810.58 -181275.14 -1049078.97 -560673.41 1998372.27 6251465.83 620509348.18 0.00646275 -0.01654517 -0.01849069 -0.00410172 -0.00103681 -0.00377821 -0.00396730 -0.00406610 -0.00411807 -0.00412207 -0.00407649 -0.00397934 -0.00382905 -0.00362562 -0.00337046 -0.00306319 -0.00270048 -0.00228489 -0.00117980 0.00001500 0.00016057 0.00003429 0.00000125 -0.00000160 -0.00000131 -0.00045781 -0.00585987 -0.00299017 -0.52157854 21.99057 
0.540 0.01799144 4 6016263.98 -264170.79 -1464619.51 -409053.49 1864674.59 6289433.19 609287849.13 0.00659030 -0.01584009 -0.01799144 -0.00450051 -0.00127774 -0.00350390 -0.00365798 -0.00373610 -0.00377626 -0.00377729 -0.00373747 -0.00365482 -0.00352796 -0.00335765 -0.00314606 -0.00289185 -0.00258776 -0.00222899 -0.00120569 -0.00001855 0.00015844 0.00003660 0.00000115 -0.00000162 -0.00000107 -0.00042982 -0.00584742 -0.00296946 -0.52463259 23.28413 
0.570 0.01739576 4 5565702.64 -458886.34 -2106171.03 154212.15 1944810.02 6031737.85 602421358.53 0.00723438 -0.01403613 -0.01739576 -0.00646251 -0.00152250 -0.00274781 -0.00288108 -0.00295430 -0.00300119 -0.00302045 -0.00301019 -0.00296827 -0.00289354 -0.00278769 -0.00265404 -0.00249044 -0.00228570 -0.00202707 -0.00117985 -0.00006275 0.00015295 0.00003887 0.00000162 -0.00000180 -0.00000123 -0.00036171 -0.00602445 -0.00301627 -0.55540292 24.57769 
0.600 0.01728603 4 5585564.54 -458621.07 -2057288.12 97621.82 1969332.76 6034519.15 602934160.98 0.00739857 -0.01362993 -0.01728603 -0.00658445 -0.00172313 -0.00287048 -0.00298567 -0.00304557 -0.00308099 -0.00309061 -0.00307247 -0.00302449 -0.00294603 -0.00284044 -0.00271319 -0.00256243 -0.00237417 -0.00213052 -0.00128239 -0.00009724 0.00016156 0.00004276 0.00000142 -0.00000226 -0.00000142 -0.00037527 -0.00604160 -0.00303151 -0.56350944 25.87125 
0.630 0.01548102 4 5244856.50 -710260.30 -2128862.08 580516.43 2036054.90 5467407.54 581607475.93 0.00862572 -0.00936684 -0.01548102 -0.00974116 -0.00207719 -0.00217716 -0.00231530 -0.00239855 -0.00246116 -0.00250177 -0.00251840 -0.00250895 -0.00247326 -0.00241665 -0.00234767 -0.00226582 -0.00215419 -0.00198795 -0.00128091 -0.00014638 0.00014839 0.00004249 0.00000128 -0.00000233 -0.00000146 -0.00032408 -0.00600524 -0.00298727 -0.60287533 27.16482 
0.660 0.01432610 4 5438217.40 -754004.23 -1922380.75 730043.29 2135885.48 5248673.62 584044466.68 0.00905194 -0.00722054 -0.01431758 -0.01069179 -0.00253471 -0.00249939 -0.00265033 -0.00273819 -0.00280043 -0.00283570 -0.00284200 -0.00281742 -0.00276263 -0.00268507 -0.00259797 -0.00250779 -0.00238978 -0.00221182 -0.00142558 -0.00017183 0.00015559 0.00004591 0.00000123 -0.00000269 -0.00000161 -0.00036420 -0.00590568 -0.00296192 -0.62000467 28.45838 
0.690 0.01370314 4 5593085.69 -964217.85 -1410000.51 639235.28 2088533.94 5239534.83 590496482.75 0.00919715 -0.00628539 -0.01368628 -0.01102159 -0.00279246 -0.00272428 -0.00287811 -0.00296502 -0.00302364 -0.00305268 -0.00305024 -0.00301473 -0.00294783 -0.00286184 -0.00276911 -0.00266578 -0.00252980 -0.00232757 -0.00148456 -0.00017392 0.00015885 0.00004524 0.00000172 -0.00000263 -0.00000176 -0.00038833 -0.00584155 -0.00294467 -0.62580363 29.75194 
0.720 0.01359817 3 -5875886.11 1265853.83 1300591.04 -1688745.76 -1909432.36 -4844152.87 -601814291.31 -0.01206542 0.00171183 0.01036935 0.01354183 0.00642851 0.00658568 0.00676551 0.00685930 0.00691407 0.00692878 0.00690154 0.00682854 0.00669949 0.00649727 0.00620440 0.00581691 0.00535385 0.00484208 0.00340150 0.00108264 -0.00008699 -0.00012892 0.00000174 0.00001186 0.00000218 0.00091024 0.00624304 0.00341013 0.78474873 31.04550 
0.750 0.01387505 3 -5683944.26 1136440.09 1517288.86 -1683927.31 -1918781.47 -4734964.44 -586347367.06 -0.01255899 0.00176244 0.01062998 0.01380723 0.00671440 0.00666062 0.00682197 0.00690194 0.00694460 0.00694898 0.00691322 0.00683329 0.00669928 0.00649405 0.00620091 0.00581648 0.00535542 0.00484244 0.00340859 0.00109351 -0.00008421 -0.00012972 0.00000193 0.00001203 0.00000224 0.00091255 0.00639683 0.00348346 0.80414432 32.33907 
0.780 0.01404897 3 -5353314.97 1029555.83 1718097.18 -1668265.84 -1946350.86 -4486351.27 -560024724.76 -0.01298552 0.00162396 0.01080137 0.01396980 0.00684702 0.00659474 0.00674086 0.00681103 0.00684633 0.00684575 0.00680743 0.00672716 0.00659435 0.00639081 0.00610173 0.00572530 0.00527584 0.00477641 0.00337603 0.00109341 -0.00008502 -0.00013123 0.00000245 0.00001228 0.00000222 0.00090021 0.00644735 0.00350058 0.81341843 33.63263 
0.810 0.01436351 3 -4890136.45 961843.69 1914200.07 -1645493.81 -1970062.15 -4150624.25 -525607547.02 -0.01347778 0.00120033 0.01085569 0.01427133 0.00694204 0.00637672 0.00650459 0.00656422 0.00659299 0.00658991 0.00655311 0.00647838 0.00635496 0.00616411 0.00589038 0.00553152 0.00510188 0.00462479 0.00328930 0.00108405 -0.00008003 -0.00012990 0.00000275 0.00001223 0.00000216 0.00087055 0.00645915 0.00349036 0.82038368 34.92619 
0.840 0.01475641 3 -4476534.11 887590.28 2075183.67 -1645146.21 -1981004.51 -3813157.32 -492403287.06 -0.01395420 0.00031061 0.01065589 0.01465393 0.00710950 0.00625006 0.00636242 0.00641248 0.00643457 0.00642772 0.00639003 0.00631709 0.00619736 0.00601109 0.00574236 0.00538969 0.00496849 0.00450263 0.00320987 0.00106651 -0.00007893 -0.00012889 0.00000314 0.00001222 0.00000210 0.00084941 0.00642400 0.00346265 0.82753340 36.21975 
0.870 0.01510485 3 -4157062.53 785887.27 2187356.10 -1688018.86 -1971817.37 -3470469.67 -461139994.40 -0.01433544 -0.00075172 0.01018137 0.01499414 0.00731215 0.00628025 0.00638624 0.00643205 0.00645079 0.00644148 0.00640218 0.00632812 0.00620662 0.00601652 0.00574134 0.00538107 0.00495304 0.00448245 0.00319109 0.00106146 -0.00008018 -0.00013016 0.00000359 0.00001241 0.00000206 0.00084901 0.00633281 0.00341968 0.83204126 37.51332 
0.900 0.01545455 3 -3979941.47 649792.93 2258063.74 -1770639.83 -1940404.07 -3176754.23 -435948903.69 -0.01467426 -0.00180113 0.00949595 0.01533553 0.00758596 0.00648871 0.00659703 0.00664353 0.00666159 0.00665022 0.00660741 0.00652790 0.00639741 0.00619277 0.00589705 0.00551239 0.00505912 0.00456445 0.00322567 0.00105757 -0.00008385 -0.00013046 0.00000394 0.00001251 0.00000204 0.00087032 0.00623093 0.00338325 0.83724098 38.80688 
0.930 0.01603682 3 -2096051.03 1383302.09 3280991.32 -1520749.83 -2205930.08 -3033664.53 -396646699.04 -0.01782169 -0.00131408 0.01030837 0.01589484 0.01104471 0.00746759 0.00721807 0.00698780 0.00675464 0.00651825 0.00627711 0.00602597 0.00574968 0.00542366 0.00503051 0.00457462 0.00408256 0.00358895 0.00244373 0.00071229 -0.00017765 -0.00013175 0.00000826 0.00000846 -0.00000379 0.00077339 0.00730965 0.00383743 0.95771520 40.10044 
0.960 0.01650204 3 -2007022.67 1451468.69 3187385.78 -1644738.61 -2209937.81 -2791200.72 -385312606.72 -0.01852772 -0.00268241 0.00956630 0.01636214 0.01180206 0.00814163 0.00787794 0.00763427 0.00738651 0.00713434 0.00687614 0.00660552 0.00630349 0.00593921 0.00549197 0.00497006 0.00440852 0.00385026 0.00258810 0.00073900 -0.00019318 -0.00014101 0.00000930 0.00000940 -0.00000378 0.00083977 0.00731618 0.00387576 0.98419678 41.39401 
0.990 0.01675622 3 -1887287.19 1529039.11 3041484.89 -1736785.92 -2189943.51 -2531081.76 -370645078.73 -0.01924834 -0.00394040 0.00878318 0.01661984 0.01263367 0.00898005 0.00870004 0.00844075 0.00817584 0.00790499 0.00762639 0.00733177 0.00699563 0.00657651 0.00604947 0.00543343 0.00477733 0.00413643 0.00273905 0.00076346 -0.00021007 -0.00015032 0.00001061 0.00001038 -0.00000382 0.00092008 0.00729825 0.00391001 1.00918101 42.68757 
1.020 0.01710196 3 -1732482.58 1623316.77 2908543.10 -1761404.94 -2127988.07 -2374949.43 -357965905.15 -0.02010729 -0.00456849 0.00853738 0.01696216 0.01343165 0.00965240 0.00934496 0.00906275 0.00877523 0.00848217 0.00818160 0.00786370 0.00749741 0.00703266 0.00643987 0.00574110 0.00500289 0.00429428 0.00280216 0.00075989 -0.00023077 -0.00015917 0.00001225 0.00001137 -0.00000391 0.00097537 0.00743597 0.00400394 1.04229003 43.98113 
1.050 0.01757128 2 -13555894.82 2729768.76 -5212383.66 -1750320.09 -618953.09 -8704006.74 -1044098706.20 -0.00954876 0.00323722 0.00345266 0.00748868 0.01747482 0.02083115 0.02058469 0.02022047 0.01972632 0.01910379 0.01835359 0.01746987 0.01642898 0.01519312 0.01374745 0.01212571 0.01040544 0.00868888 0.00494180 0.00079354 -0.00046001 -0.00021641 0.00000873 0.00001744 0.00000014 0.00206255 0.00760238 0.00465949 0.98847952 45.27469 
1.080 0.01834636 2 -13272636.40 2858557.98 -5189614.25 -1757040.58 -652307.82 -8532231.72 -1031088758.50 -0.01084516 0.00246488 0.00352175 0.00855518 0.01824306 0.02103721 0.02075870 0.02037113 0.01985623 0.01921599 0.01845186 0.01755999 0.01652055 0.01529867 0.01387813 0.01228863 0.01059688 0.00889615 0.00512191 0.00085909 -0.00047042 -0.00022881 0.00000968 0.00001870 0.00000026 0.00208725 0.00789481 0.00480970 1.03854659 46.56826 
1.110 0.01910057 2 -12983599.06 2965179.10 -5108908.68 -1817829.20 -693473.98 -8328566.30 -1016992297.52 -0.01211171 0.00146944 0.00342993 0.00964645 0.01898974 0.02129097 0.02098918 0.02058530 0.02005645 0.01940491 0.01863275 0.01773779 0.01670321 0.01549569 0.01409721 0.01253250 0.01086044 0.00916696 0.00534819 0.00094887 -0.00047219 -0.00024067 0.00001045 0.00001990 0.00000038 0.00212401 0.00813810 0.00494328 1.08678325 47.86182 
1.140 0.01983419 2 -12686663.75 3069415.17 -4998784.71 -1911146.43 -738812.21 -8107335.58 -1002493204.44 -0.01329568 0.00032229 0.00319287 0.01070113 0.01971771 0.02159885 0.02127753 0.02085901 0.02031666 0.01965295 0.01887031 0.01796740 0.01692788 0.01571589 0.01431201 0.01274629 0.01107699 0.00938474 0.00554214 0.00104840 -0.00045640 -0.00024635 0.00001058 0.00002049 0.00000046 0.00216345 0.00833456 0.00505632 1.13120693 49.15538 
1.170 0.02056307 2 -12388881.41 3165948.45 -4872547.21 -2024697.51 -780169.24 -7877415.91 -987544189.17 -0.01441009 -0.00094202 0.00283440 0.01173011 0.02043517 0.02188551 0.02154478 0.02111310 0.02055977 0.01988740 0.01909870 0.01819299 0.01715428 0.01594428 0.01453958 0.01296782 0.01129444 0.00959860 0.00573129 0.00114836 -0.00043857 -0.00025127 0.00001065 0.00002100 0.00000054 0.00220226 0.00849435 0.00515184 1.17237074 50.44894 
1.200 0.02125225 2 -12068129.09 3278570.86 -4741950.68 -2146115.83 -815971.41 -7642662.02 -972034126.62 -0.01544549 -0.00223624 0.00240738 0.01269257 0.02110787 0.02213349 0.02177499 0.02133314 0.02077333 0.02009829 0.01931088 0.01841098 0.01738328 0.01618876 0.01480211 0.01324626 0.01158004 0.00988036 0.00596227 0.00125431 -0.00042291 -0.00025768 0.00001086 0.00002165 0.00000061 0.00224375 0.00861607 0.00523094 1.20970670 51.74251 
