0.001 0.00012189 5 33233.93 -5939.95 -18434.64 -3472.55 4908.88 56172.18 4439916.91 -0.00000320 -0.00005436 -0.00011936 -0.00003191 0.00000659 0.00005830 0.00006214 0.00005772 0.00005165 0.00004458 0.00003687 0.00002910 0.00002179 0.00001527 0.00000964 0.00000482 0.00000083 -0.00000241 -0.00000482 0.00000047 0.00001015 -0.00000006 -0.00001039 -0.00000150 0.00000184 0.00000378 -0.00003433 -0.00001409 -0.00233738 0.12276 
0.030 0.00175486 5 994255.77 -143063.63 -492509.15 -78714.38 144256.69 1564286.24 125813796.82 -0.00051943 -0.00168474 -0.00093546 -0.00054879 -0.00020424 0.00002990 0.00003770 0.00003445 0.00002740 0.00001877 0.00001023 0.00000344 -0.00000141 -0.00000458 -0.00000641 -0.00000729 -0.00000763 -0.00000777 -0.00000602 -0.00000072 0.00000438 -0.00000232 -0.00000837 -0.00000291 -0.00000060 0.00000091 -0.00060377 -0.00028255 -0.03543494 3.68278 
0.060 0.00323037 5 2224075.97 103993.02 -995697.52 -148508.35 320383.60 2943905.22 238768836.29 -0.00097823 -0.00315620 -0.00167715 -0.00099910 -0.00037625 -0.00034433 -0.00036510 -0.00038391 -0.00039930 -0.00040856 -0.00040774 -0.00039195 -0.00035824 -0.00030856 -0.00024935 -0.00018848 -0.00013282 -0.00008638 -0.00001818 0.00001329 0.00000490 -0.00000355 -0.00000567 -0.00000335 -0.00000231 -0.00003588 -0.00111463 -0.00054157 -0.06866952 7.36556 
0.090 0.00460043 5 3526261.57 384648.95 -1328402.46 -232642.53 497962.96 4204694.65 346118732.00 -0.00142095 -0.00452440 -0.00235115 -0.00140017 -0.00056040 -0.00079930 -0.00084989 -0.00088215 -0.00090132 -0.00090563 -0.00089184 -0.00085572 -0.00079248 -0.00070092 -0.00058655 -0.00046074 -0.00033796 -0.00022986 -0.00005973 0.00002836 0.00000916 -0.00000370 -0.00000260 -0.00000337 -0.00000357 -0.00008266 -0.00159390 -0.00079110 -0.10109758 11.04833 
0.120 0.00589518 5 4921197.41 525734.92 -1274518.21 -318504.58 610350.47 5378134.81 452840641.45 -0.00187568 -0.00581794 -0.00295138 -0.00174674 -0.00079959 -0.00134627 -0.00142295 -0.00146296 -0.00147852 -0.00146892 -0.00143280 -0.00136873 -0.00127469 -0.00114818 -0.00099036 -0.00081049 -0.00062408 -0.00044853 -0.00014485 0.00003949 0.00001855 -0.00000207 -0.00000003 -0.00000336 -0.00000447 -0.00013901 -0.00205904 -0.00103907 -0.13371639 14.73111 
0.150 0.00714767 5 6406340.80 632629.60 -941782.85 -416549.29 615139.20 6516904.12 556757599.96 -0.00232568 -0.00706722 -0.00347704 -0.00201728 -0.00104992 -0.00217728 -0.00229167 -0.00234459 -0.00235958 -0.00233608 -0.00227325 -0.00217017 -0.00202590 -0.00184018 -0.00161548 -0.00135951 -0.00108808 -0.00082177 -0.00031376 0.00004463 0.00003680 0.00000227 0.00000187 -0.00000337 -0.00000502 -0.00022809 -0.00249478 -0.00129066 -0.16749638 18.41389 
0.180 0.00828307 5 -9247681.32 -532733.02 -257875.98 -36445.62 -902899.31 -7517727.39 -724453079.04 0.00168360 0.00828307 0.00466226 0.00240912 0.00162218 0.00482049 0.00506722 0.00516647 0.00518252 0.00511449 0.00496141 0.00472231 0.00439712 0.00398857 0.00350624 0.00297093 0.00241239 0.00186492 0.00077327 -0.00007747 -0.00009683 -0.00001626 -0.00000751 -0.00000131 -0.00000052 0.00050189 0.00309367 0.00171686 0.24810814 22.09667 
0.210 0.00944950 5 -9336834.17 -694041.30 -155673.02 368185.80 -932808.86 -7922496.79 -737303400.83 0.00106249 0.00944950 0.00651430 0.00246439 0.00158732 0.00534658 0.00562969 0.00575734 0.00580129 0.00576042 0.00563328 0.00541824 0.00511382 0.00471965 0.00423949 0.00368666 0.00308541 0.00247038 0.00114129 -0.00005240 -0.00014762 -0.00002982 -0.00000560 -0.00000009 -0.00000060 0.00059198 0.00351296 0.00196127 0.29350900 25.77944 
0.240 0.01027092 5 11082655.62 872900.69 1589565.01 -686290.96 355609.62 8950871.26 812466892.50 -0.00226087 -0.00987710 -0.00555644 -0.00235982 -0.00177898 -0.00614251 -0.00648760 -0.00665316 -0.00671757 -0.00668009 -0.00653980 -0.00629570 -0.00594715 -0.00549540 -0.00494794 -0.00432416 -0.00365400 -0.00297420 -0.00148443 -0.00006442 0.00014260 0.00003700 0.00000372 -0.00000428 -0.00000473 -0.00070190 -0.00355349 -0.00203866 -0.29136402 29.46222 
0.270 0.01084336 5 12413662.95 695958.38 2532355.39 -275976.65 369559.46 9091766.38 876029966.31 -0.00163970 -0.01035100 -0.00666495 -0.00246694 -0.00202171 -0.00748372 -0.00790299 -0.00810372 -0.00818449 -0.00814420 -0.00798135 -0.00769439 -0.00728251 -0.00674800 -0.00610184 -0.00536838 -0.00458201 -0.00378108 -0.00198365 -0.00016322 0.00017813 0.00005414 0.00000290 -0.00000519 -0.00000423 -0.00087042 -0.00387508 -0.00227893 -0.34139470 33.14500 
0.300 0.01253332 5 -9312279.46 -331486.02 -763701.39 286737.71 -840659.84 -7663169.93 -730730776.85 -0.00302676 0.01253332 0.01216940 0.00378687 0.00176535 0.00644069 0.00678232 0.00695281 0.00703027 0.00701351 0.00690093 0.00669056 0.00638017 0.00596703 0.00545044 0.00483801 0.00415000 0.00342098 0.00170617 -0.00005912 -0.00028208 -0.00006391 -0.00000107 0.00000332 -0.00000030 0.00074582 0.00483828 0.00266427 0.45230225 36.82778 
0.330 0.01537861 5 -7303982.28 21746.30 203574.40 432687.37 -284032.66 -7677957.68 -654084753.74 -0.00376347 0.01537861 0.01438108 0.00567126 0.00150024 0.00376277 0.00399519 0.00412855 0.00421540 0.00425458 0.00424428 0.00418213 0.00406487 0.00388762 0.00364522 0.00333608 0.00296430 0.00253966 0.00138416 -0.00000664 -0.00024116 -0.00005984 -0.00000026 0.00000492 0.00000124 0.00048348 0.00577422 0.00296365 0.49568692 40.51056 
0.360 0.01938163 4 9618792.45 711688.62 1096783.70 -521031.86 991995.20 7339356.80 712134939.14 0.00853095 -0.01742333 -0.01938163 -0.00901122 -0.00145693 -0.00558353 -0.00606147 -0.00635298 -0.00655422 -0.00666534 -0.00668679 -0.00661943 -0.00646488 -0.00622609 -0.00590684 -0.00550921 -0.00503300 -0.00448398 -0.00294523 -0.00082729 0.00002531 0.00007160 0.00000442 -0.00000708 -0.00000409 -0.00084853 -0.00721944 -0.00383506 -0.70088265 44.19333 
