0.001 0.00011478 5 37406.14 -15102.48 7657.55 -3783.58 -477.87 49112.52 4216591.79 -0.00000427 -0.00004727 -0.00011339 -0.00002738 0.00000353 0.00005391 0.00005819 0.00005428 0.00004877 0.00004228 0.00003513 0.00002789 0.00002104 0.00001490 0.00000954 0.00000491 0.00000103 -0.00000216 -0.00000459 0.00000063 0.00001033 0.00000008 -0.00001033 -0.00000141 0.00000191 0.00000365 -0.00003258 -0.00001333 -0.00223709 0.08427 
0.030 0.00166919 5 -26759.44 229029.27 439312.47 490010.92 192865.18 -1377977.28 -65384078.83 0.00101019 0.00166919 0.00056233 0.00020098 0.00003583 -0.00028745 -0.00028437 -0.00026523 -0.00022793 -0.00017722 -0.00011989 -0.00006454 -0.00001945 0.00001124 0.00002870 0.00003559 0.00003518 0.00003032 0.00001498 0.00000309 0.00000862 -0.00000128 -0.00001142 -0.00000214 0.00000140 -0.00000855 0.00044376 0.00020348 0.01457168 2.52815 
0.060 0.00308739 5 1971569.84 -721621.34 -398014.48 188277.52 237406.45 2665521.68 243582798.15 -0.00125689 -0.00301454 -0.00157438 -0.00106302 -0.00055374 -0.00014540 -0.00013082 -0.00013255 -0.00014303 -0.00015820 -0.00017264 -0.00017973 -0.00017434 -0.00015647 -0.00013079 -0.00010222 -0.00007492 -0.00005146 -0.00001474 0.00000659 0.00000807 -0.00000171 -0.00000838 -0.00000211 0.00000046 -0.00001551 -0.00118430 -0.00056341 -0.07091196 5.05629 
0.090 0.00458216 5 1586791.38 -738892.00 -1981308.33 -18470.90 440827.78 3884634.82 303686256.39 -0.00185820 -0.00450539 -0.00237562 -0.00155772 -0.00051063 0.00048523 0.00051012 0.00048879 0.00043432 0.00035294 0.00025424 0.00015055 0.00005515 -0.00002004 -0.00006783 -0.00008998 -0.00009396 -0.00008693 -0.00005131 -0.00000597 0.00000710 -0.00000098 -0.00000734 -0.00000241 -0.00000014 0.00001645 -0.00165002 -0.00076475 -0.09118868 7.58444 
0.120 0.00609001 5 1938828.58 -1047918.98 -2549099.04 -143116.38 530481.59 5148481.39 394627608.54 -0.00241189 -0.00601052 -0.00313352 -0.00204520 -0.00069247 0.00073852 0.00078451 0.00076667 0.00070291 0.00059984 0.00046768 0.00031965 0.00017161 0.00004052 -0.00005961 -0.00012125 -0.00014666 -0.00014661 -0.00009561 -0.00001621 0.00000733 -0.00000011 -0.00000607 -0.00000272 -0.00000083 0.00002880 -0.00217944 -0.00100637 -0.11970810 10.11259 
0.150 0.00759987 5 2322214.00 -1440118.60 -2936052.52 -285223.02 587809.22 6395798.92 486335283.30 -0.00295420 -0.00751592 -0.00388554 -0.00252734 -0.00091387 0.00101657 0.00108877 0.00108009 0.00101329 0.00089479 0.00073526 0.00054853 0.00035114 0.00016202 0.00000047 -0.00011801 -0.00018517 -0.00020743 -0.00015343 -0.00003414 0.00000729 0.00000150 -0.00000465 -0.00000304 -0.00000154 0.00004512 -0.00271715 -0.00124977 -0.14869722 12.64073 
0.180 0.00909428 5 2900290.88 -1847839.98 -3097848.89 -381923.79 652843.93 7575059.60 582023927.41 -0.00348943 -0.00899962 -0.00462246 -0.00301820 -0.00119045 0.00121032 0.00130992 0.00131643 0.00125659 0.00113627 0.00096571 0.00075761 0.00052854 0.00029764 0.00008546 -0.00008714 -0.00020382 -0.00026126 -0.00022098 -0.00005994 0.00000653 0.00000380 -0.00000306 -0.00000335 -0.00000228 0.00005835 -0.00327031 -0.00150205 -0.17965672 15.16888 
0.210 0.01054947 5 3589867.84 -2119474.69 -3060005.74 -480576.28 751867.62 8498056.93 664295577.73 -0.00393588 -0.01035492 -0.00551615 -0.00345755 -0.00146712 0.00128345 0.00141187 0.00144037 0.00139896 0.00129273 0.00113043 0.00092247 0.00068359 0.00043273 0.00019042 -0.00002230 -0.00018624 -0.00028736 -0.00028663 -0.00009224 0.00000480 0.00000669 -0.00000147 -0.00000360 -0.00000294 0.00006719 -0.00382325 -0.00175655 -0.21307655 17.69702 
0.240 0.01227615 5 3596180.78 -2173291.93 -3089986.02 -928591.70 696689.74 9091360.69 686904266.85 -0.00340929 -0.01179143 -0.00759641 -0.00371188 -0.00154479 0.00143313 0.00159578 0.00164940 0.00162751 0.00153457 0.00137874 0.00116889 0.00091827 0.00064545 0.00037118 0.00011645 -0.00009980 -0.00025969 -0.00034519 -0.00013497 0.00000307 0.00001069 -0.00000060 -0.00000378 -0.00000325 0.00008505 -0.00439675 -0.00201591 -0.25782678 20.22517 
0.270 0.01389474 5 2676474.42 -2518450.85 -3013417.99 -1672249.20 829996.18 9050596.29 655430107.84 -0.00242653 -0.01326175 -0.01019675 -0.00377085 -0.00150644 0.00198061 0.00220452 0.00229106 0.00228470 0.00219051 0.00201746 0.00177536 0.00147835 0.00114608 0.00080170 0.00046835 0.00016650 -0.00008501 -0.00035693 -0.00020489 -0.00000485 0.00001616 -0.00000022 -0.00000394 -0.00000328 0.00014092 -0.00493173 -0.00223702 -0.30002414 22.75332 
0.300 0.01670823 5 6623228.25 -656742.34 -686451.65 -394581.72 547850.11 7813153.86 670693625.17 0.00264438 -0.01581199 -0.01480056 -0.00366552 -0.00104902 -0.00309490 -0.00327189 -0.00339200 -0.00349202 -0.00357040 -0.00362481 -0.00365228 -0.00364956 -0.00361348 -0.00354048 -0.00342543 -0.00326157 -0.00304348 -0.00223864 -0.00077366 -0.00001494 0.00006344 0.00000529 -0.00000633 -0.00000471 -0.00051941 -0.00539614 -0.00280551 -0.44718197 25.28146 
0.330 0.02208358 5 5666216.94 -592498.12 -1196631.29 -790473.43 417811.54 7828008.23 626165963.31 0.00523286 -0.02090164 -0.01913942 -0.00452898 -0.00151331 -0.00271320 -0.00281379 -0.00288825 -0.00295686 -0.00301802 -0.00306931 -0.00310766 -0.00312944 -0.00313066 -0.00310674 -0.00305221 -0.00296079 -0.00282690 -0.00224603 -0.00092796 -0.00006733 0.00006654 0.00000555 -0.00000722 -0.00000527 -0.00047440 -0.00676676 -0.00342411 -0.55543041 27.80961 
0.360 0.02687960 5 8021211.31 -349266.73 -366681.39 -73623.29 1294106.85 7516675.87 725805993.54 0.00899131 -0.02561202 -0.02425690 -0.00496382 -0.00238166 -0.00627144 -0.00653866 -0.00669070 -0.00678558 -0.00682195 -0.00679780 -0.00671057 -0.00655725 -0.00633453 -0.00603919 -0.00566869 -0.00522193 -0.00470317 -0.00317718 -0.00088983 0.00009945 0.00010564 -0.00000252 -0.00001153 -0.00000501 -0.00087795 -0.00821791 -0.00431875 -0.73483134 30.33776 
0.390 0.02825392 5 6199226.63 -250199.81 -1663567.83 -372825.67 1573970.36 6911849.58 638037161.51 0.01218805 -0.02689677 -0.02721151 -0.00824526 -0.00261838 -0.00450561 -0.00468917 -0.00480368 -0.00488914 -0.00494393 -0.00496571 -0.00495154 -0.00489797 -0.00480115 -0.00465712 -0.00446195 -0.00421191 -0.00390459 -0.00286035 -0.00098470 0.00001853 0.00009755 -0.00000008 -0.00001003 -0.00000451 -0.00069115 -0.00937860 -0.00476362 -0.84659239 32.86590 
0.420 0.02304752 4 6244359.66 -721931.71 -1533926.63 565744.76 2001877.03 5932596.21 636850143.14 0.01417404 -0.01833853 -0.02304752 -0.01294615 -0.00459232 -0.00499201 -0.00519083 -0.00532047 -0.00541822 -0.00548256 -0.00551121 -0.00550131 -0.00544938 -0.00535146 -0.00520337 -0.00500084 -0.00473979 -0.00441718 -0.00329755 -0.00118041 0.00002585 0.00012334 -0.00000090 -0.00001282 -0.00000524 -0.00077688 -0.00929719 -0.00477100 -0.93905406 35.39405 
0.450 0.01824732 4 582711.40 -408106.14 -3841151.40 -2928702.49 2536195.15 5224476.27 358912659.87 0.01115557 -0.01383193 -0.01824732 -0.00689757 -0.00562263 -0.00257457 -0.00220586 -0.00194176 -0.00171737 -0.00153129 -0.00138134 -0.00126463 -0.00117762 -0.00111609 -0.00107528 -0.00104999 -0.00103489 -0.00102421 -0.00095111 -0.00046745 0.00006936 0.00008146 -0.00000388 -0.00000759 -0.00000203 -0.00021016 -0.00710755 -0.00344349 -0.68385932 37.92220 
0.480 0.01793004 4 955264.45 212239.99 -4732349.59 -1894882.12 2788071.30 4582184.88 349668840.28 0.01347362 -0.01207125 -0.01793004 -0.00861093 -0.00706497 -0.00416322 -0.00382511 -0.00357204 -0.00334535 -0.00314365 -0.00296476 -0.00280583 -0.00266339 -0.00253331 -0.00241107 -0.00229183 -0.00217073 -0.00204286 -0.00163041 -0.00063838 0.00011491 0.00011325 -0.00000589 -0.00001036 -0.00000211 -0.00040788 -0.00750400 -0.00373437 -0.78088997 40.45034 
0.510 0.01757099 4 1181619.85 809947.13 -5554974.37 -1037671.84 2888874.47 4075444.46 334068349.39 0.01573631 -0.01055610 -0.01757099 -0.01042064 -0.00849367 -0.00565878 -0.00535028 -0.00510940 -0.00488331 -0.00467057 -0.00446901 -0.00427581 -0.00408754 -0.00390014 -0.00370920 -0.00351007 -0.00329815 -0.00306898 -0.00235074 -0.00085136 0.00015034 0.00014858 -0.00000811 -0.00001347 -0.00000212 -0.00060242 -0.00793758 -0.00404097 -0.87831637 42.97849 
0.540 0.01840561 2 7644205.35 -6663856.62 7957912.01 1456560.88 -800915.55 5694504.64 745032399.55 0.01571889 -0.00902844 -0.01192219 -0.00855546 -0.01840561 -0.01753513 -0.01703225 -0.01653778 -0.01600271 -0.01542701 -0.01481012 -0.01415095 -0.01344785 -0.01269848 -0.01189976 -0.01104813 -0.01014080 -0.00917767 -0.00648692 -0.00209759 0.00030505 0.00035044 -0.00002035 -0.00003324 -0.00000421 -0.00188681 -0.00958398 -0.00549506 -1.17312301 45.50663 
0.570 0.02135301 2 7259937.29 -7537217.86 8208796.68 1033270.42 -920022.99 6475111.03 787801565.12 0.01803757 -0.00917650 -0.01221818 -0.01012900 -0.02135301 -0.01882956 -0.01814056 -0.01750888 -0.01685099 -0.01616685 -0.01545586 -0.01471683 -0.01394792 -0.01314636 -0.01230808 -0.01142815 -0.01050283 -0.00953265 -0.00685565 -0.00236992 0.00025412 0.00037543 -0.00001908 -0.00003516 -0.00000438 -0.00198399 -0.01071741 -0.00607801 -1.31096505 48.03478 
0.600 0.02400480 2 6869958.88 -8345049.81 8354948.61 772594.95 -1123226.95 7210692.09 826137849.27 0.02030887 -0.00984291 -0.01277530 -0.01172626 -0.02400480 -0.01989538 -0.01903664 -0.01828056 -0.01751176 -0.01673023 -0.01593531 -0.01512571 -0.01429939 -0.01345302 -0.01258115 -0.01167697 -0.01073568 -0.00975901 -0.00711177 -0.00259584 0.00020186 0.00039423 -0.00001766 -0.00003656 -0.00000457 -0.00205668 -0.01186309 -0.00665369 -1.44270653 50.56293 
0.630 0.02651252 2 6454661.37 -9101617.41 8469977.27 606640.98 -1226692.48 7706353.01 855025199.33 0.02259584 -0.01079231 -0.01341207 -0.01335843 -0.02651252 -0.02080889 -0.01978725 -0.01891247 -0.01803807 -0.01716404 -0.01628967 -0.01541355 -0.01453343 -0.01364517 -0.01274142 -0.01181296 -0.01085404 -0.00986796 -0.00725608 -0.00277153 0.00014515 0.00040565 -0.00001589 -0.00003717 -0.00000453 -0.00210907 -0.01300763 -0.00721806 -1.57014556 53.09107 
0.660 0.02903579 2 6045832.64 -9807643.76 8569312.42 499901.68 -1406457.78 8190720.08 880207359.68 0.02495697 -0.01190318 -0.01400864 -0.01496065 -0.02903579 -0.02177793 -0.02059594 -0.01960379 -0.01862446 -0.01765796 -0.01670353 -0.01575969 -0.01482387 -0.01389083 -0.01295045 -0.01199035 -0.01100367 -0.00999555 -0.00739330 -0.00294126 0.00008556 0.00041602 -0.00001398 -0.00003772 -0.00000451 -0.00216697 -0.01414761 -0.00778321 -1.69727218 55.61922 
0.690 0.03112247 2 5706035.58 -10349455.61 8620433.69 405906.16 -1612272.63 8641423.96 900086285.52 0.02733849 -0.01324933 -0.01477315 -0.01684394 -0.03112247 -0.02245744 -0.02115289 -0.02007264 -0.01901596 -0.01798287 -0.01697256 -0.01598347 -0.01501266 -0.01405349 -0.01309250 -0.01211349 -0.01110763 -0.01008162 -0.00749176 -0.00311075 0.00000465 0.00042010 -0.00001101 -0.00003756 -0.00000449 -0.00220982 -0.01526324 -0.00832895 -1.81886352 58.14737 
