0.001 0.00011324 4 40340.68 852.41 -4142.70 -5627.75 1765.84 47492.89 3803599.79 -0.00000234 -0.00004513 -0.00011324 -0.00002657 0.00000658 0.00005296 0.00005697 0.00005301 0.00004752 0.00004109 0.00003405 0.00002693 0.00002022 0.00001422 0.00000900 0.00000450 0.00000073 -0.00000238 -0.00000469 0.00000052 0.00001013 -0.00000009 -0.00001042 -0.00000152 0.00000183 0.00000353 -0.00003096 -0.00001264 -0.00213971 0.09703 
0.030 0.00167986 5 -2096169.51 -52812.89 -76817.28 -154624.22 -214470.55 -1597444.57 -163887811.01 0.00050425 0.00167986 0.00075362 0.00059531 0.00040893 0.00057516 0.00057657 0.00054961 0.00050364 0.00044213 0.00037033 0.00029490 0.00022202 0.00015646 0.00010109 0.00005706 0.00002420 0.00000128 -0.00001878 -0.00000937 0.00000725 -0.00000076 -0.00001053 -0.00000313 -0.00000027 0.00003143 0.00065204 0.00032236 0.04329348 2.91099 
0.060 0.00309313 5 -4159542.33 -99120.96 -229595.57 -410425.94 -450552.32 -2969847.53 -317562229.99 0.00087560 0.00309313 0.00148411 0.00116446 0.00080129 0.00122751 0.00123632 0.00119216 0.00110996 0.00099506 0.00085563 0.00070246 0.00054744 0.00040197 0.00027424 0.00016900 0.00008789 0.00002956 -0.00002974 -0.00002364 0.00000527 0.00000022 -0.00001037 -0.00000339 -0.00000081 0.00007213 0.00124906 0.00062385 0.08624732 5.82197 
0.090 0.00442117 5 -6086347.96 -154968.49 -378678.37 -631735.85 -668913.61 -4252051.63 -460262306.10 0.00120654 0.00442117 0.00216461 0.00168539 0.00116854 0.00195765 0.00198497 0.00193361 0.00182524 0.00166613 0.00146615 0.00123863 0.00099959 0.00076558 0.00055120 0.00036766 0.00021939 0.00010721 -0.00002418 -0.00004211 0.00000101 0.00000110 -0.00001048 -0.00000340 -0.00000084 0.00012509 0.00180497 0.00091258 0.12787992 8.73296 
0.120 0.00587048 5 -7604645.60 -136895.92 -330615.22 -712330.22 -844246.73 -5580557.52 -590254431.53 0.00162425 0.00587048 0.00288968 0.00219008 0.00148303 0.00250787 0.00255238 0.00250151 0.00238180 0.00219871 0.00196194 0.00168427 0.00138312 0.00107941 0.00079327 0.00054132 0.00033539 0.00017704 -0.00001735 -0.00005769 -0.00000267 0.00000177 -0.00001076 -0.00000336 -0.00000070 0.00016794 0.00236739 0.00119899 0.16710591 11.64394 
0.150 0.00724343 5 -9033677.22 -161251.39 -406364.69 -699616.43 -954403.15 -6812041.56 -706165343.16 0.00201244 0.00724343 0.00355824 0.00259824 0.00176530 0.00325505 0.00333678 0.00330166 0.00318497 0.00299053 0.00272596 0.00240083 0.00203040 0.00163658 0.00124561 0.00088312 0.00057141 0.00032399 0.00000348 -0.00008704 -0.00001121 0.00000255 -0.00001101 -0.00000332 -0.00000050 0.00023564 0.00287776 0.00147420 0.20513532 14.55493 
0.180 0.00812494 5 -10352856.02 -144937.37 -825907.98 -932420.61 -1089588.63 -7360001.44 -788333851.98 0.00217979 0.00812494 0.00432986 0.00283221 0.00201055 0.00420035 0.00432762 0.00431225 0.00420010 0.00399447 0.00370226 0.00333192 0.00289746 0.00242001 0.00192650 0.00144764 0.00101329 0.00064656 0.00011359 -0.00011333 -0.00002901 0.00000110 -0.00001084 -0.00000304 -0.00000026 0.00033122 0.00328824 0.00171741 0.24345009 17.46592 
0.210 0.00880807 5 -11494856.60 -380007.01 -1305505.26 -950630.57 -1148031.05 -7710682.71 -838925197.05 0.00179175 0.00880807 0.00531330 0.00291171 0.00215001 0.00520864 0.00538692 0.00539294 0.00528413 0.00506402 0.00473986 0.00432073 0.00382124 0.00326309 0.00267390 0.00208596 0.00153236 0.00104332 0.00026536 -0.00013822 -0.00005208 -0.00000161 -0.00001027 -0.00000268 -0.00000010 0.00043599 0.00358558 0.00191245 0.28034425 20.37690 
0.240 0.00880429 5 13807449.07 874882.78 2288407.37 1733306.42 1159993.96 7750858.54 915687379.60 -0.00137843 -0.00841133 -0.00570876 -0.00327030 -0.00252484 -0.00674930 -0.00699135 -0.00701234 -0.00688317 -0.00660944 -0.00620169 -0.00567535 -0.00505165 -0.00435772 -0.00362519 -0.00288862 -0.00218381 -0.00154600 -0.00046368 0.00016357 0.00007801 0.00000368 0.00000824 -0.00000021 -0.00000407 -0.00058230 -0.00381625 -0.00209830 -0.32432315 23.28789 
0.270 0.01020193 5 13404020.56 392495.95 2338023.40 1496142.73 1291923.83 7885434.64 924932316.82 -0.00029937 -0.00965886 -0.00853832 -0.00347449 -0.00254212 -0.00690914 -0.00716379 -0.00721106 -0.00712171 -0.00689706 -0.00654156 -0.00606315 -0.00547607 -0.00480219 -0.00407027 -0.00331493 -0.00257377 -0.00188441 -0.00064274 0.00016235 0.00009912 0.00000873 0.00000832 0.00000026 -0.00000317 -0.00062808 -0.00443307 -0.00241177 -0.38748189 26.19887 
0.300 0.01262682 4 8013669.11 332188.10 -692408.79 -348078.96 1738896.45 6983072.31 688193782.62 0.00271473 -0.01114592 -0.01262682 -0.00347444 -0.00155745 -0.00426636 -0.00444301 -0.00451395 -0.00452151 -0.00446457 -0.00434167 -0.00415111 -0.00389146 -0.00356258 -0.00316782 -0.00271767 -0.00223117 -0.00173785 -0.00071913 0.00008421 0.00009575 0.00001516 0.00000573 0.00000050 -0.00000144 -0.00044573 -0.00466658 -0.00242437 -0.41219354 29.10986 
0.330 0.01451869 4 7330087.04 -57623.68 -484533.17 -713689.38 1563250.40 7022682.87 665482833.56 0.00378868 -0.01329217 -0.01451869 -0.00372339 -0.00150330 -0.00374688 -0.00388725 -0.00394143 -0.00394341 -0.00389208 -0.00378596 -0.00362324 -0.00340226 -0.00312231 -0.00278499 -0.00239677 -0.00197101 -0.00153232 -0.00060916 0.00010476 0.00008909 0.00001180 0.00000569 0.00000082 -0.00000129 -0.00038802 -0.00514499 -0.00261798 -0.44470085 32.02084 
0.360 0.01672232 5 7186123.88 -339051.84 -99906.10 -982818.99 1328164.29 7279736.52 668015124.37 0.00431920 -0.01584683 -0.01617006 -0.00372861 -0.00142568 -0.00352178 -0.00364813 -0.00369706 -0.00369872 -0.00365202 -0.00355539 -0.00340690 -0.00320470 -0.00294766 -0.00263661 -0.00227644 -0.00187810 -0.00146360 -0.00057672 0.00011009 0.00008631 0.00001054 0.00000613 0.00000059 -0.00000181 -0.00036523 -0.00561656 -0.00282693 -0.47076772 34.93183 
0.390 0.01820753 5 7411488.11 -352276.90 84412.73 -1006459.22 1098134.19 7587677.31 682550777.00 0.00428290 -0.01727678 -0.01681976 -0.00368651 -0.00139529 -0.00360671 -0.00373928 -0.00379345 -0.00379947 -0.00375613 -0.00366175 -0.00351424 -0.00331151 -0.00305211 -0.00273664 -0.00236989 -0.00196285 -0.00153777 -0.00062015 0.00010489 0.00008876 0.00001121 0.00000659 0.00000010 -0.00000242 -0.00037841 -0.00586268 -0.00294931 -0.48264957 37.84282 
0.420 0.01819358 5 7656037.85 -313975.46 140610.49 -855441.13 1031523.30 7653320.64 693221999.41 0.00422976 -0.01725567 -0.01669303 -0.00376785 -0.00147718 -0.00379607 -0.00394338 -0.00400722 -0.00401993 -0.00398026 -0.00388645 -0.00373636 -0.00352784 -0.00325939 -0.00293156 -0.00254922 -0.00212357 -0.00167738 -0.00070040 0.00010298 0.00010092 0.00001389 0.00000613 -0.00000053 -0.00000271 -0.00040445 -0.00589075 -0.00297630 -0.48751712 40.75380 
0.450 0.01842301 5 7823205.83 -283503.50 170956.45 -751770.89 1019965.63 7667558.15 700084373.46 0.00432098 -0.01747127 -0.01684520 -0.00379003 -0.00149122 -0.00399036 -0.00415260 -0.00422622 -0.00424631 -0.00421160 -0.00412035 -0.00397041 -0.00375963 -0.00348648 -0.00315131 -0.00275837 -0.00231773 -0.00185119 -0.00080095 0.00010722 0.00011714 0.00001632 0.00000544 -0.00000085 -0.00000267 -0.00043283 -0.00594324 -0.00301598 -0.49461477 43.66479 
0.480 0.01861024 5 7999249.54 -288063.34 216518.74 -611751.30 1056300.00 7626245.43 707905398.36 0.00451839 -0.01764204 -0.01706162 -0.00381651 -0.00144179 -0.00423542 -0.00442777 -0.00452285 -0.00456169 -0.00454303 -0.00446506 -0.00432556 -0.00412230 -0.00385359 -0.00351930 -0.00312227 -0.00266995 -0.00218119 -0.00102271 0.00007664 0.00014523 0.00002544 0.00000423 -0.00000185 -0.00000276 -0.00048072 -0.00597345 -0.00305558 -0.50332147 46.57577 
0.510 0.01888711 5 8444298.47 -305325.86 426261.27 -418385.48 1187366.70 7554381.82 727718123.96 0.00472831 -0.01785154 -0.01739920 -0.00382388 -0.00139151 -0.00473363 -0.00496944 -0.00509127 -0.00514993 -0.00514417 -0.00507222 -0.00493186 -0.00472095 -0.00443800 -0.00408310 -0.00365887 -0.00317163 -0.00263892 -0.00132624 0.00002874 0.00018235 0.00003873 0.00000284 -0.00000317 -0.00000284 -0.00055811 -0.00603034 -0.00312336 -0.51737583 49.48676 
0.540 0.02008738 5 8773743.62 -183900.28 461344.84 -272521.23 1209844.29 7558976.00 738711322.02 0.00526915 -0.01900859 -0.01843745 -0.00400835 -0.00125828 -0.00511177 -0.00539342 -0.00554606 -0.00562956 -0.00564267 -0.00558366 -0.00545040 -0.00524092 -0.00495435 -0.00459169 -0.00415571 -0.00365091 -0.00309143 -0.00165204 -0.00004443 0.00021160 0.00005216 0.00000161 -0.00000443 -0.00000288 -0.00062896 -0.00628796 -0.00328176 -0.54512100 52.39775 
0.570 0.02318021 5 8702428.44 -15170.45 298758.30 -336396.87 1070410.41 7684827.05 731507893.18 0.00651868 -0.02201175 -0.02076482 -0.00411427 -0.00099036 -0.00558551 -0.00593484 -0.00614144 -0.00627740 -0.00634139 -0.00633145 -0.00624513 -0.00608002 -0.00583454 -0.00550871 -0.00510292 -0.00461613 -0.00405321 -0.00245691 -0.00035495 0.00023766 0.00009188 -0.00000097 -0.00000812 -0.00000307 -0.00076256 -0.00682525 -0.00360461 -0.59797184 55.30873 
0.600 0.02647669 5 7832014.45 -304732.86 -189484.22 -529357.77 1127326.90 7728262.39 713612801.98 0.00757753 -0.02521851 -0.02328346 -0.00396288 -0.00095631 -0.00518859 -0.00549318 -0.00568303 -0.00581978 -0.00590208 -0.00592790 -0.00589474 -0.00580012 -0.00564247 -0.00542163 -0.00513630 -0.00478050 -0.00434709 -0.00293491 -0.00069563 0.00019130 0.00011264 -0.00000133 -0.00001000 -0.00000320 -0.00077000 -0.00744004 -0.00389676 -0.64064971 58.21972 
