0.001 0.00013105 5 22944.97 -2518.34 -15879.71 -16921.18 -2872.03 61136.23 3686246.19 -0.00001570 -0.00006353 -0.00011971 -0.00002629 0.00000934 0.00006183 0.00006569 0.00006115 0.00005483 0.00004742 0.00003929 0.00003108 0.00002334 0.00001643 0.00001045 0.00000536 0.00000115 -0.00000224 -0.00000481 0.00000051 0.00001031 0.00000007 -0.00001033 -0.00000142 0.00000190 0.00000401 -0.00003446 -0.00001403 -0.00211211 0.06534 
0.030 0.00207697 5 809031.06 -116316.98 -410374.49 -379234.74 -37673.92 1752631.19 115766921.01 -0.00090262 -0.00200658 -0.00099113 -0.00045470 -0.00016973 0.00012655 0.00013713 0.00013132 0.00011674 0.00009626 0.00007333 0.00005194 0.00003380 0.00001929 0.00000830 0.00000045 -0.00000484 -0.00000820 -0.00000886 -0.00000145 0.00000735 -0.00000108 -0.00000943 -0.00000202 0.00000094 0.00000644 -0.00065578 -0.00030399 -0.03269684 1.96021 
0.060 0.00390335 5 1788018.65 -278028.99 -629204.53 -624121.06 -37046.90 3356420.13 234338729.83 -0.00169187 -0.00382857 -0.00181547 -0.00089299 -0.00039666 -0.00000935 -0.00000453 -0.00001809 -0.00004350 -0.00007626 -0.00011029 -0.00013791 -0.00015203 -0.00015013 -0.00013518 -0.00011259 -0.00008773 -0.00006435 -0.00002315 0.00000480 0.00000718 -0.00000220 -0.00000818 -0.00000262 -0.00000018 -0.00001100 -0.00126600 -0.00059931 -0.06641506 3.92042 
0.090 0.00562998 5 2796313.55 -518527.89 -835078.46 -695204.23 17036.11 4828088.02 354769498.53 -0.00243935 -0.00555315 -0.00260936 -0.00138777 -0.00065968 -0.00003634 -0.00001994 -0.00002694 -0.00005001 -0.00008692 -0.00013197 -0.00017830 -0.00021527 -0.00023276 -0.00022678 -0.00020111 -0.00016499 -0.00012662 -0.00005103 0.00000460 0.00000650 -0.00000260 -0.00000616 -0.00000320 -0.00000159 -0.00001777 -0.00187934 -0.00089043 -0.10056815 5.88062 
0.120 0.00726427 5 4015723.31 -725038.59 -851616.04 -704115.02 88775.94 6207717.01 477688664.61 -0.00311306 -0.00718383 -0.00337441 -0.00189231 -0.00097737 -0.00015358 -0.00011956 -0.00010840 -0.00011193 -0.00012885 -0.00015708 -0.00019406 -0.00023504 -0.00026884 -0.00028307 -0.00027230 -0.00023984 -0.00019548 -0.00009040 -0.00000046 0.00000599 -0.00000222 -0.00000370 -0.00000359 -0.00000294 -0.00002596 -0.00249081 -0.00118142 -0.13628669 7.84083 
0.150 0.00882215 5 5257802.23 -863427.11 -836909.81 -687316.72 157847.54 7487608.33 594241034.87 -0.00371824 -0.00873229 -0.00409702 -0.00237497 -0.00128640 -0.00044054 -0.00040893 -0.00039357 -0.00038874 -0.00039312 -0.00040467 -0.00042083 -0.00043852 -0.00045360 -0.00045786 -0.00043944 -0.00039342 -0.00032669 -0.00015495 -0.00000230 0.00000955 -0.00000091 -0.00000112 -0.00000382 -0.00000414 -0.00005376 -0.00307284 -0.00146904 -0.17281061 9.80104 
0.180 0.01033363 5 6516197.82 -931625.90 -805703.26 -634547.18 237749.62 8650324.54 703978121.12 -0.00423511 -0.01021443 -0.00479656 -0.00283065 -0.00158728 -0.00089148 -0.00087059 -0.00085467 -0.00084277 -0.00083351 -0.00082476 -0.00081380 -0.00079740 -0.00077201 -0.00073378 -0.00067805 -0.00060103 -0.00050325 -0.00024193 0.00000428 0.00001943 0.00000142 0.00000147 -0.00000382 -0.00000510 -0.00009738 -0.00362719 -0.00175207 -0.21001805 11.76125 
0.210 0.01180621 5 7454872.61 -1088002.05 -763537.71 -536066.28 357824.27 9484654.38 790837717.32 -0.00447469 -0.01152430 -0.00579223 -0.00324191 -0.00182758 -0.00125775 -0.00124756 -0.00123601 -0.00122526 -0.00121388 -0.00119968 -0.00117985 -0.00115099 -0.00110932 -0.00105099 -0.00097257 -0.00087128 -0.00074642 -0.00038881 -0.00000105 0.00003729 0.00000676 0.00000352 -0.00000378 -0.00000567 -0.00014212 -0.00416112 -0.00202613 -0.25005587 13.72145 
0.240 0.01353221 5 7939365.52 -1137058.89 -884528.85 -320753.88 129506.76 10152200.37 839696385.84 -0.00407710 -0.01300148 -0.00737670 -0.00352761 -0.00192562 -0.00161279 -0.00161997 -0.00161818 -0.00161405 -0.00160616 -0.00159228 -0.00156953 -0.00153443 -0.00148303 -0.00141126 -0.00131530 -0.00119195 -0.00104053 -0.00058447 -0.00002244 0.00006329 0.00001536 0.00000434 -0.00000381 -0.00000568 -0.00019198 -0.00467558 -0.00229379 -0.29478716 15.68166 
0.270 0.01519408 5 8074143.83 -1163796.13 -916337.43 -137285.12 61374.81 10230187.70 850216851.70 -0.00328985 -0.01452703 -0.00931745 -0.00368514 -0.00194878 -0.00188676 -0.00190617 -0.00191154 -0.00191298 -0.00190906 -0.00189754 -0.00187552 -0.00183950 -0.00178549 -0.00170930 -0.00160678 -0.00147410 -0.00130945 -0.00078675 -0.00006705 0.00008812 0.00002611 0.00000445 -0.00000380 -0.00000519 -0.00023467 -0.00516266 -0.00254480 -0.34031500 17.64187 
0.300 0.01645497 5 8003994.63 -1084314.31 -1021106.58 -98287.77 -91444.57 10299147.86 844204300.95 -0.00287537 -0.01572080 -0.01044210 -0.00363815 -0.00178937 -0.00181430 -0.00182779 -0.00182773 -0.00182454 -0.00181676 -0.00180216 -0.00177782 -0.00174025 -0.00168551 -0.00160956 -0.00150830 -0.00137782 -0.00121631 -0.00071097 -0.00003989 0.00008365 0.00002271 0.00000547 -0.00000263 -0.00000461 -0.00022007 -0.00538427 -0.00264093 -0.35407975 19.60208 
0.330 0.01741409 5 7142399.47 -1092233.78 -1520725.01 -237752.75 52060.28 9941050.72 800788943.45 -0.00173505 -0.01660397 -0.01205728 -0.00405200 -0.00164167 -0.00111929 -0.00108846 -0.00106400 -0.00104666 -0.00103499 -0.00102672 -0.00101896 -0.00100828 -0.00099091 -0.00096309 -0.00092048 -0.00085808 -0.00077251 -0.00046208 -0.00000786 0.00006258 0.00001543 0.00000640 -0.00000095 -0.00000356 -0.00013036 -0.00569281 -0.00273790 -0.37863351 21.56228 
0.360 0.01709920 5 6264732.96 -942735.09 -1918279.65 -562719.61 329094.89 9359372.42 741240176.85 -0.00033424 -0.01626257 -0.01295258 -0.00430728 -0.00168805 -0.00085416 -0.00078896 -0.00074204 -0.00070630 -0.00068026 -0.00066163 -0.00064753 -0.00063464 -0.00061984 -0.00060057 -0.00057264 -0.00052910 -0.00046509 -0.00023256 0.00005911 0.00004388 0.00000346 0.00000747 0.00000077 -0.00000285 -0.00007970 -0.00574431 -0.00273514 -0.39661855 23.52249 
0.390 0.01646686 5 4794418.24 -698742.19 -2551055.69 -1340411.47 725717.68 8658909.91 649004765.49 0.00091714 -0.01562377 -0.01373422 -0.00442574 -0.00149357 0.00016399 0.00029417 0.00037797 0.00043732 0.00047373 0.00048952 0.00048756 0.00047099 0.00044185 0.00040046 0.00035086 0.00030385 0.00026906 0.00022877 0.00014581 0.00000102 -0.00001628 0.00000876 0.00000298 -0.00000220 0.00006016 -0.00564052 -0.00261218 -0.39184808 25.48270 
0.420 0.01667704 5 2953893.00 -831118.81 -2760378.71 -2280965.34 654462.99 8171892.87 545525990.12 0.00238190 -0.01583345 -0.01484838 -0.00472569 -0.00095802 0.00183279 0.00203248 0.00214989 0.00222260 0.00225219 0.00224110 0.00219241 0.00210930 0.00199277 0.00184073 0.00165727 0.00145839 0.00126079 0.00079565 0.00021605 -0.00004953 -0.00003505 0.00001031 0.00000441 -0.00000251 0.00026305 -0.00557597 -0.00247414 -0.37972997 27.44291 
0.450 0.01793130 4 8189045.03 596838.05 -569665.28 -33340.95 1590582.06 6604631.16 665755456.45 0.00872350 -0.01402990 -0.01793130 -0.01060510 -0.00203485 -0.00369503 -0.00397526 -0.00413289 -0.00422215 -0.00424316 -0.00419630 -0.00408232 -0.00390316 -0.00366551 -0.00338191 -0.00305660 -0.00267862 -0.00224204 -0.00109419 0.00009351 0.00017138 0.00002518 0.00000398 -0.00000289 -0.00000391 -0.00045729 -0.00713296 -0.00358669 -0.68303946 29.40311 
0.480 0.01885500 4 8546494.31 483644.20 -494596.76 1245066.42 2040465.92 5271914.53 652494297.75 0.01181954 -0.01293683 -0.01885500 -0.01384481 -0.00236819 -0.00426944 -0.00466017 -0.00488760 -0.00503305 -0.00509519 -0.00507223 -0.00496205 -0.00476356 -0.00448278 -0.00413545 -0.00373033 -0.00326014 -0.00272309 -0.00132948 0.00009625 0.00020250 0.00003192 0.00000378 -0.00000118 -0.00000184 -0.00055244 -0.00774252 -0.00392298 -0.79229842 31.36332 
0.510 0.02097548 4 8478805.52 234834.83 416004.53 433068.53 1789938.92 5604958.70 648075203.75 0.01325030 -0.01450736 -0.02097548 -0.01427890 -0.00248545 -0.00456519 -0.00496210 -0.00519123 -0.00533422 -0.00538986 -0.00535647 -0.00523206 -0.00501607 -0.00471738 -0.00435731 -0.00394796 -0.00347783 -0.00293504 -0.00147132 0.00007765 0.00021828 0.00003644 0.00000353 -0.00000081 -0.00000101 -0.00058813 -0.00828781 -0.00419756 -0.84928411 33.32353 
0.540 0.02183657 4 8567530.92 181673.92 938844.86 170494.10 1483988.66 5792529.38 644529079.65 0.01388178 -0.01580688 -0.02183657 -0.01359260 -0.00263337 -0.00524972 -0.00565640 -0.00588489 -0.00601842 -0.00605589 -0.00599579 -0.00583635 -0.00557776 -0.00523270 -0.00482995 -0.00438635 -0.00388716 -0.00331364 -0.00171906 0.00003172 0.00024226 0.00004580 0.00000233 -0.00000158 -0.00000079 -0.00066392 -0.00839510 -0.00428811 -0.86373530 35.28374 
0.570 0.02162536 4 9039193.02 519019.76 1114687.56 239869.07 1226894.81 5938721.82 648408894.04 0.01398062 -0.01621343 -0.02162536 -0.01277290 -0.00295402 -0.00621326 -0.00663296 -0.00685485 -0.00696571 -0.00696490 -0.00685161 -0.00662498 -0.00628722 -0.00585831 -0.00537982 -0.00487289 -0.00431972 -0.00370221 -0.00196797 -0.00001800 0.00026666 0.00005759 0.00000103 -0.00000304 -0.00000117 -0.00075808 -0.00829727 -0.00429227 -0.86254466 37.24394 
0.600 0.02251976 4 -8150209.04 -114654.77 306151.69 -1520778.03 -2016656.02 -4804271.90 -630148332.32 -0.02094967 0.01425612 0.02248134 0.01975981 0.00777741 0.00959087 0.00996381 0.01015802 0.01026318 0.01027818 0.01020153 0.01003115 0.00976044 0.00935939 0.00877734 0.00801247 0.00711441 0.00615018 0.00387515 0.00094760 -0.00019486 -0.00014458 0.00000346 0.00001144 0.00000014 0.00124347 0.01073036 0.00569070 1.22798386 39.20415 
