0.001 0.00012365 5 73910.27 -288.84 804.18 5735.07 8132.56 59527.29 6048532.01 -0.00000193 -0.00005610 -0.00012096 -0.00003620 -0.00000047 0.00004438 0.00004857 0.00004519 0.00004049 0.00003500 0.00002899 0.00002291 0.00001717 0.00001202 0.00000751 0.00000359 0.00000024 -0.00000256 -0.00000461 0.00000045 0.00000971 -0.00000038 -0.00001047 -0.00000168 0.00000166 0.00000304 -0.00003821 -0.00001630 -0.00276259 0.04231 
0.030 0.00200211 5 2402487.82 -7332.10 56846.97 218405.40 272976.38 1861591.17 193530434.80 -0.00052519 -0.00193103 -0.00107964 -0.00074422 -0.00045225 -0.00047877 -0.00046598 -0.00043907 -0.00039711 -0.00034369 -0.00028341 -0.00022218 -0.00016471 -0.00011429 -0.00007277 -0.00004078 -0.00001793 -0.00000314 0.00000952 0.00000636 0.00000025 -0.00000364 -0.00000508 -0.00000328 -0.00000262 -0.00002447 -0.00079213 -0.00038433 -0.05309240 1.26921 
0.060 0.00357541 5 4348566.30 -45044.35 106055.50 419173.76 501274.19 3367107.20 351902591.30 -0.00096154 -0.00350001 -0.00188252 -0.00134262 -0.00083806 -0.00099903 -0.00099098 -0.00094895 -0.00087515 -0.00077478 -0.00065530 -0.00052664 -0.00039958 -0.00028443 -0.00018698 -0.00010962 -0.00005239 -0.00001338 0.00002320 0.00001644 -0.00000358 -0.00000455 -0.00000027 -0.00000280 -0.00000395 -0.00005556 -0.00142842 -0.00069912 -0.09658408 2.53842 
0.090 0.00494023 5 5980901.41 -77691.21 143768.53 580461.12 694806.44 4639556.53 485234399.71 -0.00134418 -0.00486285 -0.00257356 -0.00185866 -0.00117288 -0.00142236 -0.00141690 -0.00136160 -0.00126191 -0.00112447 -0.00095909 -0.00077891 -0.00059811 -0.00043009 -0.00028594 -0.00017035 -0.00008386 -0.00002403 0.00003381 0.00002534 -0.00000548 -0.00000475 0.00000352 -0.00000203 -0.00000447 -0.00008105 -0.00197871 -0.00097063 -0.13395905 3.80763 
0.120 0.00615178 5 7393829.36 -86231.40 178064.16 700111.22 856265.78 5745619.60 599643018.62 -0.00168672 -0.00607041 -0.00318382 -0.00231261 -0.00146681 -0.00186324 -0.00186029 -0.00179360 -0.00167132 -0.00149990 -0.00129034 -0.00105742 -0.00081886 -0.00059224 -0.00039248 -0.00023079 -0.00011024 -0.00002732 0.00005100 0.00003636 -0.00000645 -0.00000491 0.00000652 -0.00000111 -0.00000453 -0.00010780 -0.00246588 -0.00121321 -0.16743209 5.07683 
0.150 0.00728617 5 8500679.77 -104602.58 142537.32 733903.21 992771.07 6736070.76 695583964.51 -0.00200933 -0.00718428 -0.00375946 -0.00271320 -0.00170756 -0.00226895 -0.00227118 -0.00219957 -0.00206496 -0.00187289 -0.00163321 -0.00135907 -0.00106844 -0.00078293 -0.00052295 -0.00030484 -0.00013959 -0.00002654 0.00007653 0.00005134 -0.00000663 -0.00000536 0.00000881 -0.00000014 -0.00000427 -0.00013453 -0.00290457 -0.00143306 -0.19747944 6.34604 
0.180 0.00831779 5 9383049.15 -138048.29 109217.21 755812.63 1093728.57 7562339.02 774220957.56 -0.00227608 -0.00815841 -0.00433830 -0.00304993 -0.00190513 -0.00264459 -0.00266016 -0.00259310 -0.00245778 -0.00225865 -0.00200409 -0.00170501 -0.00137737 -0.00104265 -0.00072466 -0.00044502 -0.00022139 -0.00006245 0.00009176 0.00007059 -0.00000433 -0.00000586 0.00001045 0.00000077 -0.00000385 -0.00016530 -0.00329480 -0.00163233 -0.22530797 7.61525 
0.210 0.00872107 5 9016367.33 -26281.93 -6365.57 514875.41 1117230.59 7416908.84 747255091.59 -0.00166789 -0.00833745 -0.00563563 -0.00300167 -0.00176468 -0.00276987 -0.00280590 -0.00275975 -0.00264833 -0.00247398 -0.00224208 -0.00195944 -0.00163787 -0.00129566 -0.00095606 -0.00064350 -0.00037978 -0.00017838 0.00005269 0.00008031 0.00000240 -0.00000520 0.00001032 0.00000084 -0.00000366 -0.00018975 -0.00344798 -0.00171713 -0.24725414 8.88446 
0.240 0.00896063 5 11537669.63 336342.13 1083711.15 1206558.71 1223463.30 7687594.34 848936091.62 -0.00147043 -0.00855736 -0.00596873 -0.00324985 -0.00219736 -0.00488636 -0.00503633 -0.00503471 -0.00492663 -0.00471487 -0.00440604 -0.00401044 -0.00354432 -0.00303023 -0.00249454 -0.00196502 -0.00146853 -0.00102757 -0.00030164 0.00010972 0.00004835 0.00000245 0.00000943 0.00000081 -0.00000311 -0.00041073 -0.00374959 -0.00197591 -0.29819276 10.15367 
0.270 0.01094970 4 -7491166.80 19610.98 605746.85 107842.88 -1689404.01 -6534963.50 -660718194.88 -0.00227686 0.00980723 0.01075290 0.00292175 0.00148193 0.00358255 0.00367518 0.00367084 0.00360458 0.00347622 0.00328573 0.00303348 0.00272187 0.00235828 0.00195760 0.00154259 0.00114104 0.00078016 0.00019916 -0.00010173 -0.00003979 -0.00000223 -0.00000731 -0.00000219 -0.00000032 0.00030528 0.00404607 0.00205887 0.34683582 11.42288 
0.300 0.01268177 4 -6321281.75 261577.73 1462862.26 -43352.53 -1550840.63 -6451528.58 -624773862.64 -0.00357785 0.01101101 0.01255054 0.00370960 0.00130762 0.00256895 0.00262479 0.00261177 0.00255761 0.00246185 0.00232388 0.00214303 0.00191948 0.00165603 0.00136107 0.00105077 0.00074716 0.00047431 0.00005961 -0.00010257 -0.00002506 0.00000104 -0.00000750 -0.00000232 -0.00000017 0.00021004 0.00447646 0.00221004 0.38118277 12.69209 
0.330 0.01330935 4 -5713608.35 304352.64 1293582.08 460044.11 -1423441.75 -6348145.44 -585295099.24 -0.00400816 0.01185418 0.01310878 0.00318893 0.00117314 0.00225332 0.00226876 0.00222889 0.00215233 0.00203883 0.00188805 0.00169965 0.00147441 0.00121642 0.00093579 0.00064882 0.00037509 0.00013643 -0.00016546 -0.00015152 -0.00001200 0.00000875 -0.00000747 -0.00000241 0.00000024 0.00015293 0.00443717 0.00216128 0.36978687 13.96129 
0.360 0.01396516 4 -3533294.67 747250.52 1535947.47 1240684.96 -1412220.51 -5644957.11 -474345024.75 -0.00509567 0.01222334 0.01368459 0.00248914 0.00085868 0.00139212 0.00135184 0.00129561 0.00122747 0.00114694 0.00105305 0.00094436 0.00081936 0.00067727 0.00051954 0.00035123 0.00018036 0.00002016 -0.00019571 -0.00014335 -0.00000813 0.00000908 -0.00000589 -0.00000234 -0.00000016 0.00007957 0.00416659 0.00199547 0.34699899 15.23050 
0.390 0.01803072 5 -6345872.68 655294.17 1188369.46 331546.91 -1276200.58 -7244882.65 -661612986.84 -0.00463804 0.01803072 0.01690634 0.00364574 0.00128400 0.00252252 0.00255091 0.00252975 0.00247981 0.00240032 0.00228997 0.00214692 0.00196921 0.00175566 0.00150748 0.00123040 0.00093526 0.00064137 0.00010106 -0.00015861 -0.00004188 0.00000290 -0.00000853 -0.00000177 0.00000117 0.00021394 0.00583682 0.00284982 0.46117461 16.49971 
0.420 0.02030134 5 -4169694.55 896115.63 1949513.28 1175110.95 -1183920.11 -7006514.30 -566039268.80 -0.00573978 0.02030134 0.01907457 0.00426718 0.00097023 0.00071350 0.00065229 0.00060155 0.00055956 0.00052531 0.00049693 0.00047171 0.00044613 0.00041635 0.00037912 0.00033216 0.00027359 0.00020264 0.00001323 -0.00011185 -0.00003383 -0.00000009 -0.00000802 -0.00000180 0.00000083 0.00004666 0.00636265 0.00300745 0.48601705 17.76892 
0.450 0.02073100 5 14493679.39 1640225.12 2131180.84 1254485.38 1077276.88 8390511.17 936174271.48 0.00330458 -0.01956289 -0.01764330 -0.00342399 -0.00221756 -0.00846652 -0.00884028 -0.00895447 -0.00890294 -0.00869110 -0.00832861 -0.00782842 -0.00720870 -0.00649306 -0.00570851 -0.00488493 -0.00405357 -0.00324764 -0.00158747 -0.00009201 0.00013177 0.00003772 0.00000734 -0.00000195 -0.00000256 -0.00086701 -0.00664650 -0.00357630 -0.57503525 19.03813 
0.480 0.02561698 5 16539847.60 1620686.71 4096956.69 1099690.52 1267353.48 8455160.20 1007693327.05 0.00538442 -0.02422998 -0.02170576 -0.00439130 -0.00263504 -0.01016347 -0.01063008 -0.01078374 -0.01073907 -0.01050317 -0.01008814 -0.00951061 -0.00879285 -0.00796245 -0.00705004 -0.00608842 -0.00511128 -0.00415378 -0.00211667 -0.00017321 0.00017255 0.00005434 0.00000626 -0.00000318 -0.00000231 -0.00106602 -0.00803539 -0.00433310 -0.70824136 20.30734 
