0.001 0.00012021 5 57098.75 -4651.64 -527.65 2382.47 5031.74 54863.83 5198585.30 -0.00000451 -0.00005268 -0.00011796 -0.00003276 0.00000198 0.00004961 0.00005380 0.00005013 0.00004498 0.00003892 0.00003227 0.00002553 0.00001917 0.00001347 0.00000849 0.00000419 0.00000056 -0.00000244 -0.00000468 0.00000047 0.00000994 -0.00000022 -0.00001045 -0.00000159 0.00000175 0.00000335 -0.00003590 -0.00001505 -0.00252083 0.10607 
0.030 0.00184755 5 -1829118.18 29030.33 100288.95 -36919.22 -189042.99 -1732475.25 -161918651.18 0.00058107 0.00184755 0.00082541 0.00060441 0.00037176 0.00038311 0.00037910 0.00035497 0.00031822 0.00027213 0.00022124 0.00017100 0.00012466 0.00008442 0.00005147 0.00002599 0.00000744 -0.00000522 -0.00001450 -0.00000512 0.00000716 -0.00000115 -0.00001009 -0.00000320 -0.00000058 0.00001916 0.00067791 0.00032797 0.04216965 3.18217 
0.060 0.00339565 5 -3394237.72 55332.36 140322.48 -68141.46 -341165.58 -3180585.51 -298203307.35 0.00106227 0.00339565 0.00159119 0.00112382 0.00068426 0.00064603 0.00062987 0.00058326 0.00051450 0.00042889 0.00033371 0.00023833 0.00015229 0.00008317 0.00003253 -0.00000150 -0.00002218 -0.00003297 -0.00003068 -0.00000652 0.00000837 -0.00000047 -0.00000938 -0.00000327 -0.00000114 0.00002754 0.00126290 0.00060665 0.07835773 6.36435 
0.090 0.00477984 5 -4776172.40 101602.48 133711.83 -90788.04 -462513.07 -4458185.61 -418514095.84 0.00149321 0.00477984 0.00226112 0.00157181 0.00096778 0.00097079 0.00095292 0.00089387 0.00080351 0.00068639 0.00055091 0.00040784 0.00027057 0.00015202 0.00006158 0.00000054 -0.00003635 -0.00005526 -0.00005163 -0.00001216 0.00000996 0.00000084 -0.00000902 -0.00000307 -0.00000110 0.00004353 0.00178201 0.00085849 0.11121994 9.54652 
0.120 0.00598782 5 4634330.73 -293907.45 -617661.27 -277041.87 404235.12 5418706.20 462622982.52 -0.00196263 -0.00590913 -0.00294368 -0.00178632 -0.00095502 -0.00073320 -0.00072863 -0.00071194 -0.00068181 -0.00063789 -0.00058006 -0.00050831 -0.00042423 -0.00033213 -0.00023856 -0.00015220 -0.00008257 -0.00003254 0.00002013 0.00001954 -0.00000498 -0.00000475 0.00000210 -0.00000279 -0.00000482 -0.00004884 -0.00212421 -0.00102172 -0.12848730 12.72869 
0.150 0.00725645 5 5474461.24 -417045.36 -524706.37 -418408.17 352603.97 6482017.15 545924865.11 -0.00252598 -0.00716714 -0.00347432 -0.00205612 -0.00114229 -0.00103840 -0.00104643 -0.00103893 -0.00101720 -0.00098058 -0.00092812 -0.00085863 -0.00077127 -0.00066670 -0.00054866 -0.00042445 -0.00030453 -0.00019986 -0.00004143 0.00003022 0.00000262 -0.00000311 0.00000468 -0.00000217 -0.00000504 -0.00008627 -0.00254569 -0.00123919 -0.15423349 15.91086 
0.180 0.00818574 5 301540.98 -2121650.17 -3187226.72 -1383445.97 155721.62 6838142.22 426733645.81 -0.00322949 -0.00809858 -0.00398727 -0.00221411 -0.00061211 0.00255597 0.00270832 0.00272045 0.00263534 0.00246074 0.00220946 0.00189840 0.00154929 0.00118794 0.00084105 0.00053266 0.00028261 0.00010107 -0.00008588 -0.00008161 -0.00001232 0.00000145 -0.00000365 -0.00000371 -0.00000284 0.00017869 -0.00262258 -0.00113448 -0.11842941 19.09304 
0.210 0.00937170 5 345894.86 -2604505.38 -3412362.41 -1509133.85 157127.11 7714769.39 488131422.07 -0.00371732 -0.00927089 -0.00455922 -0.00257549 -0.00078294 0.00310175 0.00329971 0.00333372 0.00325574 0.00307346 0.00279965 0.00245096 0.00204900 0.00162032 0.00119397 0.00079933 0.00046337 0.00020423 -0.00008840 -0.00011302 -0.00002080 0.00000269 -0.00000216 -0.00000381 -0.00000341 0.00022962 -0.00303660 -0.00130151 -0.13584379 22.27521 
0.240 0.01059127 5 -118227.73 -2952231.41 -3621224.79 -2030872.05 88180.89 8397919.63 507610978.97 -0.00400806 -0.01037344 -0.00538528 -0.00277730 -0.00083290 0.00385502 0.00411202 0.00417412 0.00410559 0.00391445 0.00361390 0.00322120 0.00275856 0.00225340 0.00173676 0.00124066 0.00079581 0.00042870 -0.00004886 -0.00015647 -0.00003559 0.00000383 -0.00000087 -0.00000374 -0.00000373 0.00030475 -0.00339110 -0.00142778 -0.14811310 25.45738 
0.270 0.01205661 5 -736525.37 -3358781.23 -3908601.35 -2553571.59 -113460.26 9197889.06 525113784.64 -0.00390829 -0.01166119 -0.00650088 -0.00298576 -0.00086526 0.00459501 0.00491410 0.00500861 0.00495448 0.00476014 0.00443937 0.00401009 0.00349525 0.00292293 0.00232515 0.00173626 0.00118969 0.00071536 0.00002065 -0.00021140 -0.00005644 0.00000479 0.00000052 -0.00000350 -0.00000391 0.00038334 -0.00376913 -0.00156324 -0.16507644 28.63955 
0.300 0.01331370 5 -1410002.27 -3752168.77 -3978175.45 -3193925.62 -69025.49 9583293.05 524947688.40 -0.00356722 -0.01279724 -0.00790205 -0.00311631 -0.00088817 0.00527907 0.00566333 0.00579443 0.00576012 0.00556921 0.00523600 0.00477914 0.00422230 0.00359433 0.00292809 0.00225943 0.00162405 0.00105451 0.00013889 -0.00026076 -0.00008324 0.00000419 0.00000199 -0.00000301 -0.00000395 0.00046277 -0.00414177 -0.00169573 -0.18538036 31.82173 
0.330 0.01458540 5 -2467243.97 -4173479.92 -4060158.68 -3802758.35 -56935.88 9626088.87 494121199.44 -0.00299792 -0.01397313 -0.00946349 -0.00317373 -0.00085685 0.00614377 0.00660671 0.00678115 0.00677017 0.00658304 0.00623481 0.00574522 0.00513922 0.00444699 0.00370272 0.00294359 0.00220701 0.00152851 0.00034059 -0.00031082 -0.00012438 0.00000089 0.00000343 -0.00000216 -0.00000375 0.00056606 -0.00448406 -0.00180132 -0.20265465 35.00390 
0.360 0.01604443 5 -3725589.09 -4607930.85 -4230485.73 -4280523.81 -161076.96 9554428.26 449273401.28 -0.00220655 -0.01535415 -0.01103206 -0.00321136 -0.00080512 0.00704601 0.00758828 0.00780495 0.00781628 0.00763212 0.00726821 0.00674545 0.00609024 0.00533428 0.00451333 0.00366607 0.00283176 0.00204852 0.00058987 -0.00034533 -0.00017306 -0.00000570 0.00000472 -0.00000091 -0.00000329 0.00067576 -0.00480613 -0.00189402 -0.21826994 38.18607 
0.390 0.01641119 5 -4280515.65 -5034990.70 -3752909.16 -4617410.69 -138452.05 9263246.96 421947473.97 -0.00117547 -0.01568988 -0.01185391 -0.00306708 -0.00121534 0.00700884 0.00763024 0.00790859 0.00797595 0.00784168 0.00752096 0.00703368 0.00640510 0.00566589 0.00485092 0.00399818 0.00314622 0.00233303 0.00075058 -0.00036150 -0.00020144 -0.00000761 0.00000555 -0.00000019 -0.00000293 0.00070908 -0.00497367 -0.00195486 -0.23891134 41.36824 
0.420 0.01607277 5 -4956934.69 -5636621.73 -3354829.87 -4834443.44 107814.70 8761145.65 395994730.03 0.00003310 -0.01533138 -0.01253798 -0.00331724 -0.00160899 0.00719288 0.00788552 0.00821339 0.00832272 0.00822254 0.00792766 0.00745742 0.00683658 0.00609555 0.00526904 0.00439504 0.00351222 0.00265901 0.00094225 -0.00036370 -0.00023547 -0.00001294 0.00000649 0.00000077 -0.00000255 0.00075854 -0.00511554 -0.00199509 -0.26309937 44.55042 
0.450 0.01596189 5 -5298838.25 -5649956.17 -3204421.04 -5039796.31 212840.52 8382494.75 364583851.86 0.00114390 -0.01519869 -0.01310714 -0.00335274 -0.00197515 0.00707299 0.00781502 0.00818559 0.00833851 0.00828205 0.00802985 0.00759934 0.00701338 0.00630068 0.00549468 0.00463238 0.00375154 0.00289001 0.00110601 -0.00033411 -0.00024493 -0.00001407 0.00000678 0.00000143 -0.00000203 0.00078056 -0.00521071 -0.00202801 -0.28309794 47.73259 
0.480 0.01568254 5 -5083795.47 -5195938.34 -3168901.93 -5136039.67 419965.92 7997118.55 342913995.39 0.00219067 -0.01489831 -0.01355276 -0.00341878 -0.00244754 0.00657293 0.00735472 0.00777530 0.00798994 0.00800420 0.00782870 0.00747624 0.00696528 0.00632094 0.00557388 0.00475904 0.00391233 0.00307030 0.00126301 -0.00030310 -0.00025705 -0.00001427 0.00000710 0.00000187 -0.00000162 0.00077477 -0.00532214 -0.00208332 -0.30804676 50.91476 
0.510 0.01518082 5 -4364758.26 -4327138.18 -3310508.57 -5055565.94 751776.95 7576677.48 331717711.83 0.00323202 -0.01437806 -0.01392239 -0.00361028 -0.00297332 0.00572640 0.00652698 0.00699619 0.00728494 0.00739468 0.00732975 0.00709511 0.00670125 0.00616694 0.00551832 0.00478720 0.00400698 0.00321248 0.00142689 -0.00024747 -0.00026463 -0.00001844 0.00000763 0.00000274 -0.00000116 0.00074394 -0.00545315 -0.00216111 -0.33907511 54.09693 
0.540 0.01475817 5 -3855057.11 -3671634.11 -3656045.62 -4807836.78 1112115.71 7168343.69 325795288.89 0.00424108 -0.01393496 -0.01438586 -0.00400718 -0.00339688 0.00504920 0.00584890 0.00633957 0.00666766 0.00683411 0.00684121 0.00669214 0.00639216 0.00595227 0.00539240 0.00474031 0.00402618 0.00328286 0.00154504 -0.00018764 -0.00025853 -0.00001825 0.00000769 0.00000303 -0.00000084 0.00071215 -0.00562816 -0.00226004 -0.37329970 57.27911 
0.570 0.01493481 4 -3287917.87 -2998546.52 -4196450.02 -4348386.50 1435811.73 6819653.43 327607482.61 0.00509720 -0.01369455 -0.01493481 -0.00458069 -0.00361250 0.00454638 0.00532120 0.00581126 0.00615420 0.00635091 0.00640350 0.00631491 0.00608916 0.00573216 0.00525585 0.00468166 0.00403488 0.00334543 0.00166395 -0.00012614 -0.00025822 -0.00002142 0.00000806 0.00000350 -0.00000069 0.00068493 -0.00583065 -0.00236942 -0.40615647 60.46128 
0.600 0.01525277 4 -3117143.43 -2560402.03 -4650166.62 -4018055.43 1741945.77 6369534.88 314859111.99 0.00596322 -0.01320261 -0.01525277 -0.00509666 -0.00382979 0.00425800 0.00502088 0.00551202 0.00586561 0.00608253 0.00616475 0.00611511 0.00593729 0.00563563 0.00521716 0.00469769 0.00409811 0.00344590 0.00179595 -0.00006566 -0.00026073 -0.00002522 0.00000861 0.00000408 -0.00000051 0.00067565 -0.00594470 -0.00242781 -0.43123743 63.64345 
0.630 0.01560652 4 -3073142.02 -2234869.57 -5020980.78 -3765611.38 2023195.47 5925124.24 299072737.99 0.00680917 -0.01287772 -0.01560652 -0.00564140 -0.00398289 0.00410875 0.00485704 0.00534220 0.00569623 0.00592005 0.00601559 0.00598566 0.00583369 0.00556322 0.00517919 0.00469371 0.00412469 0.00349795 0.00187537 -0.00002825 -0.00026510 -0.00002747 0.00000916 0.00000452 -0.00000035 0.00066942 -0.00606717 -0.00248853 -0.45519091 66.82562 
0.660 0.01587987 4 -3068622.97 -2057022.40 -5377805.92 -3398203.72 2248438.75 5515970.32 288573005.54 0.00754719 -0.01252587 -0.01587987 -0.00625802 -0.00407438 0.00410956 0.00484212 0.00531682 0.00566398 0.00588469 0.00598110 0.00595622 0.00581355 0.00555611 0.00518745 0.00471723 0.00416196 0.00354671 0.00193424 -0.00000424 -0.00027140 -0.00003042 0.00000974 0.00000498 -0.00000022 0.00067151 -0.00617900 -0.00253985 -0.47629725 70.00780 
0.690 0.01868706 3 10750360.35 -459337.51 1171510.34 2536808.47 1845312.10 5656066.94 789612563.30 0.02154926 -0.00125203 -0.01162114 -0.01861443 -0.01630354 -0.01799331 -0.01816010 -0.01815471 -0.01803217 -0.01779148 -0.01743125 -0.01694975 -0.01634555 -0.01561918 -0.01477266 -0.01380519 -0.01271696 -0.01152471 -0.00828002 -0.00326205 -0.00030870 0.00020891 0.00000548 -0.00001933 -0.00000565 -0.00231116 -0.00987994 -0.00585923 -1.36818529 73.18997 
0.720 0.02188311 3 10442913.51 -940945.71 1264972.05 2935777.95 1818015.04 5365094.18 785661776.93 0.02456161 0.00237416 -0.01030495 -0.02174548 -0.01921871 -0.01934218 -0.01939740 -0.01930707 -0.01910150 -0.01877974 -0.01834051 -0.01778222 -0.01710370 -0.01630617 -0.01539237 -0.01436157 -0.01321366 -0.01196497 -0.00859160 -0.00339252 -0.00031910 0.00022208 0.00000506 -0.00002039 -0.00000556 -0.00242289 -0.01062963 -0.00627002 -1.51095423 76.37214 
0.750 0.02450740 3 10722250.77 -1116319.53 1658509.39 3228587.73 1819743.14 5131730.03 792919075.81 0.02710034 0.00545715 -0.00911513 -0.02425539 -0.02179660 -0.02093417 -0.02091703 -0.02075942 -0.02047972 -0.02007713 -0.01955065 -0.01889890 -0.01812129 -0.01722043 -0.01620114 -0.01506542 -0.01381610 -0.01247230 -0.00890485 -0.00350143 -0.00034795 0.00022157 0.00000632 -0.00002030 -0.00000575 -0.00256204 -0.01125855 -0.00663876 -1.63573510 79.55432 
0.780 0.02545117 3 10934698.27 -1163350.04 1910715.06 3290049.07 1887451.63 5009832.54 798171623.52 0.02829923 0.00732744 -0.00816284 -0.02513594 -0.02336856 -0.02212496 -0.02205644 -0.02185016 -0.02151566 -0.02105235 -0.02045954 -0.01973626 -0.01888248 -0.01790217 -0.01680255 -0.01558873 -0.01426743 -0.01286000 -0.00917311 -0.00365020 -0.00041112 0.00021316 0.00000845 -0.00001943 -0.00000586 -0.00267214 -0.01148650 -0.00680410 -1.69596581 82.73649 
0.810 0.02768905 3 10102241.59 -1937374.79 1720382.79 3462170.81 2213873.53 4643189.25 791780476.51 0.02904061 0.00640020 -0.01029080 -0.02738967 -0.02192376 -0.01984167 -0.01983803 -0.01970852 -0.01947399 -0.01913374 -0.01868670 -0.01813143 -0.01746701 -0.01669585 -0.01582261 -0.01484537 -0.01375686 -0.01256005 -0.00923550 -0.00393406 -0.00056944 0.00018742 0.00001318 -0.00001693 -0.00000603 -0.00252882 -0.01195482 -0.00694751 -1.72378367 85.91866 
0.840 0.02910696 3 9217929.80 -2388515.99 1424708.05 3807042.58 2071446.34 4303248.82 760575043.49 0.02984251 0.00807933 -0.00950177 -0.02877217 -0.02217472 -0.01904201 -0.01900988 -0.01887296 -0.01864512 -0.01832571 -0.01791373 -0.01740769 -0.01680661 -0.01611264 -0.01533006 -0.01445604 -0.01347976 -0.01239494 -0.00927951 -0.00410839 -0.00066222 0.00017219 0.00001559 -0.00001571 -0.00000629 -0.00246984 -0.01194417 -0.00691119 -1.73869342 89.10083 
0.870 0.02932985 3 8869424.29 -2462697.74 1327283.85 3991171.68 1970175.58 4043490.93 737496909.33 0.03016687 0.00968330 -0.00808877 -0.02895491 -0.02282413 -0.01928235 -0.01921064 -0.01904217 -0.01878313 -0.01843357 -0.01799330 -0.01746180 -0.01683908 -0.01612847 -0.01533535 -0.01445779 -0.01348541 -0.01241067 -0.00933181 -0.00421330 -0.00075136 0.00014323 0.00001843 -0.00001301 -0.00000617 -0.00248832 -0.01172764 -0.00681949 -1.73686872 92.28301 
0.900 0.02991719 3 6052746.41 -960115.75 -1647487.33 3788183.40 1975851.83 2896314.26 539072512.22 0.03215201 0.00526491 -0.01165408 -0.02980291 -0.02122159 -0.01661798 -0.01649333 -0.01632206 -0.01609458 -0.01580989 -0.01546656 -0.01506279 -0.01459738 -0.01407266 -0.01349301 -0.01285476 -0.01214491 -0.01134733 -0.00888796 -0.00433780 -0.00089474 0.00011302 0.00002053 -0.00000980 -0.00000514 -0.00223162 -0.01224675 -0.00692648 -1.74391176 95.46518 
0.930 0.02986516 3 6448430.14 -858099.13 -1573236.67 3934809.81 1990734.01 2954222.11 555338935.39 0.03220524 0.00824988 -0.00934940 -0.02972184 -0.02246670 -0.01805345 -0.01791566 -0.01772336 -0.01746556 -0.01714130 -0.01674922 -0.01628760 -0.01575545 -0.01515558 -0.01449311 -0.01376473 -0.01295777 -0.01205563 -0.00932459 -0.00445556 -0.00090468 0.00011604 0.00002092 -0.00000999 -0.00000522 -0.00238651 -0.01190774 -0.00684984 -1.75346226 98.64735 
0.960 0.02915322 3 6861195.32 -700513.95 -1486635.80 4013061.15 1981790.74 3053493.18 570336735.82 0.03163820 0.01051232 -0.00733217 -0.02900764 -0.02308509 -0.01917636 -0.01904796 -0.01885261 -0.01858206 -0.01823537 -0.01781123 -0.01730803 -0.01672508 -0.01606632 -0.01533803 -0.01453719 -0.01365087 -0.01266167 -0.00970564 -0.00457554 -0.00093373 0.00011044 0.00002206 -0.00000936 -0.00000527 -0.00251748 -0.01140930 -0.00668576 -1.73312305 101.82952 
0.990 0.02879084 3 7018701.16 -662944.38 -1506618.41 4004695.90 1983782.25 3199785.81 582116872.09 0.03095973 0.01227179 -0.00605925 -0.02865410 -0.02309284 -0.01940963 -0.01929494 -0.01910761 -0.01884236 -0.01849819 -0.01807381 -0.01756760 -0.01697916 -0.01631363 -0.01557841 -0.01476991 -0.01387406 -0.01287182 -0.00987027 -0.00467708 -0.00100742 0.00008422 0.00002500 -0.00000665 -0.00000509 -0.00256020 -0.01099775 -0.00651552 -1.70603240 105.01170 
1.020 0.02884842 3 7170319.10 -583360.94 -1522603.26 4035459.47 1996953.73 3243870.10 588132718.86 0.03072662 0.01384239 -0.00511115 -0.02871775 -0.02322424 -0.01968941 -0.01959058 -0.01941163 -0.01915078 -0.01880705 -0.01837912 -0.01786544 -0.01726602 -0.01658752 -0.01583871 -0.01501515 -0.01410120 -0.01307698 -0.01001274 -0.00474020 -0.00103126 0.00007861 0.00002592 -0.00000599 -0.00000503 -0.00260150 -0.01075569 -0.00642399 -1.69805211 108.19387 
1.050 0.02906545 3 7386505.77 -446609.70 -1485196.47 4096191.29 2010260.43 3211860.21 590912117.63 0.03074987 0.01498021 -0.00452570 -0.02894420 -0.02332531 -0.02001163 -0.01994109 -0.01977825 -0.01952720 -0.01918696 -0.01875623 -0.01823355 -0.01761955 -0.01692326 -0.01615528 -0.01531007 -0.01436999 -0.01331439 -0.01016148 -0.00477014 -0.00102198 0.00008367 0.00002574 -0.00000644 -0.00000509 -0.00264701 -0.01062504 -0.00638692 -1.70028304 111.37604 
1.080 0.02927197 3 7662344.63 -277295.08 -1399395.02 4157293.09 2019932.45 3161809.19 593439178.82 0.03098231 0.01599142 -0.00395412 -0.02914076 -0.02364793 -0.02062779 -0.02058603 -0.02043819 -0.02019417 -0.01985296 -0.01941333 -0.01887392 -0.01823577 -0.01750994 -0.01670824 -0.01582420 -0.01483890 -0.01373147 -0.01044648 -0.00488042 -0.00104852 0.00008154 0.00002664 -0.00000615 -0.00000513 -0.00273230 -0.01055149 -0.00639775 -1.71293376 114.55821 
1.110 0.03000683 3 7918205.44 -166775.78 -1361264.20 4222515.13 2039512.70 3184217.59 601580699.60 0.03154159 0.01673760 -0.00385801 -0.02985776 -0.02406902 -0.02110091 -0.02108120 -0.02094577 -0.02070864 -0.02036879 -0.01992499 -0.01937595 -0.01872320 -0.01797954 -0.01715723 -0.01624888 -0.01523531 -0.01409644 -0.01072533 -0.00501509 -0.00108488 0.00007838 0.00002787 -0.00000574 -0.00000520 -0.00280460 -0.01071338 -0.00651205 -1.74716893 117.74039 
1.140 0.02961870 3 8217091.34 -88019.61 -1013423.84 4294213.61 2026047.77 2998273.41 599195434.36 0.03157616 0.01774339 -0.00295685 -0.02941814 -0.02445833 -0.02199225 -0.02199614 -0.02186846 -0.02162768 -0.02127287 -0.02080290 -0.02021675 -0.01951639 -0.01871590 -0.01782922 -0.01684887 -0.01575784 -0.01454142 -0.01101598 -0.00515716 -0.00115828 0.00005486 0.00003102 -0.00000337 -0.00000519 -0.00291380 -0.01046952 -0.00645574 -1.74421537 120.92256 
