0.001 0.00011221 4 58491.07 -664.88 4089.70 5602.20 6213.51 43250.54 4599429.45 0.00000425 -0.00003851 -0.00011221 -0.00003037 0.00000230 0.00004505 0.00004916 0.00004569 0.00004096 0.00003548 0.00002949 0.00002342 0.00001770 0.00001255 0.00000802 0.00000404 0.00000063 -0.00000223 -0.00000438 0.00000075 0.00001029 0.00000002 -0.00001035 -0.00000144 0.00000189 0.00000317 -0.00003178 -0.00001322 -0.00238125 0.03716 
0.030 0.00138196 5 1726242.12 -6398.31 115235.86 167714.79 184580.69 1265109.09 134829182.85 -0.00034330 -0.00131246 -0.00076837 -0.00052447 -0.00033198 -0.00034447 -0.00033155 -0.00031010 -0.00027858 -0.00023992 -0.00019720 -0.00015406 -0.00011370 -0.00007843 -0.00004961 -0.00002771 -0.00001237 -0.00000273 0.00000538 0.00000524 0.00000652 -0.00000214 -0.00000931 -0.00000233 0.00000049 -0.00001664 -0.00055656 -0.00026974 -0.03794763 1.11490 
0.060 0.00264763 5 3396223.87 -7296.21 238398.80 324506.61 359506.13 2481108.54 264404208.18 -0.00068670 -0.00257483 -0.00141597 -0.00100635 -0.00066368 -0.00080819 -0.00079602 -0.00075692 -0.00069269 -0.00060800 -0.00050929 -0.00040514 -0.00030482 -0.00021510 -0.00013993 -0.00008096 -0.00003793 -0.00000912 0.00001700 0.00001272 0.00000317 -0.00000400 -0.00000743 -0.00000301 -0.00000109 -0.00004302 -0.00107564 -0.00052709 -0.07381724 2.22979 
0.090 0.00381802 5 5037486.62 17570.70 357678.26 513067.35 544741.40 3604428.91 388316498.23 -0.00099359 -0.00374218 -0.00202018 -0.00147004 -0.00098560 -0.00132585 -0.00132284 -0.00127303 -0.00118288 -0.00105870 -0.00090910 -0.00074550 -0.00058021 -0.00042546 -0.00029039 -0.00018000 -0.00009587 -0.00003648 0.00002465 0.00002397 0.00000111 -0.00000555 -0.00000487 -0.00000337 -0.00000262 -0.00007696 -0.00156632 -0.00077514 -0.10906905 3.34469 
0.120 0.00494189 5 6616652.61 47564.29 474280.52 703469.14 727209.37 4664129.29 506561308.30 -0.00128872 -0.00486435 -0.00259897 -0.00191955 -0.00130083 -0.00184175 -0.00184968 -0.00179126 -0.00167764 -0.00151642 -0.00131843 -0.00109820 -0.00087155 -0.00065377 -0.00045841 -0.00029452 -0.00016639 -0.00007332 0.00002889 0.00003626 0.00000006 -0.00000660 -0.00000193 -0.00000347 -0.00000396 -0.00011215 -0.00204071 -0.00101621 -0.14347021 4.45958 
0.150 0.00603850 5 8099860.66 62133.63 584659.97 885205.36 897483.09 5670378.60 618643280.94 -0.00159468 -0.00595891 -0.00316218 -0.00235925 -0.00160615 -0.00238118 -0.00239648 -0.00232819 -0.00219143 -0.00199444 -0.00174960 -0.00147367 -0.00118569 -0.00090441 -0.00064630 -0.00042530 -0.00024931 -0.00011895 0.00003058 0.00004998 0.00000040 -0.00000701 0.00000123 -0.00000329 -0.00000506 -0.00014949 -0.00250570 -0.00125402 -0.17734630 5.57448 
0.180 0.00713763 5 9491280.63 92113.20 690530.04 1024145.76 1052181.48 6632310.15 723412239.05 -0.00192630 -0.00704991 -0.00372893 -0.00278330 -0.00189728 -0.00294472 -0.00296752 -0.00289042 -0.00273273 -0.00250308 -0.00221459 -0.00188519 -0.00153638 -0.00119054 -0.00086778 -0.00058496 -0.00035516 -0.00018161 0.00002606 0.00006507 0.00000268 -0.00000662 0.00000445 -0.00000278 -0.00000580 -0.00019033 -0.00296642 -0.00149170 -0.21094596 6.68937 
0.210 0.00809969 5 10636854.40 120045.00 766660.49 1122999.36 1189961.91 7437187.63 810374761.12 -0.00219600 -0.00797011 -0.00422110 -0.00314518 -0.00214021 -0.00341668 -0.00344958 -0.00336861 -0.00319699 -0.00294360 -0.00262203 -0.00225088 -0.00185288 -0.00145320 -0.00107548 -0.00073958 -0.00046112 -0.00024722 0.00001717 0.00007839 0.00000580 -0.00000582 0.00000724 -0.00000192 -0.00000601 -0.00022653 -0.00335681 -0.00169393 -0.23975019 7.80427 
0.240 0.00856270 5 10951003.02 -87135.14 885942.34 1534409.37 1005108.47 7612677.97 837344118.12 -0.00229059 -0.00830584 -0.00474739 -0.00334416 -0.00225508 -0.00343752 -0.00345728 -0.00336549 -0.00318394 -0.00292136 -0.00259119 -0.00221178 -0.00180550 -0.00139744 -0.00101259 -0.00067245 -0.00039437 -0.00018698 0.00005080 0.00008128 0.00000236 -0.00000602 0.00000902 -0.00000108 -0.00000587 -0.00022084 -0.00359206 -0.00180119 -0.25676418 8.91916 
0.270 0.00912702 5 -10474925.00 -412329.47 -292862.72 -1017964.10 -1280931.27 -7470837.43 -800147382.67 0.00108553 0.00912702 0.00663801 0.00319254 0.00210127 0.00456025 0.00468266 0.00466144 0.00454170 0.00432581 0.00401966 0.00363286 0.00318128 0.00268702 0.00217572 0.00167476 0.00121154 0.00080924 0.00018832 -0.00011563 -0.00003906 -0.00000206 -0.00001173 -0.00000419 -0.00000143 0.00036644 0.00383904 0.00199431 0.30159050 10.03406 
0.300 0.01014152 5 -10635541.40 -455871.02 -348539.19 -893471.43 -1320967.71 -7616692.05 -810820767.21 0.00033975 0.01014152 0.00853941 0.00330324 0.00212845 0.00503805 0.00517933 0.00517082 0.00506191 0.00485368 0.00454946 0.00415552 0.00368478 0.00315804 0.00260182 0.00204605 0.00152159 0.00105522 0.00029519 -0.00012226 -0.00005346 -0.00000459 -0.00001060 -0.00000402 -0.00000177 0.00042238 0.00427195 0.00222697 0.34713344 11.14895 
0.330 0.01173779 4 -6295573.23 490599.19 814621.10 892536.24 -1470162.92 -7023166.84 -638519303.30 -0.00201114 0.01132602 0.01152479 0.00298335 0.00154005 0.00304070 0.00308903 0.00307738 0.00303188 0.00295187 0.00283622 0.00268335 0.00249141 0.00225914 0.00198766 0.00168364 0.00136093 0.00103997 0.00041138 -0.00004915 -0.00005267 -0.00001100 -0.00000783 -0.00000372 -0.00000285 0.00028812 0.00439556 0.00221359 0.36172863 12.26385 
0.360 0.01420663 4 -5364273.36 505159.14 1210358.96 1192837.92 -1391584.90 -6881044.47 -592557891.76 -0.00353834 0.01367912 0.01394968 0.00302251 0.00139997 0.00278036 0.00280795 0.00279049 0.00274934 0.00268389 0.00259289 0.00247456 0.00232660 0.00214677 0.00193392 0.00168911 0.00141742 0.00113143 0.00050637 -0.00002421 -0.00006084 -0.00001486 -0.00000568 -0.00000333 -0.00000341 0.00027526 0.00487213 0.00243016 0.40226485 13.37875 
0.390 0.01639458 4 -4147311.51 796750.80 1691951.36 1260938.37 -1635646.38 -6261305.67 -537587940.94 -0.00557866 0.01497311 0.01623639 0.00402383 0.00126443 0.00201415 0.00201832 0.00199850 0.00197020 0.00193275 0.00188476 0.00182404 0.00174751 0.00165190 0.00153472 0.00139431 0.00122949 0.00104061 0.00054388 0.00001932 -0.00005916 -0.00001823 -0.00000396 -0.00000301 -0.00000389 0.00021499 0.00538780 0.00263988 0.45570582 14.49364 
0.420 0.01894184 4 -3101395.73 891692.06 2004569.59 1555201.30 -1677961.14 -5874897.53 -481926710.33 -0.00760490 0.01724181 0.01878950 0.00476204 0.00113296 0.00146852 0.00144956 0.00142190 0.00139685 0.00137376 0.00135114 0.00132632 0.00129533 0.00125379 0.00119876 0.00112886 0.00104288 0.00093602 0.00056675 0.00005772 -0.00006004 -0.00002174 -0.00000201 -0.00000260 -0.00000437 0.00016808 0.00598773 0.00289620 0.51023730 15.60854 
0.450 0.02111273 4 -2253802.01 1100641.79 2268464.33 1737971.34 -1796274.56 -5564604.92 -445468315.13 -0.00914941 0.01924836 0.02094530 0.00537038 0.00106734 0.00090335 0.00084867 0.00080404 0.00077466 0.00075994 0.00075821 0.00076627 0.00077891 0.00079005 0.00079495 0.00079127 0.00077821 0.00074833 0.00052803 0.00008467 -0.00005667 -0.00002350 -0.00000079 -0.00000238 -0.00000468 0.00011149 0.00653203 0.00312129 0.55532351 16.72343 
0.480 0.02309034 4 -1354438.80 1520477.36 2530134.32 1835710.56 -1864218.69 -5376542.36 -420159011.80 -0.01042187 0.02123115 0.02290418 0.00600157 0.00103093 0.00015867 0.00005666 -0.00000761 -0.00003868 -0.00003726 -0.00000537 0.00005307 0.00013135 0.00022030 0.00030984 0.00039384 0.00046882 0.00052472 0.00046808 0.00011387 -0.00004774 -0.00002434 -0.00000009 -0.00000223 -0.00000488 0.00003946 0.00707908 0.00333947 0.59613958 17.83833 
0.510 0.02512479 4 -608261.29 1953318.55 2739095.03 1926507.07 -1870033.80 -5357148.15 -406935189.33 -0.01150885 0.02358183 0.02491424 0.00662117 0.00098962 -0.00057341 -0.00071767 -0.00079749 -0.00082738 -0.00080810 -0.00074191 -0.00063311 -0.00048972 -0.00032504 -0.00015399 0.00001309 0.00016893 0.00030072 0.00038813 0.00013091 -0.00003620 -0.00002346 -0.00000014 -0.00000229 -0.00000490 -0.00003127 0.00768809 0.00358738 0.63765668 18.95322 
0.540 0.02622680 4 -604857.05 2074767.49 2828829.13 1980302.04 -1903675.15 -5585080.55 -423211406.59 -0.01193595 0.02516315 0.02596850 0.00719748 0.00101070 -0.00089363 -0.00104115 -0.00111759 -0.00114002 -0.00110922 -0.00102753 -0.00089920 -0.00073212 -0.00053954 -0.00033702 -0.00013714 0.00005001 0.00020966 0.00034707 0.00013255 -0.00002927 -0.00002215 -0.00000072 -0.00000242 -0.00000477 -0.00005974 0.00813174 0.00378023 0.66719628 20.06812 
0.570 0.02799890 4 -93180.88 2308212.98 3214225.09 1922434.95 -1829740.54 -5708313.37 -419350175.64 -0.01274688 0.02743872 0.02772111 0.00780660 0.00093596 -0.00157538 -0.00174991 -0.00183160 -0.00184590 -0.00179377 -0.00167808 -0.00150340 -0.00127859 -0.00101920 -0.00074378 -0.00046941 -0.00021132 0.00001205 0.00026556 0.00014215 -0.00001606 -0.00002021 -0.00000151 -0.00000261 -0.00000461 -0.00012302 0.00870318 0.00401450 0.70352417 21.18301 
0.600 0.02973074 5 964094.50 2364533.18 3892227.08 2083855.45 -1532292.05 -5844229.16 -380303163.22 -0.01345690 0.02973074 0.02931393 0.00812781 0.00072486 -0.00247822 -0.00268545 -0.00276872 -0.00276494 -0.00267579 -0.00250627 -0.00226261 -0.00195722 -0.00160921 -0.00124054 -0.00087297 -0.00052697 -0.00022478 0.00017241 0.00015965 0.00000083 -0.00001817 -0.00000215 -0.00000282 -0.00000454 -0.00020272 0.00913822 0.00417609 0.72446531 22.29791 
0.630 0.03199784 5 1190083.65 2180919.13 4186592.84 2274459.66 -1432021.67 -6019866.31 -369475906.64 -0.01397355 0.03199784 0.03079233 0.00817335 0.00060086 -0.00275065 -0.00296883 -0.00305564 -0.00305168 -0.00295859 -0.00278116 -0.00252534 -0.00220310 -0.00183320 -0.00143796 -0.00104097 -0.00066528 -0.00033507 0.00011900 0.00016002 0.00000860 -0.00001652 -0.00000269 -0.00000295 -0.00000441 -0.00023121 0.00954455 0.00435143 0.74613272 23.41280 
