0.001 0.00015008 5 5230.11 5289.07 -35063.49 -34923.31 -6823.20 76751.03 3223678.40 -0.00002579 -0.00008252 -0.00012681 -0.00002409 0.00001490 0.00007109 0.00007483 0.00006983 0.00006274 0.00005431 0.00004501 0.00003558 0.00002668 0.00001874 0.00001191 0.00000616 0.00000147 -0.00000224 -0.00000508 0.00000033 0.00001028 0.00000005 -0.00001036 -0.00000144 0.00000189 0.00000449 -0.00003637 -0.00001467 -0.00197005 0.13186 
0.030 0.00250148 5 447801.39 801936.14 665264.91 769942.84 292530.63 -2081873.13 -96314787.40 0.00133393 0.00250148 0.00093299 0.00036645 0.00007735 -0.00084808 -0.00087633 -0.00086092 -0.00080894 -0.00072617 -0.00062064 -0.00050285 -0.00038434 -0.00027561 -0.00018291 -0.00010911 -0.00005446 -0.00001722 0.00001913 0.00001928 0.00001229 -0.00000193 -0.00001167 -0.00000205 0.00000151 -0.00005036 0.00067675 0.00029049 0.02108507 3.95590 
0.060 0.00477605 5 694469.00 1487210.64 1225391.81 1413376.54 529736.72 -3961246.69 -189220014.98 0.00248643 0.00477605 0.00186983 0.00074484 0.00016607 -0.00174186 -0.00181727 -0.00180521 -0.00172284 -0.00157812 -0.00138395 -0.00115761 -0.00091837 -0.00068525 -0.00047501 -0.00030040 -0.00016575 -0.00006942 0.00003444 0.00004382 0.00001676 -0.00000354 -0.00001258 -0.00000261 0.00000093 -0.00011336 0.00131735 0.00055732 0.04152125 7.91179 
0.090 0.00692525 5 1088943.75 2218743.78 2088954.67 1810530.61 605673.01 -5634958.32 -279485901.23 0.00359259 0.00692525 0.00282477 0.00126046 0.00027208 -0.00302054 -0.00317601 -0.00319017 -0.00309820 -0.00290814 -0.00263361 -0.00229284 -0.00190931 -0.00151094 -0.00112535 -0.00077684 -0.00048549 -0.00026190 0.00001552 0.00008784 0.00002942 -0.00000499 -0.00001333 -0.00000301 0.00000037 -0.00022158 0.00197641 0.00080879 0.06045774 11.86769 
0.120 0.00885393 5 1295924.46 3125746.98 2542346.34 2055723.38 636432.43 -7064324.67 -372245214.21 0.00456751 0.00885393 0.00371219 0.00181016 0.00049143 -0.00431627 -0.00457432 -0.00463837 -0.00456399 -0.00435922 -0.00403774 -0.00361787 -0.00312329 -0.00258314 -0.00203057 -0.00150054 -0.00102579 -0.00063122 -0.00007804 0.00013825 0.00005177 -0.00000486 -0.00001414 -0.00000337 -0.00000003 -0.00035172 0.00262998 0.00104603 0.07983192 15.82359 
0.150 0.01058680 5 1220767.53 3946756.51 2688653.81 2217214.31 622007.33 -8253864.43 -461554103.05 0.00539917 0.01058680 0.00451652 0.00234035 0.00077169 -0.00541584 -0.00577778 -0.00590342 -0.00586670 -0.00567535 -0.00534272 -0.00488653 -0.00432993 -0.00370176 -0.00303543 -0.00236789 -0.00173688 -0.00117777 -0.00028041 0.00018977 0.00008957 -0.00000148 -0.00001540 -0.00000397 -0.00000027 -0.00048339 0.00324973 0.00126660 0.09907636 19.77948 
0.180 0.01206867 5 947003.12 4612506.94 2675665.04 2308001.13 556422.78 -9205592.78 -542893811.85 0.00603200 0.01206867 0.00514562 0.00281482 0.00107251 -0.00630363 -0.00676482 -0.00695790 -0.00697252 -0.00681572 -0.00649986 -0.00604092 -0.00546041 -0.00478586 -0.00404984 -0.00328877 -0.00254031 -0.00184281 -0.00058956 0.00021957 0.00014045 0.00000680 -0.00001726 -0.00000500 -0.00000041 -0.00061068 0.00378348 0.00144920 0.11514698 23.73538 
0.210 0.01314832 5 1017905.82 5029029.70 2949795.21 2355345.19 487781.59 -9804045.87 -587824794.13 0.00589363 0.01314832 0.00597003 0.00316445 0.00129791 -0.00712955 -0.00769642 -0.00796560 -0.00804455 -0.00793892 -0.00765941 -0.00721944 -0.00663815 -0.00594142 -0.00516074 -0.00433177 -0.00349124 -0.00267729 -0.00105838 0.00020024 0.00020873 0.00002421 -0.00002003 -0.00000690 -0.00000050 -0.00075023 0.00417267 0.00155751 0.12868699 27.69128 
0.240 0.01382925 5 355602.32 4477670.74 2966462.59 2559802.68 531684.15 -10180017.83 -606773889.01 0.00500634 0.01382925 0.00677375 0.00318993 0.00162003 -0.00693296 -0.00755896 -0.00790079 -0.00807352 -0.00807828 -0.00791867 -0.00759941 -0.00712982 -0.00652793 -0.00581997 -0.00503772 -0.00421390 -0.00338372 -0.00157082 0.00007517 0.00023773 0.00004146 -0.00002262 -0.00000878 -0.00000048 -0.00081679 0.00440066 0.00162903 0.14702017 31.64717 
0.270 0.01455791 5 122470.15 3602858.04 3056762.96 2961926.05 510018.08 -10009094.98 -571040907.17 0.00390449 0.01455791 0.00820863 0.00283332 0.00148790 -0.00651015 -0.00714747 -0.00752104 -0.00774624 -0.00782392 -0.00775641 -0.00754735 -0.00720213 -0.00672913 -0.00614296 -0.00546609 -0.00472248 -0.00394124 -0.00208158 -0.00014862 0.00021076 0.00005065 -0.00002316 -0.00000975 -0.00000053 -0.00085094 0.00450260 0.00165867 0.15962847 35.60307 
0.300 0.01449995 5 -489376.63 2780995.50 2833318.38 3070662.45 568653.04 -9743006.00 -546409280.40 0.00296224 0.01449995 0.00878515 0.00246227 0.00168045 -0.00540886 -0.00601627 -0.00639283 -0.00664671 -0.00677881 -0.00679139 -0.00668796 -0.00647373 -0.00615615 -0.00574447 -0.00524791 -0.00467477 -0.00403899 -0.00236060 -0.00036777 0.00014403 0.00004926 -0.00002168 -0.00000955 -0.00000069 -0.00079429 0.00449128 0.00168346 0.17600753 39.55897 
0.330 0.01361703 5 -976623.35 1689185.20 2796209.35 3214164.37 506889.38 -9183071.65 -497905632.64 0.00185746 0.01361703 0.00895992 0.00194912 0.00178660 -0.00388497 -0.00440941 -0.00474511 -0.00498572 -0.00513184 -0.00518535 -0.00514931 -0.00502849 -0.00482983 -0.00456169 -0.00423169 -0.00384511 -0.00340629 -0.00214695 -0.00048998 0.00003456 0.00003213 -0.00001800 -0.00000772 -0.00000079 -0.00063879 0.00425001 0.00165297 0.19033687 43.51486 
0.360 0.01261884 5 -1435365.60 502546.26 2899454.80 3330626.36 510348.32 -8678341.35 -446767846.10 0.00099578 0.01261884 0.00883815 0.00143044 0.00181740 -0.00235561 -0.00278021 -0.00306104 -0.00327455 -0.00342082 -0.00350083 -0.00351654 -0.00347145 -0.00337107 -0.00322214 -0.00303059 -0.00280038 -0.00253490 -0.00173788 -0.00056743 -0.00007857 0.00001606 -0.00001424 -0.00000602 -0.00000092 -0.00046061 0.00394241 0.00160342 0.19914116 47.47076 
0.390 0.01145095 4 -7727263.77 -4172787.94 -9149325.06 -2050808.37 2443933.87 5201723.74 226813393.43 0.00300721 -0.00893752 -0.01145095 -0.00458029 -0.00178405 0.00716017 0.00779291 0.00805918 0.00810292 0.00793462 0.00757137 0.00703648 0.00635962 0.00557609 0.00472478 0.00384644 0.00298109 0.00216442 0.00056188 -0.00059246 -0.00023793 0.00003334 -0.00000603 -0.00000499 -0.00000018 0.00069155 -0.00431962 -0.00165757 -0.28258819 51.42666 
0.420 0.01190419 4 -8349299.99 -4887694.42 -9043884.79 -1564433.05 2600421.01 4546291.25 209131769.96 0.00434113 -0.00864927 -0.01190419 -0.00497955 -0.00223292 0.00699206 0.00765312 0.00793859 0.00800096 0.00785051 0.00750415 0.00698504 0.00632265 0.00555214 0.00471229 0.00384384 0.00298683 0.00217675 0.00057341 -0.00062483 -0.00025875 0.00004221 -0.00000562 -0.00000571 -0.00000021 0.00068425 -0.00446477 -0.00172949 -0.31388021 55.38255 
0.450 0.01225036 4 -8818596.91 -5550167.14 -8848182.17 -1125349.97 2799756.83 3905345.55 196138818.35 0.00573239 -0.00845398 -0.01225036 -0.00545676 -0.00286861 0.00654863 0.00723765 0.00754525 0.00763208 0.00750823 0.00719039 0.00670146 0.00607062 0.00533267 0.00452598 0.00369087 0.00286695 0.00208848 0.00053955 -0.00065792 -0.00028313 0.00004697 -0.00000495 -0.00000598 -0.00000017 0.00065049 -0.00467269 -0.00184489 -0.35348256 59.33845 
0.480 0.01254793 4 -9164696.41 -6183993.62 -8510516.24 -887664.64 3058388.61 3359089.48 189351408.12 0.00715028 -0.00834759 -0.01254793 -0.00594377 -0.00376005 0.00583567 0.00656152 0.00690032 0.00702224 0.00693714 0.00666142 0.00621767 0.00563467 0.00494666 0.00419141 0.00340861 0.00263738 0.00191008 0.00046081 -0.00067732 -0.00028665 0.00005784 -0.00000473 -0.00000685 -0.00000021 0.00059491 -0.00496438 -0.00201115 -0.40266383 63.29434 
0.510 0.01300794 5 5716009.31 -10146419.63 6808690.24 229175.50 -76083.06 8900646.26 967592689.12 0.00515049 -0.01213048 -0.00898784 -0.00252592 -0.01256227 -0.00966592 -0.00898627 -0.00842518 -0.00789553 -0.00739747 -0.00693033 -0.00649277 -0.00608273 -0.00569718 -0.00533177 -0.00498045 -0.00463559 -0.00429316 -0.00341876 -0.00176848 -0.00014918 0.00021928 -0.00000636 -0.00002133 -0.00000379 -0.00094882 -0.00709327 -0.00382919 -0.70290052 67.25024 
0.540 0.01392203 2 6656776.92 -10268420.07 7487272.19 253703.41 -110445.44 9294666.83 1021141149.25 0.00542356 -0.01277982 -0.00872300 -0.00197372 -0.01392203 -0.01219662 -0.01157235 -0.01103152 -0.01050654 -0.00999772 -0.00950459 -0.00902610 -0.00856049 -0.00810504 -0.00765539 -0.00720452 -0.00674324 -0.00626817 -0.00498413 -0.00251583 -0.00025462 0.00026494 -0.00000678 -0.00002545 -0.00000415 -0.00132293 -0.00741073 -0.00417675 -0.76750078 71.20614 
0.570 0.01517392 5 8444300.89 451300.16 1288339.26 1149774.38 -77446.63 5632333.72 581907310.07 -0.00276222 -0.01465627 -0.00800511 0.00010089 0.00201333 -0.00525641 -0.00598088 -0.00648821 -0.00690733 -0.00723886 -0.00748392 -0.00764435 -0.00772304 -0.00772371 -0.00764868 -0.00749668 -0.00726364 -0.00695013 -0.00578550 -0.00311229 -0.00062033 0.00015886 0.00001843 -0.00001635 -0.00000917 -0.00120458 -0.00271566 -0.00191294 -0.21837552 75.16203 
0.600 0.01640747 5 8712949.11 880176.14 687693.02 1316733.35 119773.65 5708572.95 593645329.44 -0.00243653 -0.01583481 -0.00907370 0.00004881 0.00216274 -0.00596320 -0.00675717 -0.00730486 -0.00775498 -0.00810833 -0.00836641 -0.00853148 -0.00860703 -0.00859739 -0.00850516 -0.00832838 -0.00806220 -0.00770632 -0.00638914 -0.00343207 -0.00071987 0.00015329 0.00001855 -0.00001576 -0.00000857 -0.00134220 -0.00297720 -0.00210865 -0.24996059 79.11793 
0.630 0.01757023 5 7124747.16 -161489.45 644226.21 872330.15 38694.49 5730985.75 563206394.58 -0.00185344 -0.01692381 -0.01021120 0.00018164 0.00225165 -0.00509869 -0.00581159 -0.00631300 -0.00674914 -0.00711916 -0.00742198 -0.00765653 -0.00782221 -0.00791861 -0.00794294 -0.00788698 -0.00773921 -0.00749342 -0.00638158 -0.00361088 -0.00088604 0.00011118 0.00002274 -0.00001114 -0.00000759 -0.00127143 -0.00315818 -0.00215589 -0.25602352 83.07383 
0.660 0.01864318 2 3980383.18 -12391829.33 8527794.73 -607497.23 -948267.45 9400182.45 953274911.67 0.00942044 -0.01589254 -0.01015113 -0.00080329 -0.01864318 -0.01609619 -0.01517071 -0.01439034 -0.01363825 -0.01291529 -0.01222152 -0.01155643 -0.01091881 -0.01030599 -0.00971092 -0.00911640 -0.00849968 -0.00785253 -0.00607304 -0.00303718 -0.00058470 0.00022212 0.00000716 -0.00001847 -0.00000272 -0.00169145 -0.00878175 -0.00501521 -0.94863006 87.02972 
0.690 0.01975620 2 3334901.10 -12876460.21 8742283.89 -786573.64 -1132618.18 9388269.25 935383809.23 0.01041176 -0.01669333 -0.01053469 -0.00046847 -0.01975620 -0.01723070 -0.01624943 -0.01542346 -0.01462736 -0.01386216 -0.01312806 -0.01242470 -0.01175104 -0.01110438 -0.01047664 -0.00984706 -0.00918806 -0.00848862 -0.00651756 -0.00315952 -0.00064834 0.00020756 0.00001075 -0.00001635 -0.00000228 -0.00181598 -0.00910418 -0.00523252 -0.99524282 90.98562 
0.720 0.02084613 2 2716069.48 -13302141.05 8908716.38 -953021.88 -1286940.69 9349456.71 916605521.44 0.01139651 -0.01744201 -0.01091910 -0.00011656 -0.02084613 -0.01843409 -0.01740443 -0.01653911 -0.01570504 -0.01490339 -0.01413448 -0.01339807 -0.01269324 -0.01201721 -0.01136052 -0.01069703 -0.00999693 -0.00924551 -0.00706140 -0.00329210 -0.00069825 0.00019473 0.00001416 -0.00001441 -0.00000187 -0.00195632 -0.00941278 -0.00545173 -1.04264869 94.94152 
0.750 0.02239504 5 6539942.44 627319.58 8253632.70 -3177171.05 -3921688.06 4757849.26 217724836.68 -0.00761496 -0.02159260 -0.00579056 0.01042559 0.00023875 -0.01140318 -0.01210999 -0.01257249 -0.01293657 -0.01320258 -0.01337164 -0.01344533 -0.01342598 -0.01331553 -0.01311046 -0.01279565 -0.01235887 -0.01179506 -0.00967477 -0.00499390 -0.00119648 0.00014097 0.00002891 -0.00001341 -0.00000738 -0.00210953 -0.00165918 -0.00189841 -0.10153882 98.89741 
0.780 0.02403741 5 6317138.03 227035.56 8349230.96 -3667542.75 -4019529.39 5427943.65 244953602.67 -0.00743112 -0.02318509 -0.00668263 0.01097281 -0.00046023 -0.01224473 -0.01291464 -0.01335133 -0.01370120 -0.01396397 -0.01413970 -0.01422853 -0.01423098 -0.01414667 -0.01396840 -0.01367660 -0.01325626 -0.01269973 -0.01049044 -0.00538348 -0.00131300 0.00013158 0.00003363 -0.00001172 -0.00000727 -0.00225647 -0.00206753 -0.00216790 -0.14242720 102.85331 
0.810 0.02563799 5 5918434.75 -263487.36 8438892.46 -4175124.25 -4090416.88 6008570.77 265141375.65 -0.00722860 -0.02472921 -0.00756789 0.01155672 -0.00119004 -0.01305249 -0.01367883 -0.01408623 -0.01441897 -0.01467646 -0.01485821 -0.01496336 -0.01499094 -0.01493855 -0.01479497 -0.01453688 -0.01414599 -0.01361193 -0.01135161 -0.00580292 -0.00143376 0.00012254 0.00003766 -0.00001063 -0.00000736 -0.00240244 -0.00246824 -0.00243329 -0.18309641 106.80921 
0.840 0.02714538 5 5512220.73 -684349.41 8516693.70 -4710929.33 -4147477.63 6538283.40 280185426.34 -0.00689455 -0.02618439 -0.00844363 0.01217811 -0.00191753 -0.01395713 -0.01454614 -0.01492659 -0.01524105 -0.01548885 -0.01566928 -0.01578099 -0.01582226 -0.01578935 -0.01566729 -0.01543150 -0.01506035 -0.01454185 -0.01223390 -0.00619917 -0.00153669 0.00011162 0.00004147 -0.00000866 -0.00000705 -0.00255592 -0.00283475 -0.00268663 -0.22373426 110.76510 
0.870 0.02860628 5 5119375.88 -1043754.57 8587318.89 -5229889.96 -4199377.63 7005079.14 290939277.64 -0.00649927 -0.02759129 -0.00927834 0.01281928 -0.00266693 -0.01492443 -0.01547896 -0.01583198 -0.01612504 -0.01635760 -0.01652891 -0.01663746 -0.01668121 -0.01665510 -0.01654203 -0.01631743 -0.01595610 -0.01544611 -0.01310021 -0.00656147 -0.00162775 0.00009328 0.00004523 -0.00000612 -0.00000666 -0.00271045 -0.00318430 -0.00293258 -0.26409034 114.72100 
0.900 0.03277410 5 2232590.08 -2741521.33 8656935.01 -5546680.37 -4315192.99 6179049.76 193865933.78 -0.00438931 -0.03084251 -0.00996697 0.01202437 -0.00382110 -0.01377793 -0.01408884 -0.01426783 -0.01441653 -0.01453394 -0.01461935 -0.01467145 -0.01468832 -0.01466440 -0.01458171 -0.01441328 -0.01413268 -0.01372919 -0.01174799 -0.00576303 -0.00154602 0.00001242 0.00004810 0.00000253 -0.00000491 -0.00241516 -0.00388977 -0.00310642 -0.29631070 118.67690 
