0.001 0.00012010 5 74342.78 -2200.39 2963.35 8126.87 8803.99 56648.95 6037589.60 0.00000019 -0.00005256 -0.00011961 -0.00003627 -0.00000099 0.00004396 0.00004830 0.00004508 0.00004051 0.00003511 0.00002915 0.00002310 0.00001736 0.00001220 0.00000767 0.00000371 0.00000034 -0.00000250 -0.00000459 0.00000045 0.00000973 -0.00000036 -0.00001047 -0.00000167 0.00000167 0.00000305 -0.00003755 -0.00001598 -0.00275395 0.09549 
0.030 0.00175061 5 2159488.13 -51176.94 93087.86 233695.74 254735.78 1629145.70 174004980.33 -0.00043560 -0.00168022 -0.00095877 -0.00067208 -0.00041564 -0.00043462 -0.00042107 -0.00039530 -0.00035472 -0.00030270 -0.00024445 -0.00018649 -0.00013388 -0.00008922 -0.00005362 -0.00002715 -0.00000906 0.00000196 0.00000967 0.00000519 0.00000069 -0.00000346 -0.00000565 -0.00000328 -0.00000238 -0.00002106 -0.00070393 -0.00034117 -0.04775284 2.86480 
0.060 0.00338304 5 -1701741.43 501827.23 787939.80 298208.02 -198900.32 -3090816.16 -240226369.30 0.00117917 0.00338304 0.00154232 0.00096450 0.00043439 0.00004492 0.00004533 0.00005097 0.00006556 0.00008551 0.00010555 0.00011934 0.00012259 0.00011524 0.00009967 0.00007951 0.00005837 0.00003871 0.00000812 -0.00000386 0.00000530 -0.00000166 -0.00001019 -0.00000322 -0.00000072 0.00001010 0.00113650 0.00053813 0.06385912 5.72960 
0.090 0.00503834 5 -2422141.49 798278.95 1178019.44 454750.44 -285381.45 -4567808.86 -353154343.50 0.00174385 0.00503834 0.00233153 0.00143702 0.00063855 -0.00001627 -0.00002143 -0.00001292 0.00001200 0.00004995 0.00009415 0.00013584 0.00016558 0.00017628 0.00016747 0.00014455 0.00011483 0.00008401 0.00002823 -0.00000441 0.00000315 -0.00000195 -0.00000998 -0.00000321 -0.00000097 0.00001193 0.00169409 0.00080049 0.09509376 8.59440 
0.120 0.00676584 5 -3161759.67 1130405.20 1517876.87 617843.96 -365242.90 -6062642.79 -468289372.72 0.00235264 0.00676584 0.00315505 0.00193799 0.00087348 -0.00019328 -0.00022057 -0.00022306 -0.00020091 -0.00015602 -0.00009349 -0.00001894 0.00005674 0.00011963 0.00015834 0.00016945 0.00015789 0.00013313 0.00006504 0.00000408 0.00000165 -0.00000291 -0.00000997 -0.00000305 -0.00000097 0.00000164 0.00228518 0.00107211 0.12704244 11.45920 
0.150 0.00832637 5 -3992184.22 1293282.28 1726411.50 782581.94 -428909.57 -7365550.38 -569940237.14 0.00287784 0.00832637 0.00389656 0.00238033 0.00110131 -0.00024800 -0.00029435 -0.00031193 -0.00030238 -0.00026693 -0.00020816 -0.00012922 -0.00003633 0.00005708 0.00013447 0.00018266 0.00019688 0.00018387 0.00010750 0.00001541 0.00000016 -0.00000416 -0.00000998 -0.00000284 -0.00000088 -0.00000298 0.00282005 0.00132039 0.15674929 14.32400 
0.180 0.00964666 5 -4563894.31 1456772.85 1787302.37 1007047.10 -624783.56 -8190233.07 -641153035.58 0.00327218 0.00964666 0.00480054 0.00269069 0.00128158 -0.00028858 -0.00035685 -0.00039106 -0.00039545 -0.00037110 -0.00032011 -0.00024525 -0.00015048 -0.00004376 0.00005930 0.00014092 0.00018754 0.00019794 0.00013646 0.00002882 0.00000022 -0.00000533 -0.00000989 -0.00000267 -0.00000082 -0.00001010 0.00330405 0.00154349 0.18497245 17.18880 
0.210 0.01104599 5 -4271604.45 1475524.17 2058485.61 1599596.76 -585824.51 -8819386.46 -653017041.85 0.00325247 0.01104599 0.00609685 0.00280971 0.00127176 -0.00078816 -0.00090197 -0.00095975 -0.00097514 -0.00094919 -0.00088401 -0.00078245 -0.00064841 -0.00048845 -0.00031667 -0.00015451 -0.00002315 0.00006418 0.00011510 0.00005398 0.00000781 -0.00000601 -0.00000962 -0.00000257 -0.00000087 -0.00006152 0.00370851 0.00170578 0.20542477 20.05360 
0.240 0.01214509 5 -3869170.69 1626570.74 2284163.86 1880875.39 -449596.12 -9211184.56 -655039620.53 0.00326317 0.01214509 0.00719674 0.00293104 0.00127213 -0.00139113 -0.00156153 -0.00165226 -0.00168712 -0.00166710 -0.00159430 -0.00147161 -0.00130303 -0.00109518 -0.00086153 -0.00062311 -0.00040252 -0.00022034 0.00000993 0.00006817 0.00002151 -0.00000444 -0.00000964 -0.00000265 -0.00000086 -0.00013366 0.00405171 0.00182834 0.22019512 22.91840 
0.270 0.01372702 5 -5203829.86 448132.97 1421844.86 1715910.60 -787508.51 -8002209.78 -612105013.25 -0.00161369 0.01372702 0.01203688 0.00285079 0.00117998 0.00237165 0.00244513 0.00248231 0.00251155 0.00253164 0.00254056 0.00253566 0.00251333 0.00246873 0.00239648 0.00229262 0.00215588 0.00198657 0.00140262 0.00035117 -0.00009731 -0.00005754 -0.00000211 0.00000263 -0.00000102 0.00034235 0.00460230 0.00233932 0.36259719 25.78320 
0.300 0.01473646 5 -4695995.00 599902.01 1422031.60 1807785.56 -652224.66 -7873489.51 -586197486.53 -0.00269212 0.01473646 0.01298065 0.00261915 0.00145964 0.00260263 0.00264110 0.00265298 0.00266091 0.00266377 0.00265964 0.00264587 0.00261855 0.00257174 0.00249816 0.00239289 0.00225615 0.00209139 0.00153479 0.00043215 -0.00012524 -0.00007753 0.00000025 0.00000432 -0.00000139 0.00036335 0.00478907 0.00243802 0.38604525 28.64800 
0.330 0.01597164 5 -6992852.30 701596.89 969360.98 -53260.65 -1066207.50 -7544342.02 -699427502.22 -0.00374502 0.01597164 0.01452184 0.00362154 0.00191958 0.00451194 0.00468415 0.00477625 0.00483390 0.00485591 0.00484043 0.00478477 0.00468460 0.00453259 0.00431978 0.00404115 0.00369978 0.00330550 0.00215409 0.00047290 -0.00014825 -0.00008231 0.00000035 0.00000726 0.00000116 0.00061149 0.00550992 0.00290776 0.47929596 31.51280 
0.360 0.01841526 5 -6731824.33 598812.49 1180549.48 124659.87 -1003995.30 -7631850.86 -686808287.20 -0.00514797 0.01841526 0.01680792 0.00460020 0.00182034 0.00402312 0.00420178 0.00430381 0.00437495 0.00441398 0.00441894 0.00438699 0.00431347 0.00419051 0.00400848 0.00376170 0.00345289 0.00309145 0.00201152 0.00039369 -0.00019306 -0.00009062 0.00000192 0.00000822 0.00000120 0.00055778 0.00621753 0.00321094 0.53471020 34.37760 
0.390 0.02148241 5 -5484664.85 852608.74 1603047.98 492569.10 -909278.24 -7523612.43 -637817300.55 -0.00611003 0.02148241 0.01927206 0.00536364 0.00130471 0.00210405 0.00220288 0.00226513 0.00231991 0.00236600 0.00240138 0.00242310 0.00242649 0.00240412 0.00234705 0.00224935 0.00211147 0.00193854 0.00134614 0.00026005 -0.00018723 -0.00007985 0.00000185 0.00000720 0.00000095 0.00031893 0.00685964 0.00338506 0.55481812 37.24241 
0.420 0.02253434 5 -4519816.18 1111220.31 1880117.96 738974.45 -888685.30 -7361443.60 -600359441.80 -0.00633536 0.02253434 0.02011476 0.00552652 0.00089237 0.00056630 0.00058587 0.00060234 0.00062930 0.00066562 0.00070928 0.00075739 0.00080570 0.00084781 0.00087584 0.00088365 0.00086965 0.00083521 0.00063291 0.00006872 -0.00019771 -0.00007220 0.00000142 0.00000651 0.00000113 0.00010515 0.00697663 0.00332634 0.53765794 40.10721 
0.450 0.02178164 5 6944112.82 -399922.43 -179016.45 -1599464.03 -850720.41 9973236.13 709579757.02 0.00291790 -0.02075046 -0.01563710 -0.00395336 -0.00210383 -0.00317161 -0.00324031 -0.00327702 -0.00328821 -0.00327423 -0.00323565 -0.00317332 -0.00308831 -0.00298175 -0.00285450 -0.00270707 -0.00253988 -0.00235289 -0.00176156 -0.00059984 0.00008503 0.00008765 0.00000421 -0.00000945 -0.00000654 -0.00043593 -0.00637817 -0.00322151 -0.49202868 42.97201 
0.480 0.02278466 5 7145117.03 -332509.24 -31965.82 -1487334.06 -606552.96 9603479.11 705688433.08 0.00441090 -0.02174585 -0.01716991 -0.00424685 -0.00227260 -0.00384735 -0.00395028 -0.00400688 -0.00402978 -0.00401945 -0.00397660 -0.00390232 -0.00379805 -0.00366545 -0.00350602 -0.00332085 -0.00311102 -0.00287760 -0.00215881 -0.00077268 0.00008635 0.00011098 0.00000294 -0.00001153 -0.00000657 -0.00053641 -0.00673339 -0.00344141 -0.54362571 45.83681 
0.510 0.02323557 5 7736094.30 -287547.98 199189.62 -1187813.10 -301813.48 9314079.25 725515048.78 0.00560574 -0.02213597 -0.01809404 -0.00449600 -0.00275811 -0.00500950 -0.00515698 -0.00523750 -0.00527283 -0.00526352 -0.00521041 -0.00511481 -0.00497848 -0.00480368 -0.00459249 -0.00434610 -0.00406558 -0.00375279 -0.00280005 -0.00101464 0.00009702 0.00014565 0.00000082 -0.00001454 -0.00000645 -0.00070153 -0.00704674 -0.00367602 -0.59958902 48.70161 
0.540 0.02299180 5 8576398.72 -250950.68 476818.25 -743217.05 -25697.55 9119445.75 760552674.00 0.00651897 -0.02185488 -0.01833852 -0.00482143 -0.00348401 -0.00653200 -0.00673672 -0.00684810 -0.00690005 -0.00689317 -0.00682840 -0.00670719 -0.00653164 -0.00630475 -0.00602932 -0.00570596 -0.00533448 -0.00491688 -0.00364297 -0.00131669 0.00010533 0.00018513 -0.00000088 -0.00001779 -0.00000633 -0.00091859 -0.00729811 -0.00390916 -0.65742911 51.56641 
0.570 0.02220743 5 9627336.03 -147582.88 696192.87 -127272.37 192439.33 9013559.08 806470680.68 0.00724194 -0.02105189 -0.01805389 -0.00529913 -0.00437257 -0.00832272 -0.00860212 -0.00875570 -0.00883281 -0.00883395 -0.00875996 -0.00861222 -0.00839314 -0.00810704 -0.00775796 -0.00734513 -0.00686493 -0.00631796 -0.00463711 -0.00165355 0.00011680 0.00022795 -0.00000228 -0.00002123 -0.00000622 -0.00117669 -0.00751207 -0.00414656 -0.71812762 54.43121 
0.600 0.02205582 5 10537827.22 -105918.11 1077193.52 324847.45 74126.44 9167577.91 846980056.07 0.00768340 -0.02086220 -0.01757182 -0.00504511 -0.00533486 -0.01017858 -0.01050136 -0.01067268 -0.01075284 -0.01074230 -0.01064180 -0.01045273 -0.01017818 -0.00982491 -0.00939941 -0.00889855 -0.00831286 -0.00763907 -0.00556608 -0.00197996 0.00012313 0.00027002 -0.00000368 -0.00002466 -0.00000602 -0.00142610 -0.00762214 -0.00433066 -0.76036552 57.29601 
0.630 0.01832137 5 12707589.27 1046903.25 814559.42 1447075.25 492209.28 8906842.06 907503395.52 0.00862694 -0.01718491 -0.01590927 -0.00736034 -0.00648510 -0.01273746 -0.01323948 -0.01351317 -0.01365729 -0.01367233 -0.01355914 -0.01331937 -0.01295774 -0.01248608 -0.01191524 -0.01123865 -0.01043796 -0.00950513 -0.00671739 -0.00227619 0.00014692 0.00030851 -0.00000471 -0.00002743 -0.00000547 -0.00178583 -0.00781417 -0.00461177 -0.85512303 60.16081 
0.660 0.01628582 3 1023010.99 -947423.20 -4829512.13 2010299.61 2090266.94 2699379.76 338404591.98 0.01733145 -0.00240115 -0.01263157 -0.01628582 -0.00782697 -0.00304813 -0.00286410 -0.00272490 -0.00261003 -0.00251815 -0.00244716 -0.00239490 -0.00236352 -0.00236633 -0.00241379 -0.00248836 -0.00255256 -0.00257300 -0.00240179 -0.00165718 -0.00052459 0.00000633 0.00001325 0.00000111 -0.00000087 -0.00047227 -0.00715898 -0.00360684 -0.87337908 63.02561 
0.690 0.01711602 3 439087.08 -1047591.50 -5102736.69 2216233.45 2139926.96 2233254.86 304000107.80 0.01777432 -0.00082170 -0.01180230 -0.01711602 -0.00803477 -0.00242490 -0.00220019 -0.00203296 -0.00189549 -0.00178648 -0.00170388 -0.00164594 -0.00161815 -0.00164296 -0.00173525 -0.00186806 -0.00199803 -0.00208598 -0.00203800 -0.00150991 -0.00052711 -0.00000828 0.00001396 0.00000222 -0.00000100 -0.00037432 -0.00704941 -0.00350345 -0.87099971 65.89041 
0.720 0.01767791 3 -172650.19 -1165491.30 -5301634.78 2501146.20 2188003.49 1605326.20 261941184.66 0.01830930 0.00150928 -0.01034742 -0.01767791 -0.00876955 -0.00230071 -0.00200900 -0.00179120 -0.00160755 -0.00145682 -0.00133704 -0.00124703 -0.00119670 -0.00121937 -0.00132917 -0.00149264 -0.00166135 -0.00178840 -0.00180418 -0.00138211 -0.00051195 -0.00001870 0.00001344 0.00000315 -0.00000070 -0.00032046 -0.00684623 -0.00337959 -0.87180418 68.75521 
0.750 0.01802229 3 -855188.80 -1313862.98 -5488400.81 2767671.90 2238690.22 940712.87 216252717.82 0.01853284 0.00328081 -0.00912132 -0.01802229 -0.00924506 -0.00180006 -0.00143449 -0.00116224 -0.00093024 -0.00073735 -0.00058170 -0.00046278 -0.00039573 -0.00042400 -0.00055932 -0.00077695 -0.00101660 -0.00120404 -0.00134117 -0.00113559 -0.00046898 -0.00003134 0.00001239 0.00000427 -0.00000035 -0.00020963 -0.00663567 -0.00322201 -0.85824018 71.62001 
0.780 0.01817767 3 -1388621.92 -1414173.41 -5608848.24 3059763.91 2284747.71 289888.11 174897635.38 0.01857231 0.00519799 -0.00775178 -0.01817767 -0.00966318 -0.00143119 -0.00100925 -0.00069476 -0.00042434 -0.00019694 -0.00001081 0.00013374 0.00021556 0.00018300 0.00002092 -0.00025421 -0.00056428 -0.00081889 -0.00105395 -0.00098776 -0.00043824 -0.00003674 0.00001132 0.00000471 -0.00000013 -0.00013092 -0.00634401 -0.00304347 -0.83960741 74.48481 
0.810 0.01822494 3 -1703597.70 -1533182.71 -5549763.44 3424469.24 2243662.35 -288783.13 142868896.00 0.01869391 0.00725551 -0.00602944 -0.01822494 -0.01039166 -0.00154597 -0.00107674 -0.00072508 -0.00041821 -0.00015516 0.00006567 0.00024283 0.00034781 0.00032206 0.00014026 -0.00017242 -0.00052574 -0.00082688 -0.00109660 -0.00101752 -0.00043865 -0.00003261 0.00001069 0.00000427 -0.00000010 -0.00012741 -0.00603922 -0.00289872 -0.82938204 77.34961 
0.840 0.01822303 3 -1854129.25 -1595340.24 -5446204.71 3825835.21 2179631.00 -818050.51 116865955.66 0.01896488 0.00888386 -0.00441098 -0.01822303 -0.01119846 -0.00198854 -0.00149288 -0.00111801 -0.00078529 -0.00049384 -0.00024223 -0.00003338 0.00009592 0.00008097 -0.00011402 -0.00044508 -0.00081966 -0.00114311 -0.00139454 -0.00116039 -0.00043218 -0.00001404 0.00000936 0.00000242 -0.00000024 -0.00017987 -0.00579429 -0.00281178 -0.82865097 80.21441 
0.870 0.01883047 3 4209145.59 1055061.95 7047208.40 -5289249.88 -2415304.95 3811430.07 95845538.44 -0.01799592 -0.01719325 -0.00071619 0.01860037 0.00829547 0.00148211 0.00109350 0.00080339 0.00056424 0.00037560 0.00023616 0.00013737 0.00002844 -0.00017028 -0.00051641 -0.00097049 -0.00144923 -0.00183598 -0.00191806 -0.00109940 -0.00031763 -0.00002126 0.00001416 0.00000124 -0.00000327 -0.00014725 0.00327845 0.00145864 0.62661666 83.07921 
0.900 0.02024496 2 13837739.00 -2476034.23 5291197.10 1873803.79 -305852.06 9454624.41 1052117683.71 0.01240036 -0.00000406 -0.00220641 -0.01256099 -0.02024496 -0.02001283 -0.01983650 -0.01952850 -0.01909370 -0.01853105 -0.01783929 -0.01702557 -0.01614558 -0.01527472 -0.01443091 -0.01354357 -0.01256156 -0.01142212 -0.00793444 -0.00255168 0.00020695 0.00034505 -0.00000918 -0.00002983 -0.00000286 -0.00228430 -0.00880407 -0.00534061 -1.17703635 85.94401 
0.930 0.02175247 2 13729648.25 -2869033.29 5445144.41 2025474.80 -413551.38 9541613.70 1064004097.24 0.01252660 0.00186340 -0.00054529 -0.01279036 -0.02175247 -0.02031341 -0.02004196 -0.01966133 -0.01915676 -0.01852728 -0.01777192 -0.01690104 -0.01598085 -0.01509406 -0.01424945 -0.01339751 -0.01247833 -0.01137899 -0.00793637 -0.00257297 0.00019730 0.00034209 -0.00000867 -0.00002953 -0.00000287 -0.00227992 -0.00882501 -0.00534810 -1.19479926 88.80881 
0.960 0.02296254 2 13626323.72 -3155306.85 5562149.19 2114002.49 -490732.10 9596211.00 1070987072.62 0.01264705 0.00355839 0.00090091 -0.01301916 -0.02296254 -0.02052285 -0.02018448 -0.01975258 -0.01919842 -0.01852116 -0.01772019 -0.01681013 -0.01586844 -0.01498406 -0.01415695 -0.01337162 -0.01253116 -0.01148435 -0.00806864 -0.00267340 0.00016884 0.00034304 -0.00000800 -0.00002959 -0.00000293 -0.00228947 -0.00880913 -0.00534573 -1.20908953 91.67361 
0.990 0.02419562 3 6979066.01 4511549.20 5970321.35 -2989503.06 -2703307.73 2190006.27 29376741.65 -0.02184688 -0.00966590 0.00628127 0.02376007 0.01117124 -0.00186603 -0.00295855 -0.00372253 -0.00432762 -0.00477383 -0.00506338 -0.00522052 -0.00534157 -0.00555389 -0.00593521 -0.00653879 -0.00714955 -0.00746337 -0.00642161 -0.00301036 -0.00044662 0.00010450 0.00001080 -0.00001126 -0.00000569 -0.00100256 0.00701100 0.00275401 0.86227364 94.53841 
1.020 0.02540844 5 5349767.10 7068283.48 -7868676.60 3493678.44 2715688.11 -59206.32 143317103.45 0.01779534 0.02540844 0.00686594 -0.01299764 -0.01202991 -0.01330409 -0.01380634 -0.01403990 -0.01410166 -0.01399191 -0.01371368 -0.01329851 -0.01285472 -0.01248754 -0.01222122 -0.01206001 -0.01179064 -0.01120700 -0.00830594 -0.00301167 0.00007748 0.00034836 -0.00001231 -0.00003016 -0.00000175 -0.00193602 -0.00137221 -0.00167172 -0.72941789 97.40321 
