0.001 0.00013855 5 -24047.81 -7078.40 -32216.31 -33987.84 -13076.90 62311.65 1645603.97 -0.00003321 -0.00007103 -0.00011804 -0.00001768 0.00001858 0.00008159 0.00008531 0.00007963 0.00007151 0.00006182 0.00005116 0.00004035 0.00003017 0.00002111 0.00001336 0.00000691 0.00000172 -0.00000232 -0.00000542 0.00000013 0.00001023 0.00000002 -0.00001040 -0.00000147 0.00000187 0.00000500 -0.00003155 -0.00001214 -0.00148602 0.13230 
0.030 0.00211037 5 -686646.56 -252165.21 -800369.68 -956807.47 -341548.01 1664243.81 43656821.05 -0.00119494 -0.00203957 -0.00087320 -0.00014967 0.00012361 0.00087873 0.00090711 0.00088575 0.00082969 0.00074452 0.00063797 0.00052003 0.00040143 0.00029249 0.00019785 0.00012039 0.00006106 0.00001866 -0.00002397 -0.00001860 0.00000386 -0.00000080 -0.00000954 -0.00000285 0.00000003 0.00005320 -0.00048902 -0.00020098 -0.00911785 3.96910 
0.060 0.00389017 5 769740.07 978557.53 2328000.05 1005009.15 -134764.40 -3407062.26 -177381811.63 0.00132447 0.00389017 0.00183105 0.00097335 0.00007738 -0.00151647 -0.00156386 -0.00153976 -0.00145899 -0.00132911 -0.00116087 -0.00096841 -0.00076713 -0.00057255 -0.00039873 -0.00025406 -0.00014198 -0.00006145 0.00002640 0.00003587 0.00001362 -0.00000373 -0.00001153 -0.00000308 -0.00000006 -0.00009612 0.00111748 0.00047279 0.04542705 7.93820 
0.090 0.00565690 5 1047977.24 1379533.67 3283914.89 1467754.88 -174911.10 -4908315.11 -255317466.00 0.00193109 0.00565690 0.00269828 0.00142568 0.00013819 -0.00229204 -0.00237863 -0.00235880 -0.00225699 -0.00208226 -0.00184838 -0.00157386 -0.00127955 -0.00098635 -0.00071322 -0.00047663 -0.00028644 -0.00014438 0.00002384 0.00005816 0.00001876 -0.00000483 -0.00001165 -0.00000344 -0.00000074 -0.00015514 0.00164207 0.00068735 0.06598382 11.90731 
0.120 0.00731971 5 1301334.92 1780923.54 4252724.62 1787887.14 -259617.89 -6260582.48 -330709791.58 0.00253774 0.00731971 0.00353949 0.00192222 0.00022659 -0.00316460 -0.00330359 -0.00329977 -0.00318920 -0.00298134 -0.00269117 -0.00233895 -0.00194959 -0.00155012 -0.00116590 -0.00081890 -0.00052729 -0.00029965 -0.00000552 0.00008509 0.00002797 -0.00000542 -0.00001179 -0.00000369 -0.00000121 -0.00023000 0.00216986 0.00089499 0.08600634 15.87641 
0.150 0.00890663 5 1583138.39 2300121.80 5077214.83 2013047.63 -344786.69 -7462459.18 -402409440.14 0.00314001 0.00890663 0.00435616 0.00243489 0.00035768 -0.00414071 -0.00434762 -0.00437197 -0.00426399 -0.00403342 -0.00369578 -0.00327212 -0.00278900 -0.00227758 -0.00176978 -0.00129505 -0.00087941 -0.00054118 -0.00006992 0.00011569 0.00004194 -0.00000529 -0.00001203 -0.00000392 -0.00000152 -0.00032231 0.00270100 0.00109494 0.10516589 19.84551 
0.180 0.01031729 5 2193198.86 2716696.13 5558548.69 2649282.16 -602457.22 -8128870.90 -429258416.27 0.00357956 0.01031729 0.00548165 0.00271020 0.00041401 -0.00514889 -0.00543667 -0.00549957 -0.00540523 -0.00516354 -0.00479047 -0.00430776 -0.00374291 -0.00312869 -0.00250106 -0.00189610 -0.00134739 -0.00088108 -0.00018293 0.00014533 0.00006055 -0.00000411 -0.00001217 -0.00000425 -0.00000188 -0.00042744 0.00317803 0.00126272 0.12131759 23.81461 
0.210 0.01191188 5 3145417.03 2746827.07 6089786.57 3609648.73 -471271.71 -8829573.62 -413252523.67 0.00364557 0.01191188 0.00683443 0.00279093 0.00032526 -0.00618573 -0.00655252 -0.00665354 -0.00657480 -0.00632639 -0.00592463 -0.00539189 -0.00475654 -0.00405243 -0.00331723 -0.00259115 -0.00191390 -0.00131881 -0.00035736 0.00017261 0.00008617 -0.00000130 -0.00001224 -0.00000474 -0.00000232 -0.00054164 0.00357744 0.00138929 0.13220697 27.78372 
0.240 0.01335267 5 4360838.76 2684072.66 6653366.87 4489829.55 -168900.78 -9297529.53 -368298778.43 0.00355161 0.01335267 0.00816261 0.00275011 0.00014824 -0.00725934 -0.00770589 -0.00784738 -0.00778813 -0.00753838 -0.00711479 -0.00654025 -0.00584390 -0.00506060 -0.00422916 -0.00339136 -0.00258983 -0.00186432 -0.00061089 0.00018716 0.00012063 0.00000463 -0.00001234 -0.00000545 -0.00000277 -0.00066738 0.00387992 0.00146429 0.13609082 31.75282 
0.270 0.01513881 5 5672560.05 2587659.32 7201243.02 5355404.71 -16640.93 -9455106.08 -308599027.42 0.00298227 0.01513881 0.00998538 0.00270969 -0.00004812 -0.00838676 -0.00892342 -0.00911556 -0.00908746 -0.00884869 -0.00841549 -0.00781069 -0.00706375 -0.00621022 -0.00528972 -0.00434473 -0.00341908 -0.00255613 -0.00095934 0.00019086 0.00017066 0.00001529 -0.00001296 -0.00000661 -0.00000322 -0.00081035 0.00424840 0.00156107 0.14673723 35.72192 
0.300 0.01711139 5 7140157.55 1887814.21 7964247.18 6341084.43 232348.24 -9285336.52 -201774077.23 0.00175245 0.01711139 0.01199949 0.00247911 -0.00044310 -0.00952025 -0.01014775 -0.01040364 -0.01043257 -0.01023970 -0.00983655 -0.00924138 -0.00848037 -0.00758736 -0.00660159 -0.00556594 -0.00452518 -0.00352501 -0.00153351 0.00012232 0.00023750 0.00003771 -0.00001449 -0.00000885 -0.00000368 -0.00098260 0.00448062 0.00157843 0.14789344 39.69102 
0.330 0.01890172 5 7941354.68 2047359.55 7632641.02 6622053.71 730343.95 -9091043.55 -144475573.85 0.00066709 0.01890172 0.01370182 0.00237481 -0.00074752 -0.01060360 -0.01132259 -0.01164915 -0.01174779 -0.01161915 -0.01126884 -0.01070866 -0.00995950 -0.00905201 -0.00802415 -0.00691870 -0.00578080 -0.00465700 -0.00226227 -0.00001216 0.00031677 0.00007243 -0.00001759 -0.00001223 -0.00000394 -0.00116848 0.00471100 0.00158768 0.14722796 43.66013 
0.360 0.01919156 5 7441456.87 1294857.27 7395618.98 6406531.96 985244.50 -8640795.83 -107321887.79 -0.00017385 0.01919156 0.01467717 0.00245387 -0.00096516 -0.01083676 -0.01157499 -0.01193661 -0.01209131 -0.01203790 -0.01177625 -0.01130970 -0.01064849 -0.00981376 -0.00883714 -0.00775781 -0.00661890 -0.00546549 -0.00286657 -0.00018660 0.00035980 0.00010340 -0.00002040 -0.00001511 -0.00000388 -0.00126555 0.00477788 0.00156747 0.15029338 47.62923 
0.390 0.01846805 5 6402274.02 287959.84 7442053.21 5814838.79 946432.31 -8089010.15 -93979371.59 -0.00067177 0.01846805 0.01508017 0.00279139 -0.00120406 -0.01063077 -0.01133850 -0.01169904 -0.01187833 -0.01187569 -0.01169086 -0.01132490 -0.01078188 -0.01007151 -0.00921180 -0.00823029 -0.00716158 -0.00604609 -0.00337816 -0.00037271 0.00039414 0.00013603 -0.00002348 -0.00001809 -0.00000365 -0.00130421 0.00474424 0.00153116 0.15450263 51.59833 
0.420 0.01680140 5 4557840.55 -1730355.73 8170785.36 4975861.51 490202.22 -7348652.81 -87982159.15 -0.00061556 0.01680140 0.01493011 0.00321871 -0.00207966 -0.00968845 -0.01022752 -0.01049514 -0.01062612 -0.01062010 -0.01047695 -0.01019722 -0.00978342 -0.00924100 -0.00857735 -0.00780059 -0.00692273 -0.00596866 -0.00352548 -0.00053760 0.00036262 0.00014462 -0.00002421 -0.00001864 -0.00000316 -0.00121648 0.00441429 0.00142309 0.14644792 55.56743 
0.450 0.01610973 4 -697268.01 -1015192.90 -4179205.63 -3094394.13 2510863.39 5080661.26 324491404.26 0.00625349 -0.01204558 -0.01610973 -0.00426361 -0.00130623 0.00133527 0.00160035 0.00175969 0.00185269 0.00188038 0.00184456 0.00174759 0.00159251 0.00138392 0.00113104 0.00085028 0.00055883 0.00027611 -0.00023049 -0.00030856 -0.00000765 0.00003268 -0.00000451 -0.00000190 0.00000104 0.00013988 -0.00502850 -0.00228293 -0.41708916 59.53654 
0.480 0.01909416 4 -2015540.55 -1579772.05 -4387647.10 -3475092.60 2638372.78 4788598.42 280918058.01 0.00798837 -0.01522321 -0.01909416 -0.00469073 -0.00127662 0.00234992 0.00270697 0.00291794 0.00303840 0.00306925 0.00301241 0.00287023 0.00264667 0.00235014 0.00199506 0.00160227 0.00119343 0.00079312 0.00002039 -0.00033276 -0.00004500 0.00002880 -0.00000470 -0.00000131 0.00000173 0.00026092 -0.00578233 -0.00257202 -0.46716903 63.50564 
0.510 0.02200467 4 -3231939.14 -2230755.94 -4690354.80 -3649238.96 2896268.35 4442142.21 249832670.41 0.00971597 -0.01806309 -0.02200467 -0.00547522 -0.00129271 0.00337623 0.00381465 0.00406714 0.00420441 0.00422763 0.00414006 0.00394498 0.00364911 0.00326594 0.00281439 0.00231866 0.00180351 0.00129630 0.00027783 -0.00034634 -0.00008548 0.00002396 -0.00000483 -0.00000081 0.00000225 0.00037891 -0.00659300 -0.00288936 -0.52533662 67.47474 
0.540 0.02504253 4 -4710686.23 -3098892.94 -5135672.05 -3674382.62 3035155.77 4163105.61 219159296.11 0.01161160 -0.02098987 -0.02504253 -0.00653526 -0.00129799 0.00463059 0.00514918 0.00543220 0.00556735 0.00555706 0.00540881 0.00513066 0.00473588 0.00424372 0.00367747 0.00306449 0.00243248 0.00181131 0.00054424 -0.00034839 -0.00012791 0.00001677 -0.00000476 -0.00000017 0.00000270 0.00051030 -0.00747560 -0.00323330 -0.58986423 71.44384 
0.570 0.02829985 4 -6406400.79 -4118037.40 -5549052.28 -3760903.92 3031981.85 3989610.95 184920561.06 0.01351847 -0.02445225 -0.02829985 -0.00744305 -0.00128732 0.00603379 0.00664144 0.00695621 0.00708729 0.00704149 0.00683065 0.00646873 0.00597443 0.00537096 0.00468561 0.00394916 0.00319274 0.00244891 0.00090301 -0.00031428 -0.00017403 0.00000324 -0.00000454 0.00000103 0.00000322 0.00066354 -0.00840447 -0.00358733 -0.65216914 75.41295 
0.600 0.03004521 4 -6526779.79 -3802435.73 -5892748.34 -3676236.48 3002739.03 3841901.73 164496347.47 0.01517766 -0.02634533 -0.03004521 -0.00838338 -0.00162323 0.00613214 0.00677213 0.00712135 0.00729048 0.00728399 0.00711177 0.00678523 0.00632083 0.00573966 0.00506748 0.00433408 0.00357006 0.00280790 0.00117233 -0.00021857 -0.00017519 -0.00000656 -0.00000495 0.00000185 0.00000361 0.00071190 -0.00905743 -0.00386773 -0.71021142 79.38205 
0.630 0.03189959 4 -7516681.31 -4251952.84 -6387937.48 -3437334.86 2990951.45 3569592.42 136740036.19 0.01717948 -0.02765018 -0.03189959 -0.01013916 -0.00215969 0.00702501 0.00774045 0.00812727 0.00831334 0.00830513 0.00811445 0.00775535 0.00724651 0.00661091 0.00587602 0.00507335 0.00423595 0.00339928 0.00157012 -0.00008954 -0.00018284 -0.00002248 -0.00000520 0.00000308 0.00000391 0.00083441 -0.00988506 -0.00419062 -0.78505050 83.35115 
