0.001 0.00010546 4 36997.82 1055.03 -1107.80 2072.48 4198.21 30779.90 3035006.60 0.00000770 -0.00002561 -0.00010546 -0.00002455 0.00000713 0.00005050 0.00005437 0.00005045 0.00004513 0.00003898 0.00003228 0.00002554 0.00001919 0.00001351 0.00000856 0.00000427 0.00000065 -0.00000235 -0.00000458 0.00000063 0.00001023 -0.00000004 -0.00001040 -0.00000148 0.00000186 0.00000340 -0.00002576 -0.00001027 -0.00195214 0.07503 
0.030 0.00102233 5 1094245.42 4339.57 12904.42 40311.11 113428.64 923261.67 90363155.94 -0.00024677 -0.00095365 -0.00057144 -0.00034457 -0.00019460 -0.00018408 -0.00017644 -0.00016703 -0.00015187 -0.00013227 -0.00010992 -0.00008685 -0.00006493 -0.00004556 -0.00002961 -0.00001745 -0.00000899 -0.00000379 0.00000105 0.00000288 0.00000590 -0.00000221 -0.00000920 -0.00000273 -0.00000009 -0.00000917 -0.00038178 -0.00018384 -0.02525153 2.25077 
0.060 0.00193925 5 2257810.13 5503.37 53192.53 130254.60 246556.26 1822303.36 183503073.88 -0.00047759 -0.00186863 -0.00103541 -0.00067662 -0.00041075 -0.00053578 -0.00053475 -0.00051851 -0.00048633 -0.00043932 -0.00038027 -0.00031343 -0.00024466 -0.00017994 -0.00012339 -0.00007721 -0.00004215 -0.00001763 0.00000805 0.00000999 0.00000353 -0.00000356 -0.00000727 -0.00000323 -0.00000157 -0.00003183 -0.00074299 -0.00036520 -0.05045251 4.50154 
0.090 0.00289515 5 3500613.84 27004.51 81828.47 242788.56 391795.38 2757196.92 281473425.90 -0.00072396 -0.00282180 -0.00152086 -0.00102847 -0.00063822 -0.00094839 -0.00096055 -0.00094235 -0.00089759 -0.00082763 -0.00073556 -0.00062638 -0.00050740 -0.00038794 -0.00027788 -0.00018365 -0.00010870 -0.00005340 0.00001042 0.00002074 0.00000275 -0.00000465 -0.00000507 -0.00000339 -0.00000272 -0.00006211 -0.00112349 -0.00055966 -0.07772098 6.75231 
0.120 0.00389982 5 4808692.43 68370.12 96932.61 372749.78 545797.84 3724842.07 383435676.67 -0.00099087 -0.00382439 -0.00202906 -0.00140161 -0.00087797 -0.00139785 -0.00142652 -0.00140849 -0.00135273 -0.00126094 -0.00113694 -0.00098683 -0.00081943 -0.00064576 -0.00047808 -0.00032849 -0.00020522 -0.00011094 0.00000561 0.00003353 0.00000337 -0.00000543 -0.00000265 -0.00000336 -0.00000367 -0.00009737 -0.00152538 -0.00076679 -0.10682704 9.00308 
0.150 0.00494031 5 6193382.16 128246.80 118730.00 530707.20 707746.48 4707951.67 489017421.13 -0.00127862 -0.00486369 -0.00255348 -0.00179568 -0.00113541 -0.00189737 -0.00194504 -0.00192800 -0.00186081 -0.00174536 -0.00158636 -0.00139129 -0.00117120 -0.00093982 -0.00071184 -0.00050225 -0.00032477 -0.00018555 -0.00000517 0.00004788 0.00000530 -0.00000582 -0.00000003 -0.00000320 -0.00000451 -0.00013741 -0.00194811 -0.00098622 -0.13779836 11.25385 
0.180 0.00613173 5 7610571.39 204738.21 44139.68 677535.04 880986.08 5803172.39 601558657.99 -0.00162103 -0.00605395 -0.00315515 -0.00224373 -0.00140299 -0.00246235 -0.00252850 -0.00251272 -0.00243507 -0.00229740 -0.00210458 -0.00186421 -0.00158892 -0.00129568 -0.00100279 -0.00072811 -0.00048846 -0.00029487 -0.00003052 0.00006364 0.00000957 -0.00000551 0.00000277 -0.00000286 -0.00000520 -0.00018480 -0.00242442 -0.00123468 -0.17258402 13.50462 
0.210 0.00757252 5 8697942.68 133520.27 -92392.77 606287.60 982328.80 7068198.78 709944028.68 -0.00208368 -0.00748690 -0.00383871 -0.00266323 -0.00163508 -0.00301504 -0.00311060 -0.00311391 -0.00305178 -0.00292449 -0.00273379 -0.00248300 -0.00218046 -0.00184140 -0.00148576 -0.00113557 -0.00081332 -0.00053702 -0.00011834 0.00007995 0.00002156 -0.00000324 0.00000533 -0.00000240 -0.00000560 -0.00024803 -0.00293549 -0.00150784 -0.20890072 15.75539 
0.240 0.00893475 5 9614722.65 -56240.11 10743.59 676629.00 1070254.00 7913336.17 795771902.24 -0.00253388 -0.00868656 -0.00479195 -0.00301870 -0.00185061 -0.00366918 -0.00380758 -0.00384284 -0.00381068 -0.00371031 -0.00354111 -0.00330278 -0.00299747 -0.00263348 -0.00222750 -0.00180271 -0.00138601 -0.00100206 -0.00033170 0.00008451 0.00004521 0.00000265 0.00000714 -0.00000186 -0.00000549 -0.00033913 -0.00346119 -0.00180268 -0.25149684 18.00615 
0.270 0.01056133 5 9943339.16 -77690.26 340734.44 124986.11 920719.81 8634589.07 828347126.40 -0.00223340 -0.01010708 -0.00658879 -0.00310102 -0.00191477 -0.00427775 -0.00446172 -0.00453489 -0.00454119 -0.00447940 -0.00434782 -0.00414452 -0.00386801 -0.00351910 -0.00310481 -0.00264262 -0.00215834 -0.00168114 -0.00071943 0.00004332 0.00007764 0.00001416 0.00000781 -0.00000143 -0.00000461 -0.00044564 -0.00397127 -0.00209837 -0.30105474 20.25692 
0.300 0.01277795 5 9868757.14 -138221.76 258252.86 -119097.00 812685.09 9055137.94 841397259.85 -0.00110536 -0.01221141 -0.00938791 -0.00323992 -0.00189360 -0.00479784 -0.00502766 -0.00514137 -0.00519123 -0.00517587 -0.00509330 -0.00494105 -0.00471646 -0.00441732 -0.00404348 -0.00360019 -0.00310115 -0.00257170 -0.00133640 -0.00009041 0.00011780 0.00003501 0.00000617 -0.00000222 -0.00000336 -0.00056515 -0.00462975 -0.00247054 -0.36938899 22.50769 
0.330 0.01769906 5 7372362.28 -219041.65 -609126.17 -717500.81 702150.07 8215880.84 702580812.57 0.00302817 -0.01678369 -0.01536210 -0.00311578 -0.00140331 -0.00418199 -0.00438584 -0.00450662 -0.00458556 -0.00462117 -0.00461123 -0.00455296 -0.00444312 -0.00427816 -0.00405462 -0.00376974 -0.00342208 -0.00301544 -0.00185392 -0.00032674 0.00012831 0.00005916 0.00000339 -0.00000378 -0.00000215 -0.00056618 -0.00555033 -0.00290263 -0.46350084 24.75846 
0.360 0.01978234 5 7282332.58 -340943.87 -669759.60 -663016.09 1157818.35 7798233.79 699925266.79 0.00526487 -0.01876918 -0.01790433 -0.00342584 -0.00202760 -0.00516649 -0.00537783 -0.00550386 -0.00558596 -0.00562266 -0.00561178 -0.00555054 -0.00543566 -0.00526346 -0.00503017 -0.00473231 -0.00436705 -0.00393429 -0.00261004 -0.00061760 0.00015659 0.00009523 -0.00000002 -0.00000743 -0.00000220 -0.00071886 -0.00626377 -0.00331818 -0.55367336 27.00923 
