0.001 0.00013413 5 -53833.41 -13830.09 -40818.15 -45560.37 -14170.86 60546.06 527478.27 -0.00002275 -0.00006661 -0.00011704 -0.00001393 0.00002286 0.00008978 0.00009329 0.00008698 0.00007800 0.00006732 0.00005560 0.00004376 0.00003263 0.00002276 0.00001435 0.00000740 0.00000186 -0.00000240 -0.00000566 -0.00000000 0.00001021 0.00000001 -0.00001043 -0.00000149 0.00000186 0.00000538 -0.00002722 -0.00000990 -0.00120661 0.09278 
0.030 0.00204752 5 277767.47 171802.61 929370.90 798968.93 139538.45 -1761913.43 -71040051.62 0.00091096 0.00204752 0.00079631 0.00027759 -0.00002856 -0.00059631 -0.00060478 -0.00058874 -0.00054954 -0.00049061 -0.00041788 -0.00033882 -0.00026001 -0.00018744 -0.00012526 -0.00007559 -0.00003876 -0.00001372 0.00001117 0.00001284 0.00000986 -0.00000208 -0.00001083 -0.00000255 0.00000060 -0.00003431 0.00050510 0.00021855 0.01558857 2.78338 
0.060 0.00375438 5 329860.18 378531.70 1530368.77 1412959.23 245757.79 -3237757.31 -139585508.26 0.00163521 0.00375438 0.00153750 0.00054587 -0.00001207 -0.00118326 -0.00121914 -0.00120432 -0.00114760 -0.00105383 -0.00093050 -0.00078762 -0.00063649 -0.00048890 -0.00035257 -0.00023499 -0.00014094 -0.00007118 0.00001115 0.00002926 0.00001320 -0.00000291 -0.00001067 -0.00000290 -0.00000013 -0.00007804 0.00095788 0.00040757 0.03034686 5.56677 
0.090 0.00534844 5 347523.30 541195.30 2156694.20 1913557.17 317482.20 -4581405.57 -204466994.36 0.00232035 0.00534844 0.00222969 0.00082556 0.00000777 -0.00180509 -0.00187522 -0.00186975 -0.00180532 -0.00168650 -0.00152199 -0.00132354 -0.00110577 -0.00088408 -0.00067276 -0.00048172 -0.00031858 -0.00018902 -0.00001530 0.00004732 0.00002029 -0.00000296 -0.00001069 -0.00000306 -0.00000051 -0.00013120 0.00138892 0.00058140 0.04348244 8.35015 
0.120 0.00671910 5 176488.60 740625.50 2504184.02 2287981.23 380706.25 -5737008.40 -268907940.10 0.00288957 0.00671910 0.00281819 0.00108198 0.00007663 -0.00232769 -0.00243771 -0.00245277 -0.00239746 -0.00227515 -0.00209317 -0.00186113 -0.00159360 -0.00130910 -0.00102642 -0.00076267 -0.00053134 -0.00033963 -0.00006088 0.00006347 0.00002945 -0.00000234 -0.00001094 -0.00000318 -0.00000068 -0.00018389 0.00177636 0.00073503 0.05579192 11.13354 
0.150 0.00781607 5 -159565.22 947037.31 2579909.29 2533531.98 436568.13 -6656611.92 -328661944.35 0.00334899 0.00781607 0.00326739 0.00129581 0.00018122 -0.00270124 -0.00284938 -0.00288949 -0.00285292 -0.00274171 -0.00256146 -0.00231911 -0.00202703 -0.00170403 -0.00137217 -0.00105242 -0.00076269 -0.00051467 -0.00012777 0.00007383 0.00003972 -0.00000091 -0.00001127 -0.00000326 -0.00000070 -0.00023001 0.00210119 0.00086280 0.06651743 13.91692 
0.180 0.00837567 5 -208260.93 998451.02 2674551.94 2697185.17 545742.25 -7124191.31 -349578685.85 0.00389494 0.00837567 0.00312402 0.00132488 0.00019025 -0.00310182 -0.00327983 -0.00333869 -0.00331634 -0.00321394 -0.00303520 -0.00278479 -0.00247239 -0.00211441 -0.00173340 -0.00135502 -0.00100369 -0.00069787 -0.00020020 0.00008255 0.00004955 0.00000065 -0.00001106 -0.00000316 -0.00000068 -0.00027770 0.00219144 0.00087978 0.05908200 16.70030 
0.210 0.00886492 5 -9736.93 1145155.47 2955585.50 2826082.04 582120.47 -7518680.41 -365325660.25 0.00434306 0.00886492 0.00306769 0.00130185 0.00016125 -0.00367412 -0.00389499 -0.00397817 -0.00397070 -0.00387323 -0.00368837 -0.00341971 -0.00307552 -0.00267107 -0.00222839 -0.00177543 -0.00134154 -0.00095151 -0.00029587 0.00009759 0.00006349 0.00000250 -0.00001100 -0.00000294 -0.00000045 -0.00034358 0.00225325 0.00087375 0.04883385 19.48369 
0.240 0.01050229 5 8341862.32 214698.86 -582912.85 -436352.86 852843.32 8293585.85 736460352.01 -0.00134379 -0.01007234 -0.00755774 -0.00337819 -0.00148958 -0.00364042 -0.00383662 -0.00394007 -0.00399567 -0.00400192 -0.00395670 -0.00385738 -0.00370104 -0.00348497 -0.00320757 -0.00287013 -0.00247896 -0.00205210 -0.00102816 -0.00000908 0.00011073 0.00002448 0.00000358 -0.00000328 -0.00000410 -0.00043761 -0.00397612 -0.00209638 -0.31122257 22.26707 
0.270 0.01421890 5 6945432.83 -161124.92 -865277.39 -946044.15 670087.60 8247791.69 683184544.35 0.00125719 -0.01345265 -0.01252165 -0.00389518 -0.00129425 -0.00297472 -0.00312373 -0.00321105 -0.00326991 -0.00329876 -0.00329531 -0.00325668 -0.00317951 -0.00306022 -0.00289535 -0.00268198 -0.00241822 -0.00210682 -0.00122208 -0.00012611 0.00011269 0.00003568 0.00000265 -0.00000391 -0.00000359 -0.00039496 -0.00502327 -0.00256461 -0.40445837 25.05046 
0.300 0.01891247 5 6422696.03 -197349.71 -776343.61 -1305521.59 368194.92 8333716.03 652701191.24 0.00351602 -0.01795177 -0.01640232 -0.00448500 -0.00117039 -0.00295029 -0.00311523 -0.00322236 -0.00330464 -0.00336047 -0.00338756 -0.00338297 -0.00334328 -0.00326480 -0.00314376 -0.00297632 -0.00275868 -0.00248902 -0.00161758 -0.00031457 0.00011761 0.00005518 0.00000136 -0.00000534 -0.00000320 -0.00043574 -0.00604068 -0.00306320 -0.49075234 27.83384 
0.330 0.02292816 5 6329266.71 -122346.75 -908743.01 -1343723.55 540389.56 8163690.46 644374047.08 0.00582831 -0.02179867 -0.02020479 -0.00559512 -0.00110081 -0.00309133 -0.00329347 -0.00343227 -0.00354556 -0.00363182 -0.00368881 -0.00371367 -0.00370309 -0.00365353 -0.00356137 -0.00342238 -0.00323177 -0.00298576 -0.00211117 -0.00059113 0.00008456 0.00007288 0.00000076 -0.00000678 -0.00000301 -0.00050628 -0.00712426 -0.00360863 -0.59171868 30.61722 
0.360 0.02457767 5 6667761.03 -127847.39 -1026137.98 -877604.55 926843.29 7772507.65 659234537.69 0.00843651 -0.02333895 -0.02252439 -0.00683277 -0.00208026 -0.00439434 -0.00461917 -0.00476987 -0.00488819 -0.00497261 -0.00502091 -0.00503026 -0.00499738 -0.00491872 -0.00479043 -0.00460796 -0.00436613 -0.00406089 -0.00298780 -0.00101182 0.00004280 0.00010306 0.00000042 -0.00000950 -0.00000327 -0.00070466 -0.00805039 -0.00414817 -0.71328805 33.40061 
0.390 0.02634499 5 6766868.85 -178463.04 -1131772.59 -493026.00 1118139.12 7451991.37 662213588.37 0.01104847 -0.02495122 -0.02491306 -0.00858711 -0.00293887 -0.00502456 -0.00524894 -0.00539782 -0.00551310 -0.00559372 -0.00563792 -0.00564353 -0.00560798 -0.00552848 -0.00540181 -0.00522336 -0.00498717 -0.00468791 -0.00360373 -0.00141961 -0.00004094 0.00012290 0.00000134 -0.00001121 -0.00000349 -0.00081912 -0.00907043 -0.00468714 -0.83397654 36.18399 
0.420 0.02757650 4 6797369.49 -570889.75 -1396188.00 279422.07 1501317.57 6983707.60 681170765.98 0.01510379 -0.02576180 -0.02757650 -0.01243051 -0.00441281 -0.00549903 -0.00570045 -0.00583206 -0.00593253 -0.00600035 -0.00603323 -0.00602836 -0.00598263 -0.00589301 -0.00575650 -0.00556899 -0.00532290 -0.00500993 -0.00386281 -0.00153499 -0.00004648 0.00013376 0.00000119 -0.00001207 -0.00000344 -0.00087810 -0.01059618 -0.00543371 -1.01819124 38.96738 
