0.001 0.00012454 5 82104.10 542.40 4093.87 7992.47 8840.22 60635.13 6416733.25 -0.00000204 -0.00005700 -0.00012157 -0.00003739 -0.00000194 0.00004201 0.00004631 0.00004314 0.00003870 0.00003348 0.00002775 0.00002194 0.00001646 0.00001152 0.00000719 0.00000340 0.00000016 -0.00000258 -0.00000458 0.00000044 0.00000960 -0.00000044 -0.00001047 -0.00000172 0.00000161 0.00000292 -0.00003924 -0.00001684 -0.00285877 0.11014 
0.030 0.00214366 5 -2621315.33 14763.41 -81897.11 -226297.36 -285450.00 -2042434.28 -211212457.12 0.00062871 0.00214366 0.00099285 0.00078134 0.00052390 0.00066085 0.00065629 0.00062015 0.00056334 0.00049021 0.00040680 0.00032071 0.00023880 0.00016608 0.00010543 0.00005784 0.00002282 -0.00000120 -0.00002113 -0.00001023 0.00000562 -0.00000068 -0.00000867 -0.00000314 -0.00000118 0.00003451 0.00084119 0.00041267 0.05569868 3.30424 
0.060 0.00386161 5 -4790633.89 39791.44 -184698.07 -443350.34 -522412.06 -3679964.86 -384134608.54 0.00111956 0.00386161 0.00186130 0.00142752 0.00095337 0.00130210 0.00130453 0.00125274 0.00116155 0.00103705 0.00088780 0.00072512 0.00056135 0.00040866 0.00027579 0.00016735 0.00008456 0.00002561 -0.00003254 -0.00002398 0.00000451 0.00000094 -0.00000810 -0.00000279 -0.00000105 0.00007468 0.00153873 0.00076099 0.10393674 6.60848 
0.090 0.00533053 5 -6627158.46 55394.63 -280252.38 -632364.54 -726810.65 -5043125.52 -529350246.27 0.00154227 0.00533053 0.00260331 0.00198465 0.00133129 0.00187086 0.00187849 0.00181240 0.00169172 0.00152388 0.00131991 0.00109454 0.00086375 0.00064308 0.00044621 0.00028177 0.00015347 0.00006012 -0.00003880 -0.00003706 0.00000349 0.00000221 -0.00000842 -0.00000239 -0.00000044 0.00011152 0.00214034 0.00106258 0.14587742 9.91271 
0.120 0.00660503 5 -8157439.30 36937.10 -354780.66 -764006.08 -888709.53 -6186880.14 -648962741.28 0.00191889 0.00660503 0.00324744 0.00245574 0.00165118 0.00243038 0.00244906 0.00237557 0.00223367 0.00203068 0.00177870 0.00149389 0.00119583 0.00090440 0.00063741 0.00040961 0.00022974 0.00009759 -0.00004690 -0.00005239 0.00000181 0.00000314 -0.00000915 -0.00000215 0.00000022 0.00015003 0.00265932 0.00132632 0.18256075 13.21695 
0.150 0.00766904 5 -9266859.71 45830.16 -414305.98 -802463.87 -1008197.82 -7087722.21 -739139273.49 0.00220507 0.00766904 0.00380828 0.00280907 0.00189276 0.00292179 0.00295555 0.00288316 0.00273281 0.00251111 0.00222928 0.00190234 0.00155042 0.00119744 0.00086602 0.00057534 0.00033973 0.00016262 -0.00004231 -0.00006814 -0.00000182 0.00000351 -0.00000981 -0.00000208 0.00000071 0.00018894 0.00307645 0.00154254 0.21275127 16.52119 
0.180 0.00857701 5 9648285.43 -120847.31 129917.83 907190.34 1198583.42 7533441.14 787887329.42 -0.00241958 -0.00835844 -0.00474894 -0.00316521 -0.00197957 -0.00300810 -0.00305064 -0.00300416 -0.00288750 -0.00270352 -0.00245849 -0.00216160 -0.00182740 -0.00147612 -0.00112948 -0.00080799 -0.00053029 -0.00030920 -0.00001676 0.00007575 0.00000893 -0.00000379 0.00000926 0.00000002 -0.00000430 -0.00021515 -0.00347356 -0.00174261 -0.24355243 19.82543 
0.210 0.00998509 5 10154042.01 346544.13 193884.31 374224.93 1014059.32 8225329.33 809047519.49 -0.00201447 -0.00956747 -0.00636233 -0.00322132 -0.00197553 -0.00358011 -0.00365837 -0.00363116 -0.00352508 -0.00334193 -0.00308640 -0.00276566 -0.00239230 -0.00198576 -0.00157069 -0.00117261 -0.00081573 -0.00051772 -0.00008766 0.00009291 0.00002118 -0.00000202 0.00000985 0.00000084 -0.00000345 -0.00027612 -0.00388525 -0.00196800 -0.28224557 23.12966 
0.240 0.01086520 5 10008303.08 426644.90 228378.92 66156.83 933589.15 8353533.28 799292252.83 -0.00128986 -0.01034777 -0.00799390 -0.00319328 -0.00190526 -0.00392950 -0.00403895 -0.00403765 -0.00395749 -0.00379886 -0.00356371 -0.00325539 -0.00288191 -0.00245845 -0.00200753 -0.00155720 -0.00113667 -0.00076964 -0.00019378 0.00010139 0.00003540 0.00000062 0.00000968 0.00000123 -0.00000272 -0.00032784 -0.00417734 -0.00213240 -0.31617928 26.43390 
0.270 0.01139366 5 9336359.77 337924.31 122341.92 -298319.99 957495.67 8216917.86 766546937.11 -0.00045162 -0.01080494 -0.00928424 -0.00309549 -0.00175439 -0.00381080 -0.00392297 -0.00393305 -0.00387182 -0.00373904 -0.00353517 -0.00326136 -0.00292190 -0.00252733 -0.00209616 -0.00165484 -0.00123329 -0.00085743 -0.00024327 0.00009654 0.00003998 0.00000203 0.00000930 0.00000117 -0.00000254 -0.00033063 -0.00430498 -0.00219371 -0.33394052 29.73814 
0.300 0.01217163 4 6841438.37 -608895.76 -867015.46 -142983.59 1328523.14 7131810.03 675525917.85 0.00213433 -0.01130988 -0.01217163 -0.00314170 -0.00135902 -0.00256583 -0.00262255 -0.00262861 -0.00259985 -0.00253518 -0.00243315 -0.00229202 -0.00211040 -0.00188836 -0.00162968 -0.00134514 -0.00105181 -0.00077146 -0.00026603 0.00005672 0.00003291 0.00000233 0.00000641 -0.00000031 -0.00000277 -0.00023972 -0.00448368 -0.00222919 -0.36605093 33.04238 
0.330 0.01308851 4 6002766.15 -836785.51 -1230122.08 -380389.07 1242925.53 7207137.28 651800090.77 0.00260754 -0.01222779 -0.01308851 -0.00312900 -0.00122182 -0.00207446 -0.00211054 -0.00211710 -0.00210450 -0.00207147 -0.00201616 -0.00193626 -0.00182922 -0.00169266 -0.00152525 -0.00132818 -0.00110681 -0.00087525 -0.00038443 0.00001090 0.00003424 0.00000663 0.00000591 -0.00000069 -0.00000273 -0.00021488 -0.00463839 -0.00228852 -0.37557819 36.34662 
0.360 0.01376901 5 4907054.60 -1099581.51 -1632504.51 -665520.27 1049825.64 7254835.24 614208380.97 0.00282053 -0.01296824 -0.01360070 -0.00299465 -0.00108146 -0.00123442 -0.00121991 -0.00120669 -0.00119365 -0.00117945 -0.00116202 -0.00113873 -0.00110652 -0.00106203 -0.00100180 -0.00092253 -0.00082179 -0.00070062 -0.00037206 -0.00003481 0.00002042 0.00000771 0.00000583 -0.00000068 -0.00000259 -0.00013900 -0.00468950 -0.00227217 -0.36881304 39.65085 
0.390 0.01408850 5 4064635.63 -1136960.21 -1907668.72 -1062252.70 807160.33 7364356.93 576817211.10 0.00278375 -0.01324262 -0.01355111 -0.00299122 -0.00096758 -0.00047991 -0.00042421 -0.00039263 -0.00037549 -0.00037139 -0.00037816 -0.00039303 -0.00041270 -0.00043347 -0.00045118 -0.00046108 -0.00045828 -0.00043879 -0.00030090 -0.00006348 0.00000779 0.00000762 0.00000599 -0.00000047 -0.00000242 -0.00006281 -0.00465662 -0.00221628 -0.35528858 42.95509 
0.420 0.01460073 4 -5396251.51 1005681.85 1516827.49 -81388.18 -1209749.61 -6627623.06 -614654938.33 -0.00431044 0.01378092 0.01446290 0.00458867 0.00111925 0.00198900 0.00207219 0.00211166 0.00213652 0.00214580 0.00213781 0.00211026 0.00206015 0.00198396 0.00187838 0.00174130 0.00157176 0.00137110 0.00079783 0.00010473 -0.00005891 -0.00002326 -0.00000428 0.00000153 0.00000110 0.00025823 0.00516501 0.00255841 0.43503101 46.25933 
0.450 0.01711882 4 -5023139.07 1159203.91 1762109.49 122381.43 -1243355.38 -6823478.53 -615395448.10 -0.00579581 0.01662222 0.01697161 0.00608774 0.00113798 0.00122125 0.00127626 0.00130478 0.00132984 0.00135045 0.00136486 0.00137064 0.00136455 0.00134255 0.00130056 0.00123555 0.00114568 0.00103000 0.00064720 0.00012150 -0.00003072 -0.00001837 -0.00000501 0.00000110 0.00000112 0.00017752 0.00610179 0.00295468 0.50580721 49.56357 
0.480 0.01802257 4 -3570747.64 1492438.31 2505121.18 82043.82 -1302512.21 -6347838.74 -557240623.16 -0.00693247 0.01684646 0.01786001 0.00697588 0.00103666 -0.00025864 -0.00029612 -0.00031977 -0.00032372 -0.00030890 -0.00027709 -0.00023082 -0.00017354 -0.00010971 -0.00004423 0.00001884 0.00007650 0.00012576 0.00017023 0.00008686 0.00001109 -0.00000626 -0.00000517 0.00000025 0.00000089 -0.00000813 0.00631780 0.00295732 0.51717701 52.86780 
0.510 0.01858557 4 -5708854.76 1075882.03 909424.54 622089.89 -1341666.79 -6974584.44 -635495540.66 -0.00717567 0.01725289 0.01845005 0.00798878 0.00140308 0.00190057 0.00204062 0.00212596 0.00219328 0.00224141 0.00226844 0.00227179 0.00224819 0.00219364 0.00210411 0.00197683 0.00181048 0.00160505 0.00096052 0.00007064 -0.00013132 -0.00003965 -0.00000354 0.00000090 -0.00000085 0.00027695 0.00684780 0.00335721 0.59505931 56.17204 
0.540 0.02101858 4 -5109954.58 991640.74 1282685.91 696824.87 -1405432.97 -6675673.13 -598951113.16 -0.00925442 0.01923168 0.02085414 0.00953441 0.00135211 0.00131652 0.00145203 0.00154195 0.00162021 0.00168558 0.00173607 0.00176901 0.00178098 0.00176770 0.00172483 0.00164926 0.00153933 0.00139403 0.00088385 0.00009144 -0.00012053 -0.00003967 -0.00000344 0.00000074 -0.00000111 0.00022255 0.00760540 0.00368346 0.66599497 59.47628 
0.570 0.02330531 4 -4711385.29 866716.24 1558411.33 747881.93 -1414120.39 -6470274.40 -570863109.60 -0.01117401 0.02129162 0.02311968 0.01088314 0.00135899 0.00096940 0.00110576 0.00120109 0.00128810 0.00136554 0.00143136 0.00148285 0.00151648 0.00152781 0.00151226 0.00146659 0.00138915 0.00127861 0.00084888 0.00011021 -0.00011546 -0.00004074 -0.00000311 0.00000081 -0.00000125 0.00019200 0.00833672 0.00401006 0.73457714 62.78052 
0.600 0.02513540 4 -4384547.01 820212.77 1848977.61 643126.89 -1473686.86 -6223177.42 -550451402.91 -0.01295138 0.02272689 0.02494434 0.01222185 0.00155271 0.00074162 0.00086932 0.00096130 0.00104833 0.00112913 0.00120163 0.00126311 0.00130992 0.00133740 0.00134078 0.00131682 0.00126412 0.00118138 0.00082192 0.00013244 -0.00010914 -0.00004179 -0.00000280 0.00000085 -0.00000140 0.00016926 0.00899947 0.00430866 0.80110871 66.08476 
0.630 0.02729384 4 -4044388.57 731964.60 1973371.91 916503.24 -1500037.18 -6166191.14 -529301482.40 -0.01456649 0.02491401 0.02707036 0.01347867 0.00164083 0.00034295 0.00045773 0.00054454 0.00063126 0.00071663 0.00079847 0.00087393 0.00093950 0.00099038 0.00102155 0.00102963 0.00101297 0.00096891 0.00071000 0.00012869 -0.00009995 -0.00003956 -0.00000290 0.00000069 -0.00000139 0.00012405 0.00975400 0.00463834 0.86579520 69.38899 
