0.001 0.00011080 4 53501.69 -2679.51 6267.31 3682.53 4485.15 41746.21 4308173.67 0.00000237 -0.00003757 -0.00011080 -0.00002854 0.00000300 0.00004693 0.00005107 0.00004750 0.00004259 0.00003687 0.00003061 0.00002429 0.00001831 0.00001295 0.00000825 0.00000414 0.00000064 -0.00000228 -0.00000447 0.00000068 0.00001023 -0.00000003 -0.00001039 -0.00000147 0.00000186 0.00000325 -0.00003094 -0.00001277 -0.00228132 0.10990 
0.030 0.00135719 5 1768647.26 28686.70 304404.28 126648.27 90618.18 1218289.83 127781579.75 -0.00043893 -0.00128785 -0.00070572 -0.00044980 -0.00032733 -0.00039696 -0.00038610 -0.00036467 -0.00033081 -0.00028747 -0.00023831 -0.00018778 -0.00013989 -0.00009759 -0.00006262 -0.00003568 -0.00001650 -0.00000414 0.00000674 0.00000620 0.00000559 -0.00000262 -0.00000894 -0.00000271 -0.00000016 -0.00002009 -0.00053482 -0.00026139 -0.03543065 3.29695 
0.060 0.00255504 5 3509190.37 91116.97 567170.73 296526.87 202429.27 2351946.54 250829684.28 -0.00085988 -0.00248270 -0.00128016 -0.00086865 -0.00065171 -0.00095704 -0.00095456 -0.00091952 -0.00085471 -0.00076428 -0.00065459 -0.00053421 -0.00041308 -0.00030062 -0.00020329 -0.00012446 -0.00006498 -0.00002351 0.00001827 0.00001741 0.00000297 -0.00000441 -0.00000655 -0.00000327 -0.00000189 -0.00005506 -0.00102674 -0.00051056 -0.06938114 6.59390 
0.090 0.00371774 5 5152789.49 87022.63 811206.54 456162.64 338990.26 3459407.42 372156078.44 -0.00122262 -0.00364265 -0.00184760 -0.00128514 -0.00097256 -0.00153593 -0.00154836 -0.00150736 -0.00142138 -0.00129525 -0.00113651 -0.00095580 -0.00076582 -0.00058003 -0.00041114 -0.00026789 -0.00015485 -0.00007199 0.00002132 0.00003213 0.00000252 -0.00000565 -0.00000376 -0.00000342 -0.00000327 -0.00009637 -0.00150554 -0.00075695 -0.10374571 9.89085 
0.120 0.00485007 5 6680834.95 17897.08 1045706.66 608589.90 487848.50 4520792.80 489599333.77 -0.00156135 -0.00477376 -0.00240339 -0.00169833 -0.00129140 -0.00208965 -0.00211741 -0.00207351 -0.00197204 -0.00181792 -0.00161952 -0.00138884 -0.00114029 -0.00088980 -0.00065286 -0.00044386 -0.00027298 -0.00014317 0.00001443 0.00004775 0.00000396 -0.00000616 -0.00000074 -0.00000328 -0.00000436 -0.00013900 -0.00197448 -0.00099943 -0.13786817 13.18780 
0.150 0.00594366 5 8088272.59 -119556.07 1293039.07 758419.83 630350.52 5526019.24 601880999.76 -0.00189484 -0.00586654 -0.00294014 -0.00210387 -0.00160607 -0.00267713 -0.00271682 -0.00266969 -0.00255483 -0.00237652 -0.00214298 -0.00186657 -0.00156320 -0.00125075 -0.00094758 -0.00067097 -0.00043612 -0.00025096 -0.00000916 0.00006413 0.00000830 -0.00000566 0.00000232 -0.00000288 -0.00000511 -0.00018695 -0.00243291 -0.00123980 -0.17196671 16.48474 
0.180 0.00702097 5 9191377.04 -411517.05 1445104.54 876727.91 783589.57 6497472.07 707153820.83 -0.00219406 -0.00694101 -0.00348120 -0.00251373 -0.00189799 -0.00321043 -0.00326467 -0.00322305 -0.00310931 -0.00292564 -0.00267790 -0.00237570 -0.00203374 -0.00167088 -0.00130730 -0.00096358 -0.00065928 -0.00040934 -0.00005787 0.00007975 0.00001579 -0.00000412 0.00000532 -0.00000208 -0.00000539 -0.00023824 -0.00287910 -0.00147621 -0.20585201 19.78169 
0.210 0.00806052 5 9882292.32 -769629.00 1273035.53 1000556.42 945330.87 7432998.50 800129103.54 -0.00238913 -0.00796562 -0.00402483 -0.00294186 -0.00212801 -0.00357389 -0.00365168 -0.00363137 -0.00353994 -0.00337761 -0.00314648 -0.00285093 -0.00250093 -0.00211307 -0.00170862 -0.00131082 -0.00094388 -0.00062755 -0.00014406 0.00008971 0.00002604 -0.00000165 0.00000807 -0.00000095 -0.00000511 -0.00028725 -0.00328985 -0.00169479 -0.23787976 23.07864 
0.240 0.00852461 5 10172174.68 -534714.23 493303.83 1226539.96 1058373.67 7928671.45 839329395.43 -0.00249495 -0.00836358 -0.00410028 -0.00322473 -0.00213149 -0.00378982 -0.00390765 -0.00392111 -0.00386221 -0.00373049 -0.00352610 -0.00325013 -0.00290767 -0.00251110 -0.00208034 -0.00164135 -0.00122283 -0.00085014 -0.00024207 0.00009442 0.00003749 0.00000095 0.00000914 -0.00000013 -0.00000442 -0.00032931 -0.00342727 -0.00178156 -0.25038306 26.37559 
0.270 0.00921583 5 -11593094.30 -248006.63 -1163533.26 -1296868.96 -1248548.60 -7636136.84 -853364570.51 0.00116084 0.00921583 0.00657896 0.00316576 0.00228602 0.00600046 0.00622163 0.00626366 0.00619106 0.00600411 0.00570437 0.00529523 0.00478573 0.00419421 0.00354822 0.00288208 0.00223321 0.00163492 0.00056990 -0.00012527 -0.00008216 -0.00001005 -0.00001112 -0.00000336 -0.00000123 0.00054744 0.00392367 0.00213014 0.32661763 29.67254 
0.300 0.01066190 5 -10243823.81 -925576.28 -145866.22 -267227.67 -1456087.61 -7449066.03 -767507090.14 -0.00094812 0.01066190 0.01011414 0.00298600 0.00181983 0.00627247 0.00654938 0.00664862 0.00664198 0.00652875 0.00630829 0.00598008 0.00554496 0.00500846 0.00438662 0.00370873 0.00301268 0.00233743 0.00099519 -0.00008163 -0.00012797 -0.00002373 -0.00000790 -0.00000218 -0.00000187 0.00063805 0.00432939 0.00236846 0.38544825 32.96949 
0.330 0.01342984 4 -9361607.81 -525025.08 -122139.82 -37558.65 -1651325.36 -7025558.91 -731372591.63 -0.00343066 0.01246019 0.01329706 0.00372507 0.00169497 0.00642180 0.00674210 0.00688792 0.00693565 0.00688472 0.00673426 0.00648301 0.00612912 0.00567112 0.00511285 0.00447160 0.00377795 0.00307072 0.00151607 0.00002395 -0.00017627 -0.00004404 -0.00000523 -0.00000025 -0.00000204 0.00072042 0.00497621 0.00271543 0.46676343 36.26644 
0.360 0.01536834 4 -10430975.28 -645375.66 -815413.78 -631646.28 -1702055.11 -6636484.44 -754333010.69 -0.00618908 0.01323086 0.01529948 0.00577748 0.00228373 0.00785356 0.00824721 0.00842439 0.00847839 0.00840926 0.00821715 0.00790197 0.00746262 0.00689764 0.00621235 0.00543076 0.00459391 0.00374903 0.00189666 0.00006478 -0.00022691 -0.00006014 -0.00000222 0.00000162 -0.00000205 0.00088115 0.00582495 0.00319868 0.58586782 39.56339 
0.390 0.01672530 4 -10515284.50 -254884.91 -903852.18 -1165634.13 -1882556.56 -6308356.73 -769170689.85 -0.00883101 0.01285676 0.01668420 0.00935708 0.00313583 0.00803701 0.00846101 0.00866512 0.00874977 0.00871413 0.00855706 0.00827649 0.00786799 0.00732521 0.00664862 0.00586018 0.00500291 0.00412862 0.00216740 0.00012847 -0.00025669 -0.00007402 0.00000046 0.00000322 -0.00000213 0.00093359 0.00689061 0.00372610 0.72125515 42.86034 
0.420 0.01786398 4 -10812046.17 73330.56 -1371372.36 -1526590.13 -1826560.90 -6160853.34 -785328013.01 -0.01135124 0.01277029 0.01784148 0.01249327 0.00416364 0.00857611 0.00901436 0.00922506 0.00931423 0.00928103 0.00912424 0.00884118 0.00842522 0.00786568 0.00715892 0.00632706 0.00541887 0.00449304 0.00240613 0.00017830 -0.00028523 -0.00008742 0.00000196 0.00000464 -0.00000199 0.00100375 0.00790546 0.00423911 0.85016061 46.15728 
0.450 0.01976019 4 -8755331.03 -148487.56 1162419.86 -1984870.05 -1578272.21 -6206121.07 -718007245.75 -0.01271992 0.01421070 0.01973696 0.01688449 0.00440222 0.00555553 0.00592369 0.00614022 0.00628913 0.00636905 0.00637782 0.00631100 0.00615797 0.00590056 0.00552452 0.00503830 0.00447363 0.00386731 0.00233403 0.00035489 -0.00024638 -0.00009750 0.00000269 0.00000576 -0.00000196 0.00075537 0.00933523 0.00477740 0.95828130 49.45423 
0.480 0.02413135 4 -7072002.42 1194721.24 490646.39 -850748.17 -1590994.79 -6315627.09 -686899352.21 -0.01624156 0.01812723 0.02407494 0.01992873 0.00477733 0.00384147 0.00408628 0.00423083 0.00434290 0.00442127 0.00446369 0.00446529 0.00441397 0.00428793 0.00406783 0.00375903 0.00339400 0.00300870 0.00199210 0.00042700 -0.00019639 -0.00009591 0.00000142 0.00000532 -0.00000199 0.00055812 0.01096030 0.00543442 1.09397981 52.75118 
0.510 0.02889488 4 -4686762.94 2209433.68 51591.46 49135.21 -679460.37 -6317462.93 -586124968.89 -0.01983925 0.02340893 0.02875519 0.02263121 0.00494546 0.00100265 0.00105588 0.00109677 0.00114865 0.00121044 0.00127981 0.00135147 0.00141192 0.00143616 0.00140078 0.00130911 0.00119502 0.00109687 0.00091554 0.00033894 -0.00010147 -0.00007157 -0.00000158 0.00000276 -0.00000228 0.00018764 0.01259667 0.00600470 1.20256111 56.04813 
0.540 0.03285329 4 -3152760.97 2006430.85 816741.53 765431.20 -473475.27 -6267889.27 -506067005.42 -0.02323349 0.02739566 0.03264653 0.02553965 0.00541983 -0.00052147 -0.00056089 -0.00056632 -0.00054094 -0.00048582 -0.00040342 -0.00029928 -0.00018795 -0.00009626 -0.00004919 -0.00004353 -0.00004420 -0.00001097 0.00021462 0.00020895 -0.00006386 -0.00005508 -0.00000205 0.00000114 -0.00000278 -0.00002021 0.01415415 0.00662440 1.32911631 59.34508 
