0.001 0.00011124 4 64333.04 3249.14 3344.56 9621.93 8114.09 40003.33 4650985.10 0.00000494 -0.00003515 -0.00011124 -0.00003117 0.00000192 0.00004310 0.00004720 0.00004387 0.00003932 0.00003404 0.00002827 0.00002243 0.00001692 0.00001197 0.00000760 0.00000376 0.00000046 -0.00000234 -0.00000440 0.00000070 0.00001016 -0.00000009 -0.00001041 -0.00000150 0.00000183 0.00000304 -0.00003155 -0.00001317 -0.00240656 0.13334 
0.030 0.00157605 5 -1410949.08 134244.49 206046.20 -47278.89 -197664.34 -1506296.54 -140118145.76 0.00040382 0.00157605 0.00071781 0.00054652 0.00031061 0.00029452 0.00029503 0.00028099 0.00025874 0.00022902 0.00019381 0.00015589 0.00011859 0.00008455 0.00005536 0.00003169 0.00001360 0.00000055 -0.00001113 -0.00000467 0.00000760 -0.00000113 -0.00001062 -0.00000299 -0.00000001 0.00001658 0.00057445 0.00027809 0.03667639 4.00028 
0.060 0.00290554 5 -2710501.25 237063.84 413828.25 -156580.29 -406225.70 -2798587.35 -265813330.89 0.00071227 0.00290554 0.00141162 0.00104642 0.00057404 0.00065505 0.00066865 0.00065803 0.00063291 0.00059251 0.00053685 0.00046680 0.00038601 0.00030127 0.00022025 0.00014848 0.00008939 0.00004393 -0.00000991 -0.00001620 0.00000445 -0.00000079 -0.00001035 -0.00000333 -0.00000073 0.00004541 0.00108519 0.00053283 0.07195545 8.00055 
0.090 0.00414201 5 -3903683.36 307047.86 614387.78 -241315.55 -596697.41 -3987106.03 -380235763.11 0.00100477 0.00414201 0.00205117 0.00150078 0.00081526 0.00103067 0.00105972 0.00105418 0.00102769 0.00097866 0.00090624 0.00081049 0.00069445 0.00056478 0.00043168 0.00030678 0.00019929 0.00011342 0.00000151 -0.00002897 0.00000035 -0.00000049 -0.00001027 -0.00000345 -0.00000100 0.00007820 0.00155670 0.00077128 0.10500763 12.00083 
0.120 0.00534200 5 -5029796.88 413958.07 763952.47 -327122.37 -770662.10 -5109922.94 -489368863.12 0.00131347 0.00534200 0.00266436 0.00193898 0.00105960 0.00137020 0.00140996 0.00140642 0.00137697 0.00132119 0.00123827 0.00112818 0.00099221 0.00083552 0.00066700 0.00049966 0.00034691 0.00021845 0.00003411 -0.00003912 -0.00000511 -0.00000071 -0.00001035 -0.00000346 -0.00000106 0.00011079 0.00201799 0.00100484 0.13722650 16.00111 
0.150 0.00658129 5 -6035551.72 472698.67 864147.59 -256013.21 -883458.57 -6232926.20 -587459106.98 0.00165882 0.00658129 0.00327392 0.00230549 0.00127043 0.00174399 0.00180065 0.00180486 0.00177839 0.00172083 0.00163171 0.00151076 0.00135894 0.00117990 0.00098113 0.00077402 0.00057326 0.00039295 0.00010391 -0.00004669 -0.00001366 -0.00000181 -0.00001059 -0.00000337 -0.00000099 0.00015229 0.00245914 0.00123369 0.16781868 20.00139 
0.180 0.00761645 5 -6672524.89 137872.49 644197.62 425732.56 -960281.00 -6920046.56 -623629848.84 0.00185314 0.00761645 0.00404749 0.00229442 0.00131424 0.00229315 0.00238577 0.00241152 0.00239846 0.00234609 0.00225372 0.00212055 0.00194661 0.00173414 0.00148966 0.00122499 0.00095642 0.00070178 0.00024342 -0.00005216 -0.00003131 -0.00000508 -0.00000939 -0.00000292 -0.00000113 0.00021940 0.00275571 0.00140836 0.19130841 24.00166 
0.210 0.00858778 5 -6854290.89 -28121.90 449055.75 1094685.52 -803948.91 -7565961.36 -639185628.21 0.00164305 0.00858778 0.00494293 0.00218919 0.00128628 0.00271758 0.00283711 0.00287930 0.00288049 0.00284005 0.00275699 0.00263014 0.00245861 0.00224268 0.00198559 0.00169588 0.00138761 0.00107928 0.00045706 -0.00003057 -0.00005103 -0.00001121 -0.00000767 -0.00000230 -0.00000137 0.00028288 0.00297324 0.00154405 0.21234804 28.00194 
0.240 0.00917293 5 6625373.14 -1379458.00 459081.84 -312981.78 68334.00 7790397.07 672781651.13 -0.00319153 -0.00893942 -0.00462143 -0.00255625 -0.00164456 -0.00128146 -0.00125565 -0.00122097 -0.00117831 -0.00112645 -0.00106348 -0.00098703 -0.00089448 -0.00078357 -0.00065376 -0.00050820 -0.00035467 -0.00020692 0.00002656 0.00008232 0.00000653 -0.00000753 0.00000273 -0.00000262 -0.00000507 -0.00009554 -0.00330780 -0.00160137 -0.20276675 32.00222 
0.270 0.01111848 5 6308935.25 -1323753.49 -676142.54 -646346.76 -25960.63 8981138.68 716373563.34 -0.00342243 -0.01072267 -0.00594345 -0.00292196 -0.00158556 -0.00069559 -0.00064412 -0.00060415 -0.00057260 -0.00054814 -0.00052865 -0.00051136 -0.00049293 -0.00046958 -0.00043759 -0.00039369 -0.00033559 -0.00026380 -0.00007607 0.00006286 0.00001749 -0.00000321 0.00000329 -0.00000256 -0.00000510 -0.00005674 -0.00382499 -0.00182321 -0.22894977 36.00250 
0.300 0.01303175 5 5422479.94 -1250124.15 -2097903.61 -1037130.37 25229.39 9782408.68 724921429.54 -0.00337620 -0.01249786 -0.00752478 -0.00329792 -0.00144267 0.00047577 0.00059473 0.00066589 0.00070445 0.00071189 0.00069061 0.00064373 0.00057508 0.00048919 0.00039104 0.00028591 0.00017920 0.00007760 -0.00005361 -0.00001073 0.00001505 0.00000398 0.00000475 -0.00000244 -0.00000505 0.00005608 -0.00432506 -0.00199770 -0.24907617 40.00277 
0.330 0.01687102 5 -1622605.09 832788.69 2570486.76 3041767.78 -748164.35 -7319483.97 -444309660.44 -0.00416663 0.01687102 0.01528099 0.00245313 0.00081321 -0.00062076 -0.00080388 -0.00092566 -0.00100980 -0.00105726 -0.00106991 -0.00105024 -0.00100145 -0.00092747 -0.00083276 -0.00072184 -0.00059903 -0.00046893 -0.00016464 0.00004565 0.00002452 -0.00000193 -0.00000668 -0.00000379 -0.00000273 -0.00010578 0.00496010 0.00226899 0.35209582 44.00305 
0.360 0.01953682 5 -407119.60 1212975.24 3014533.48 3314410.27 -761921.14 -7187117.46 -405147950.18 -0.00497198 0.01953682 0.01744452 0.00259150 0.00068336 -0.00223345 -0.00255876 -0.00277234 -0.00292530 -0.00301858 -0.00305415 -0.00303478 -0.00296417 -0.00284708 -0.00268901 -0.00249515 -0.00226938 -0.00201518 -0.00129200 -0.00034124 0.00000829 0.00002730 -0.00000743 -0.00000660 -0.00000313 -0.00037958 0.00550237 0.00237774 0.36112740 48.00333 
0.390 0.02067719 5 14353.89 1108342.22 3135023.49 3532826.31 -635818.85 -7126019.28 -375785276.09 -0.00542865 0.02067719 0.01823234 0.00240968 0.00066311 -0.00254405 -0.00291468 -0.00316334 -0.00334895 -0.00347241 -0.00353561 -0.00354125 -0.00349302 -0.00339572 -0.00325500 -0.00307612 -0.00286268 -0.00261756 -0.00187350 -0.00068024 -0.00007337 0.00003500 -0.00000444 -0.00000706 -0.00000363 -0.00047679 0.00565200 0.00239624 0.36128424 52.00361 
0.420 0.01958630 5 97723.05 1299688.64 3020152.05 3460270.86 -769344.32 -6913044.17 -373993943.48 -0.00527517 0.01958630 0.01751948 0.00206948 0.00074130 -0.00245432 -0.00283958 -0.00310265 -0.00330451 -0.00344587 -0.00352844 -0.00355473 -0.00352822 -0.00345363 -0.00333655 -0.00318214 -0.00299420 -0.00277497 -0.00208717 -0.00087225 -0.00014676 0.00002766 -0.00000240 -0.00000617 -0.00000350 -0.00049917 0.00537243 0.00225330 0.34101509 56.00388 
0.450 0.01690935 4 2666840.30 -2280000.85 -2365786.63 -200161.01 1552858.82 5959929.98 538376646.86 0.00892311 -0.01327049 -0.01690935 -0.00802679 -0.00386805 -0.00108961 -0.00086787 -0.00071443 -0.00059916 -0.00052074 -0.00047689 -0.00046458 -0.00047996 -0.00051850 -0.00057511 -0.00064390 -0.00071840 -0.00079238 -0.00092347 -0.00078158 -0.00019242 0.00003788 0.00000787 -0.00000235 -0.00000228 -0.00014436 -0.00674451 -0.00323836 -0.62165138 60.00416 
0.480 0.01888120 4 2279606.63 -2535371.09 -2988729.39 479747.44 1917067.28 5406892.40 532963675.79 0.01208265 -0.01372115 -0.01888120 -0.01166764 -0.00509556 -0.00069455 -0.00040067 -0.00019918 -0.00004447 0.00006476 0.00013074 0.00015651 0.00014592 0.00010360 0.00003478 -0.00005446 -0.00015740 -0.00026775 -0.00053150 -0.00065618 -0.00021030 0.00002251 0.00000965 -0.00000063 -0.00000206 -0.00005861 -0.00806351 -0.00381112 -0.76485082 64.00444 
0.510 0.01727473 4 2592101.41 -2334661.38 -2986368.23 827916.85 2089359.79 4995854.38 528598433.56 0.01358483 -0.01062227 -0.01727473 -0.01301595 -0.00646178 -0.00221974 -0.00195329 -0.00176222 -0.00160675 -0.00148553 -0.00139626 -0.00133586 -0.00130045 -0.00128533 -0.00128529 -0.00129473 -0.00130708 -0.00131606 -0.00127239 -0.00083363 -0.00012667 0.00006188 0.00000579 -0.00000428 -0.00000201 -0.00025332 -0.00806411 -0.00391483 -0.82725437 68.00471 
0.540 0.01537233 3 1934117.71 -2123109.32 -4060730.79 2006253.87 2062537.98 4049165.97 474426894.14 0.01441662 -0.00652592 -0.01491763 -0.01537233 -0.00776353 -0.00183406 -0.00148542 -0.00124537 -0.00104862 -0.00089386 -0.00077886 -0.00070061 -0.00065533 -0.00063849 -0.00064537 -0.00067112 -0.00070830 -0.00074958 -0.00082926 -0.00064565 -0.00010669 0.00004987 0.00000551 -0.00000319 -0.00000163 -0.00015943 -0.00809332 -0.00387865 -0.86259234 72.00499 
0.570 0.01682719 3 2250277.91 -1528753.11 -4629783.41 2710570.24 2141123.90 3557120.28 458237067.36 0.01535384 -0.00136078 -0.01113023 -0.01682719 -0.00938112 -0.00359735 -0.00329836 -0.00308349 -0.00289685 -0.00273707 -0.00260191 -0.00248843 -0.00239295 -0.00231134 -0.00223995 -0.00217498 -0.00210778 -0.00202951 -0.00173746 -0.00090073 -0.00006520 0.00008242 0.00000295 -0.00000613 -0.00000161 -0.00039751 -0.00764333 -0.00379418 -0.89838448 76.00527 
0.600 0.01825985 3 2416720.38 -1083256.05 -5250784.30 3005767.15 2366481.46 3378512.11 456156819.93 0.01604837 -0.00019508 -0.01090571 -0.01825985 -0.00945757 -0.00361378 -0.00336286 -0.00318344 -0.00302823 -0.00289580 -0.00278388 -0.00268948 -0.00260897 -0.00253850 -0.00247533 -0.00241609 -0.00235075 -0.00226850 -0.00193977 -0.00100628 -0.00008727 0.00008831 0.00000272 -0.00000699 -0.00000194 -0.00043188 -0.00777925 -0.00387615 -0.93134809 80.00555 
0.630 0.01822030 3 2927697.36 -670092.62 -5412564.83 3316635.64 2456092.97 3237626.20 462537164.67 0.01594866 0.00209995 -0.00875615 -0.01822030 -0.01015102 -0.00488533 -0.00468203 -0.00452832 -0.00438639 -0.00425486 -0.00413153 -0.00401361 -0.00389783 -0.00378160 -0.00366596 -0.00355004 -0.00342046 -0.00325961 -0.00265521 -0.00122481 -0.00006842 0.00011215 0.00000077 -0.00000953 -0.00000227 -0.00061202 -0.00738244 -0.00378583 -0.93114911 84.00582 
0.660 0.01843516 3 3218891.14 -629375.13 -5257507.25 4109642.85 2498294.48 2497836.19 448397397.46 0.01579296 0.00526727 -0.00556202 -0.01843516 -0.01071191 -0.00590393 -0.00575621 -0.00563337 -0.00550918 -0.00538239 -0.00525104 -0.00511268 -0.00496480 -0.00480860 -0.00465492 -0.00450775 -0.00434655 -0.00413900 -0.00329932 -0.00142332 -0.00005623 0.00013020 -0.00000064 -0.00001129 -0.00000239 -0.00076501 -0.00671474 -0.00355410 -0.90983559 88.00610 
0.690 0.01893780 3 6951072.86 -2318102.80 413766.51 3759017.93 1980141.16 3116250.05 618005016.38 0.01746919 0.00738445 -0.00399046 -0.01877908 -0.01275872 -0.01113177 -0.01119473 -0.01117197 -0.01108455 -0.01093170 -0.01071230 -0.01042477 -0.01006824 -0.00965078 -0.00919586 -0.00871494 -0.00818148 -0.00754948 -0.00542102 -0.00181447 0.00005106 0.00017883 -0.00000353 -0.00001713 -0.00000404 -0.00142811 -0.00683129 -0.00396099 -1.02523124 92.00638 
0.720 0.02017258 3 6670151.94 -2746503.23 572028.44 4163231.86 2018985.00 2662409.87 607087605.54 0.01837169 0.00785050 -0.00375436 -0.01998163 -0.01315472 -0.01086679 -0.01090814 -0.01086881 -0.01076662 -0.01060088 -0.01037053 -0.01007411 -0.00971203 -0.00930051 -0.00887663 -0.00845206 -0.00798329 -0.00742154 -0.00540454 -0.00182650 0.00005554 0.00018051 -0.00000390 -0.00001705 -0.00000375 -0.00139327 -0.00704182 -0.00404118 -1.05476827 96.00666 
0.750 0.02104721 3 3604554.64 -1210652.43 -4132396.97 5559513.33 2578869.30 809221.40 418582292.50 0.01766032 0.01117080 -0.00115520 -0.02104721 -0.01201838 -0.00739232 -0.00733256 -0.00725352 -0.00714674 -0.00701120 -0.00684530 -0.00664731 -0.00642008 -0.00619367 -0.00602088 -0.00589422 -0.00575575 -0.00554980 -0.00440908 -0.00170849 0.00001843 0.00017554 -0.00000498 -0.00001660 -0.00000329 -0.00098968 -0.00613124 -0.00339992 -0.94876221 100.00693 
0.780 0.02126123 3 7094853.08 -2725589.00 969954.19 4162373.40 1928146.55 2759967.94 621257398.59 0.01979298 0.01162760 -0.00153494 -0.02103097 -0.01580643 -0.01282962 -0.01276431 -0.01262607 -0.01241309 -0.01212498 -0.01176098 -0.01132018 -0.01081112 -0.01028092 -0.00978482 -0.00929391 -0.00876073 -0.00812540 -0.00594755 -0.00204090 0.00007255 0.00020931 -0.00000549 -0.00002020 -0.00000444 -0.00156413 -0.00721373 -0.00421253 -1.13441433 104.00721 
0.810 0.02685384 2 -10310448.79 2132104.23 -3606135.03 -3113494.96 -1339391.71 -4383531.32 -746133088.96 -0.02394825 -0.01270987 -0.00244804 0.01772191 0.02651446 0.02629897 0.02587489 0.02535331 0.02469557 0.02390399 0.02298050 0.02192220 0.02070780 0.01928941 0.01763107 0.01575125 0.01370722 0.01165203 0.00711645 0.00168424 -0.00040606 -0.00030265 0.00001419 0.00002855 0.00000391 0.00267996 0.00865747 0.00548207 1.43852879 108.00749 
0.840 0.03145351 2 -10681604.64 1919619.09 -3750543.56 -2883572.73 -1367319.59 -4599787.86 -759472141.13 -0.02859610 -0.01516859 -0.00204785 0.02145965 0.03090222 0.02921521 0.02863311 0.02796766 0.02715423 0.02619472 0.02508982 0.02382464 0.02236482 0.02067401 0.01873985 0.01657244 0.01425726 0.01196953 0.00712041 0.00154440 -0.00049341 -0.00032389 0.00001726 0.00003070 0.00000388 0.00286455 0.01030753 0.00635364 1.68045647 112.00777 
0.870 0.03336615 2 -10853567.35 1222735.70 -2999465.94 -3447095.32 -1401021.29 -4228720.50 -737650630.48 -0.03224613 -0.01635581 -0.00106732 0.02585839 0.03263627 0.02982462 0.02924456 0.02856922 0.02773486 0.02674498 0.02560110 0.02428784 0.02276950 0.02102047 0.01902553 0.01680344 0.01443832 0.01209721 0.00713362 0.00145531 -0.00056053 -0.00034149 0.00002015 0.00003249 0.00000369 0.00290599 0.01158102 0.00697264 1.85179053 116.00804 
0.900 0.03588228 2 -10569751.98 852393.61 -2497708.82 -3891072.40 -1370882.58 -3662481.79 -695222362.56 -0.03692484 -0.01486312 0.00060218 0.02935902 0.03502436 0.03140085 0.03080329 0.03011406 0.02926752 0.02826718 0.02711365 0.02578519 0.02423448 0.02245661 0.02036160 0.01795480 0.01540232 0.01287840 0.00759021 0.00161994 -0.00056950 -0.00036891 0.00002292 0.00003550 0.00000389 0.00308716 0.01311431 0.00778765 2.05098611 120.00832 
0.930 0.03987704 2 -9458125.84 1381101.50 -2273875.74 -3408311.32 -1320791.18 -3836249.09 -673360042.75 -0.04186535 -0.01371989 0.00239050 0.03180337 0.03899254 0.03435978 0.03364186 0.03287310 0.03196817 0.03092757 0.02974536 0.02838636 0.02677499 0.02479584 0.02239207 0.01970865 0.01684573 0.01403365 0.00821522 0.00179392 -0.00060053 -0.00041126 0.00002522 0.00003966 0.00000434 0.00338216 0.01488474 0.00877430 2.28937064 124.00860 
0.960 0.04500093 2 -9302379.30 1528332.21 -2156270.12 -3758148.36 -1336880.71 -3579412.34 -666934359.07 -0.04843586 -0.01542111 0.00287812 0.03661908 0.04393694 0.03866833 0.03791877 0.03712253 0.03618691 0.03511384 0.03389075 0.03246549 0.03074893 0.02856091 0.02577847 0.02236584 0.01852238 0.01494929 0.00861738 0.00189954 -0.00061677 -0.00043721 0.00002782 0.00004262 0.00000471 0.00380365 0.01684476 0.00991702 2.59917007 128.00888 
0.990 0.05511508 2 -2627966.36 1052634.20 -776739.04 -1839918.59 -604147.61 -459795.32 -202202330.06 -0.05183671 -0.02187181 -0.00669604 0.02924232 0.05414998 0.04552215 0.04394502 0.04252753 0.04101551 0.03940315 0.03767509 0.03580285 0.03366853 0.03107263 0.02785252 0.02396727 0.01987174 0.01596980 0.00898963 0.00204126 -0.00055224 -0.00044406 0.00003022 0.00004340 0.00000384 0.00420556 0.01548990 0.00949539 2.60728997 132.00915 
1.020 0.07976278 2 -4257979.32 -124815.37 -1466916.01 -582734.82 -223399.84 -1860113.28 -252744985.31 -0.06076185 -0.03340531 -0.02238436 0.02533817 0.07853988 0.06685241 0.06439725 0.06187890 0.05894796 0.05551070 0.05156300 0.04698438 0.04184711 0.03691850 0.03226363 0.02718180 0.02192565 0.01711481 0.00923837 0.00199806 -0.00061855 -0.00048331 0.00003140 0.00004710 0.00000457 0.00541121 0.01738692 0.01102514 3.09787827 136.00943 
