0.001 0.00010438 4 46705.31 1376.65 4986.00 6320.56 5633.09 28389.02 3343761.01 0.00001045 -0.00002207 -0.00010438 -0.00002547 0.00000516 0.00004631 0.00005027 0.00004663 0.00004171 0.00003603 0.00002986 0.00002363 0.00001777 0.00001252 0.00000792 0.00000391 0.00000048 -0.00000239 -0.00000450 0.00000065 0.00001016 -0.00000009 -0.00001042 -0.00000151 0.00000183 0.00000318 -0.00002582 -0.00001041 -0.00203867 0.12413 
0.030 0.00095484 5 1425358.30 57010.05 118709.95 192142.16 174223.77 883272.37 102624885.01 -0.00018230 -0.00088620 -0.00056419 -0.00039641 -0.00025271 -0.00033048 -0.00032370 -0.00030759 -0.00028042 -0.00024476 -0.00020375 -0.00016124 -0.00012071 -0.00008474 -0.00005489 -0.00003180 -0.00001531 -0.00000467 0.00000499 0.00000522 0.00000493 -0.00000269 -0.00000855 -0.00000295 -0.00000067 -0.00001716 -0.00040019 -0.00019672 -0.02901047 3.72379 
0.060 0.00186990 5 2702669.29 83409.39 183084.49 333656.94 324934.21 1777584.27 200122052.47 -0.00041002 -0.00179939 -0.00103730 -0.00075567 -0.00049220 -0.00070008 -0.00069721 -0.00066955 -0.00061784 -0.00054605 -0.00046032 -0.00036873 -0.00027955 -0.00019903 -0.00013099 -0.00007716 -0.00003753 -0.00001075 0.00001446 0.00001162 0.00000180 -0.00000396 -0.00000601 -0.00000329 -0.00000223 -0.00003882 -0.00077713 -0.00038492 -0.05558137 7.44758 
0.090 0.00272184 5 3940843.24 105516.68 268328.37 484061.68 469473.65 2613462.85 293237400.75 -0.00062321 -0.00264895 -0.00147704 -0.00109354 -0.00072365 -0.00109374 -0.00109975 -0.00106541 -0.00099537 -0.00089484 -0.00077125 -0.00063441 -0.00049515 -0.00036463 -0.00025027 -0.00015634 -0.00008444 -0.00003346 0.00001991 0.00002063 0.00000030 -0.00000483 -0.00000342 -0.00000325 -0.00000327 -0.00006519 -0.00113248 -0.00056551 -0.08136103 11.17137 
0.120 0.00355592 5 5178620.92 135577.89 363815.46 631104.97 614982.43 3433140.17 385174805.37 -0.00081441 -0.00348097 -0.00190940 -0.00142729 -0.00095645 -0.00150451 -0.00152126 -0.00148149 -0.00139401 -0.00126494 -0.00110358 -0.00092241 -0.00073456 -0.00055289 -0.00038944 -0.00025177 -0.00014368 -0.00006488 0.00002282 0.00003082 -0.00000016 -0.00000539 -0.00000082 -0.00000300 -0.00000402 -0.00009377 -0.00148177 -0.00074443 -0.10721579 14.89516 
0.150 0.00432669 5 6460209.16 169007.71 515701.53 804138.12 764549.73 4206812.07 476545456.58 -0.00096148 -0.00425067 -0.00230735 -0.00174200 -0.00119352 -0.00205891 -0.00210033 -0.00206505 -0.00196838 -0.00181596 -0.00161801 -0.00138807 -0.00114233 -0.00089676 -0.00066583 -0.00046120 -0.00029141 -0.00016026 0.00000466 0.00004677 0.00000347 -0.00000537 0.00000170 -0.00000262 -0.00000456 -0.00013994 -0.00181242 -0.00092396 -0.13421207 18.61896 
0.180 0.00518753 5 -8434833.37 -483283.96 -1021862.45 -1018984.21 -845886.43 -5064816.33 -583911924.12 0.00136008 0.00518753 0.00253903 0.00202529 0.00154238 0.00329297 0.00337045 0.00332052 0.00317970 0.00295532 0.00265958 0.00230901 0.00192501 0.00153184 0.00115256 0.00080819 0.00051656 0.00028759 -0.00000435 -0.00008127 -0.00000987 0.00000343 -0.00000840 -0.00000200 0.00000027 0.00022952 0.00219576 0.00115125 0.16636983 22.34275 
0.210 0.00622270 5 -10365676.44 -561821.50 -1393440.21 -1304325.85 -1044218.96 -6061869.92 -710831037.92 0.00157426 0.00622270 0.00308168 0.00245740 0.00190855 0.00437788 0.00449818 0.00445664 0.00430270 0.00404403 0.00369312 0.00326705 0.00278824 0.00228407 0.00178329 0.00131255 0.00089591 0.00055170 0.00007009 -0.00011197 -0.00002414 0.00000278 -0.00000934 -0.00000199 0.00000073 0.00032637 0.00266768 0.00142392 0.20861739 26.06654 
0.240 0.00750403 5 -11709585.19 -558499.21 -1546826.31 -1412486.76 -1249477.98 -6942294.93 -811961955.49 0.00140841 0.00750403 0.00436639 0.00281217 0.00216577 0.00542407 0.00559671 0.00558237 0.00544022 0.00517581 0.00479956 0.00432649 0.00377762 0.00318022 0.00256589 0.00196787 0.00141811 0.00094246 0.00021160 -0.00013907 -0.00004554 0.00000021 -0.00000980 -0.00000201 0.00000090 0.00043565 0.00321259 0.00173741 0.26116432 29.79033 
0.270 0.00881310 5 -10513136.59 -511012.11 -768756.24 -800539.11 -1435186.81 -6997642.32 -773673429.58 -0.00027573 0.00881310 0.00776066 0.00285484 0.00188923 0.00537981 0.00557386 0.00560017 0.00551758 0.00532684 0.00503053 0.00463344 0.00414611 0.00358739 0.00298461 0.00237140 0.00178337 0.00125225 0.00036285 -0.00014111 -0.00006404 -0.00000374 -0.00000877 -0.00000173 0.00000076 0.00046997 0.00373882 0.00200233 0.32127419 33.51412 
0.300 0.01312883 5 9136745.08 204015.04 196156.98 69061.57 824180.75 7843330.74 746195993.93 0.00159484 -0.01241713 -0.01206360 -0.00305089 -0.00155382 -0.00443561 -0.00461914 -0.00468567 -0.00467983 -0.00460050 -0.00444639 -0.00421626 -0.00391004 -0.00353095 -0.00308902 -0.00260408 -0.00210358 -0.00161916 -0.00068079 0.00003485 0.00006995 0.00001321 0.00000793 -0.00000054 -0.00000307 -0.00045105 -0.00470155 -0.00244359 -0.39285334 37.23791 
0.330 0.01652959 4 -8400726.26 844047.22 421435.42 -942801.31 -1335667.76 -7387739.83 -768785415.74 -0.00472800 0.01633956 0.01643122 0.00655810 0.00172672 0.00362642 0.00381530 0.00390067 0.00393404 0.00391444 0.00384032 0.00370942 0.00351908 0.00326723 0.00295487 0.00258853 0.00218093 0.00175454 0.00081157 -0.00002690 -0.00009056 -0.00001872 -0.00000665 0.00000051 0.00000143 0.00040853 0.00644598 0.00323874 0.55140832 40.96170 
0.360 0.02007771 5 -6335967.52 500004.75 685896.85 417026.27 -554127.63 -7384767.76 -633254374.90 -0.00562870 0.02007771 0.01868008 0.00587887 0.00121415 0.00262612 0.00276298 0.00283777 0.00288652 0.00290803 0.00290024 0.00285992 0.00278243 0.00266265 0.00249750 0.00228783 0.00203721 0.00175181 0.00098791 0.00009832 -0.00008580 -0.00002882 -0.00000488 0.00000218 0.00000192 0.00034042 0.00677939 0.00335886 0.55495369 44.68549 
0.390 0.02362672 4 -5145281.78 382644.94 1850427.54 694483.06 -1630683.24 -6442154.07 -578578154.01 -0.01002578 0.02280820 0.02344962 0.00759045 0.00129240 0.00246529 0.00259859 0.00267619 0.00272961 0.00275824 0.00276073 0.00273449 0.00267497 0.00257631 0.00243468 0.00225162 0.00203277 0.00178381 0.00106972 0.00010640 -0.00012926 -0.00004247 -0.00000298 0.00000058 -0.00000166 0.00033033 0.00789129 0.00387473 0.68326897 48.40928 
0.420 0.02741262 5 -7621486.39 191102.73 188037.80 75923.50 -1123788.97 -6952761.45 -670581182.08 -0.01137864 0.02741262 0.02671129 0.00929616 0.00166433 0.00397053 0.00421264 0.00433701 0.00440205 0.00440838 0.00435685 0.00424829 0.00408262 0.00385868 0.00357672 0.00324226 0.00286589 0.00245896 0.00140824 0.00013107 -0.00016368 -0.00005239 -0.00000202 0.00000214 -0.00000088 0.00049860 0.00936074 0.00465296 0.81284857 52.13307 
0.450 0.02827897 5 -7781171.02 -323798.15 -122074.00 406617.56 -533464.47 -7208451.96 -643387316.99 -0.01360526 0.02827897 0.02745808 0.01317731 0.00154633 0.00339335 0.00376625 0.00399780 0.00416905 0.00427854 0.00432424 0.00430339 0.00421214 0.00404536 0.00379898 0.00347416 0.00307897 0.00263067 0.00146843 0.00014259 -0.00013919 -0.00004546 -0.00000307 0.00000363 0.00000181 0.00050288 0.01020403 0.00505055 0.90810911 55.85687 
