0.001 0.00011917 5 76108.93 -890.30 5320.30 7900.64 8151.86 55626.43 5965520.33 -0.00000014 -0.00005163 -0.00011888 -0.00003561 -0.00000121 0.00004211 0.00004642 0.00004325 0.00003885 0.00003370 0.00002804 0.00002229 0.00001684 0.00001193 0.00000759 0.00000377 0.00000048 -0.00000231 -0.00000439 0.00000068 0.00001011 -0.00000011 -0.00001040 -0.00000152 0.00000182 0.00000301 -0.00003730 -0.00001589 -0.00274282 0.04922 
0.030 0.00180224 5 2184777.34 -31646.54 109660.55 213017.01 232966.05 1660780.27 174630549.23 -0.00049615 -0.00173173 -0.00097153 -0.00066880 -0.00041964 -0.00045639 -0.00044518 -0.00042142 -0.00038286 -0.00033256 -0.00027503 -0.00021616 -0.00016064 -0.00011176 -0.00007144 -0.00004037 -0.00001821 -0.00000387 0.00000850 0.00000655 0.00000347 -0.00000327 -0.00000783 -0.00000312 -0.00000115 -0.00002338 -0.00071955 -0.00034973 -0.04833841 1.47661 
0.060 0.00331189 5 4006572.00 -90368.30 161372.82 409289.11 432053.66 3094224.71 324494127.39 -0.00096294 -0.00323704 -0.00173038 -0.00123098 -0.00078458 -0.00096943 -0.00096630 -0.00093287 -0.00087106 -0.00078425 -0.00067779 -0.00055924 -0.00043762 -0.00032273 -0.00022181 -0.00013885 -0.00007531 -0.00003027 0.00001689 0.00001768 0.00000015 -0.00000492 -0.00000417 -0.00000345 -0.00000311 -0.00005736 -0.00132936 -0.00065364 -0.08989122 2.95321 
0.090 0.00474153 5 -5644147.98 144398.38 -37636.20 -588096.75 -690281.60 -4472531.80 -467510744.13 0.00135549 0.00474153 0.00234657 0.00182361 0.00117143 0.00139827 0.00138957 0.00132376 0.00121440 0.00106840 0.00089626 0.00071200 0.00053059 0.00036589 0.00022868 0.00012239 0.00004556 -0.00000584 -0.00004690 -0.00002333 0.00000862 0.00000066 -0.00001183 -0.00000368 -0.00000070 0.00007446 0.00191322 0.00093643 0.12819968 4.42982 
0.120 0.00633320 5 -7114372.99 153421.02 72708.48 -620880.62 -843948.41 -5875673.46 -597969607.83 0.00189731 0.00633320 0.00313122 0.00235604 0.00148872 0.00176871 0.00176253 0.00168791 0.00156061 0.00138695 0.00117755 0.00094642 0.00071149 0.00049106 0.00030047 0.00015074 0.00004441 -0.00002442 -0.00007331 -0.00003349 0.00000971 0.00000178 -0.00001226 -0.00000383 -0.00000074 0.00009545 0.00252020 0.00123212 0.16664883 5.90642 
0.150 0.00787648 5 -8655903.76 -80951.89 94231.33 -532994.30 -950918.70 -7185270.21 -713788912.07 0.00240809 0.00787648 0.00388728 0.00278453 0.00176316 0.00243810 0.00245897 0.00238868 0.00225061 0.00205086 0.00179980 0.00151083 0.00120225 0.00089671 0.00061554 0.00037597 0.00018987 0.00005774 -0.00007286 -0.00005648 0.00000486 0.00000279 -0.00001255 -0.00000392 -0.00000070 0.00014878 0.00307986 0.00152280 0.20490301 7.38303 
0.180 0.00929934 5 -10034589.60 -507129.13 -520777.71 -123668.00 -905881.51 -7977133.25 -776990323.70 0.00229002 0.00929934 0.00527779 0.00283116 0.00192729 0.00344734 0.00350459 0.00344003 0.00328680 0.00305136 0.00274468 0.00238111 0.00198002 0.00156593 0.00116566 0.00080324 0.00049871 0.00026376 -0.00002493 -0.00008680 -0.00000774 0.00000281 -0.00001210 -0.00000384 -0.00000073 0.00023522 0.00355994 0.00179377 0.24747806 8.85964 
0.210 0.01028886 5 -10557232.19 -664432.15 -671288.25 -99554.91 -801689.52 -8320267.35 -802791625.72 0.00184449 0.01028886 0.00670750 0.00291575 0.00197985 0.00400567 0.00408656 0.00403126 0.00387888 0.00363560 0.00331191 0.00292133 0.00248234 0.00201895 0.00155890 0.00112971 0.00075556 0.00045188 0.00003936 -0.00010224 -0.00001877 0.00000184 -0.00001150 -0.00000363 -0.00000071 0.00029076 0.00393413 0.00199869 0.28441590 10.33624 
0.240 0.01079291 5 -10284801.21 -496698.40 -619013.88 -75490.54 -783371.99 -8310226.40 -797448456.82 0.00125535 0.01079291 0.00784559 0.00291660 0.00192217 0.00415190 0.00424851 0.00421208 0.00408329 0.00386590 0.00356714 0.00319631 0.00276783 0.00230253 0.00182648 0.00136860 0.00095630 0.00060974 0.00010813 -0.00010617 -0.00002755 0.00000037 -0.00001089 -0.00000326 -0.00000054 0.00031948 0.00412423 0.00210306 0.30735591 11.81285 
0.270 0.01277666 5 -7361775.04 381611.27 630128.89 93369.45 -837800.76 -7629083.89 -693652178.05 -0.00156090 0.01277666 0.01185181 0.00309530 0.00138819 0.00304539 0.00313661 0.00315234 0.00312478 0.00305318 0.00293638 0.00277292 0.00256160 0.00230250 0.00199964 0.00166482 0.00131758 0.00098228 0.00036081 -0.00006050 -0.00004441 -0.00000591 -0.00000773 -0.00000075 0.00000118 0.00029119 0.00462548 0.00232300 0.36617598 13.28945 
0.300 0.01918851 5 7352069.90 -257598.97 -671348.04 -605330.91 892329.34 7994018.48 700972595.62 0.00319774 -0.01814439 -0.01659288 -0.00302430 -0.00133001 -0.00316888 -0.00325810 -0.00328821 -0.00328172 -0.00323725 -0.00315282 -0.00302601 -0.00285429 -0.00263562 -0.00236981 -0.00206110 -0.00172044 -0.00136878 -0.00061526 0.00001796 0.00006114 0.00001235 0.00000691 -0.00000103 -0.00000336 -0.00033441 -0.00583830 -0.00291450 -0.45646049 14.76606 
0.330 0.02737366 5 5645456.04 -500133.31 -1548522.16 -1128824.27 720607.80 8102327.98 642969889.12 0.00653520 -0.02594046 -0.02316461 -0.00452978 -0.00113411 -0.00168416 -0.00169855 -0.00170615 -0.00170990 -0.00170827 -0.00169891 -0.00167885 -0.00164458 -0.00159219 -0.00151760 -0.00141693 -0.00128707 -0.00112751 -0.00065088 -0.00007563 0.00004529 0.00001740 0.00000683 -0.00000148 -0.00000344 -0.00020911 -0.00773775 -0.00373836 -0.59156142 16.24267 
0.360 0.03115298 5 4200985.93 -818565.50 -2061464.30 -1476067.07 513399.31 8043683.48 588408055.10 0.00838749 -0.02942131 -0.02638977 -0.00561195 -0.00103391 -0.00025979 -0.00019348 -0.00016505 -0.00015880 -0.00017313 -0.00020560 -0.00025309 -0.00031179 -0.00037734 -0.00044502 -0.00050927 -0.00056427 -0.00060274 -0.00052552 -0.00016247 0.00001593 0.00001920 0.00000686 -0.00000136 -0.00000307 -0.00006469 -0.00868157 -0.00410408 -0.65544616 17.71927 
