0.001 0.00010840 4 37024.18 -1992.29 -4503.18 2344.04 5725.77 35449.84 3452086.83 0.00000769 -0.00003027 -0.00010840 -0.00002688 0.00000646 0.00005146 0.00005538 0.00005141 0.00004601 0.00003976 0.00003296 0.00002610 0.00001964 0.00001386 0.00000882 0.00000446 0.00000078 -0.00000227 -0.00000454 0.00000067 0.00001032 0.00000004 -0.00001036 -0.00000143 0.00000190 0.00000347 -0.00002754 -0.00001107 -0.00206975 0.03501 
0.030 0.00111963 5 960237.85 -16866.76 -116254.09 -17543.61 113706.83 997195.48 89697880.67 -0.00028332 -0.00105077 -0.00062596 -0.00036705 -0.00018190 -0.00010954 -0.00010036 -0.00009365 -0.00008438 -0.00007294 -0.00006016 -0.00004716 -0.00003494 -0.00002427 -0.00001566 -0.00000934 -0.00000522 -0.00000301 -0.00000092 0.00000191 0.00000746 -0.00000143 -0.00000968 -0.00000211 0.00000088 -0.00000483 -0.00040612 -0.00019294 -0.02584032 1.05043 
0.060 0.00204596 5 1993883.54 -27495.03 -192326.58 65289.94 259356.73 1889058.49 179134712.52 -0.00051517 -0.00197508 -0.00111250 -0.00072068 -0.00039048 -0.00042801 -0.00042701 -0.00041798 -0.00039859 -0.00036818 -0.00032734 -0.00027769 -0.00022319 -0.00016933 -0.00012042 -0.00007914 -0.00004684 -0.00002348 0.00000323 0.00000929 0.00000614 -0.00000275 -0.00000854 -0.00000261 -0.00000015 -0.00002717 -0.00077512 -0.00037779 -0.05163913 2.10085 
0.090 0.00291154 5 3042095.00 -38192.79 -256196.06 193530.18 416999.28 2725954.40 267456851.33 -0.00072612 -0.00283817 -0.00157552 -0.00107424 -0.00060358 -0.00079629 -0.00080908 -0.00080201 -0.00077657 -0.00073169 -0.00066753 -0.00058554 -0.00048975 -0.00038751 -0.00028820 -0.00019938 -0.00012604 -0.00006993 0.00000027 0.00001990 0.00000636 -0.00000383 -0.00000709 -0.00000295 -0.00000116 -0.00005664 -0.00113362 -0.00056150 -0.07795581 3.15128 
0.120 0.00377277 5 4148908.45 -47753.42 -299019.45 355211.53 586859.14 3553610.64 358271124.16 -0.00092681 -0.00369746 -0.00204126 -0.00144476 -0.00083337 -0.00118526 -0.00121166 -0.00120555 -0.00117245 -0.00111141 -0.00102274 -0.00090826 -0.00077302 -0.00062526 -0.00047603 -0.00033784 -0.00022044 -0.00012814 -0.00000739 0.00003114 0.00000724 -0.00000467 -0.00000535 -0.00000317 -0.00000214 -0.00008822 -0.00150091 -0.00075046 -0.10544089 4.20170 
0.150 0.00467679 5 6688869.37 241417.66 639333.97 756393.32 656548.52 4395175.91 486491525.29 -0.00137749 -0.00460044 -0.00241382 -0.00178139 -0.00125763 -0.00208888 -0.00212226 -0.00207966 -0.00197562 -0.00181543 -0.00160869 -0.00136834 -0.00111054 -0.00085233 -0.00061050 -0.00039994 -0.00023221 -0.00010860 0.00003165 0.00004790 0.00000082 -0.00000675 0.00000048 -0.00000316 -0.00000473 -0.00013611 -0.00194771 -0.00098534 -0.13858665 5.25213 
0.180 0.00571223 5 -7634764.04 -167989.23 -380163.11 -713734.84 -860934.21 -5511942.64 -587177209.54 0.00145313 0.00571223 0.00281811 0.00214198 0.00146090 0.00260725 0.00265841 0.00261007 0.00249096 0.00230660 0.00206684 0.00178478 0.00147823 0.00116774 0.00087218 0.00060757 0.00038712 0.00021460 -0.00000492 -0.00006092 -0.00000450 0.00000124 -0.00001165 -0.00000380 -0.00000089 0.00017851 0.00230048 0.00117324 0.16532633 6.30255 
0.210 0.00679444 5 -9090460.93 -202037.44 -502740.98 -870873.05 -1019074.12 -6495735.35 -695562205.12 0.00177707 0.00679444 0.00335682 0.00254771 0.00175158 0.00331714 0.00339655 0.00335445 0.00322711 0.00301998 0.00274288 0.00240891 0.00203637 0.00164835 0.00126867 0.00091822 0.00061444 0.00036854 0.00003370 -0.00008158 -0.00001303 0.00000127 -0.00001179 -0.00000380 -0.00000085 0.00024060 0.00275185 0.00141781 0.20046884 7.35298 
0.240 0.00778129 5 -10492805.32 -222861.53 -804262.39 -1091696.69 -1177493.56 -7196491.15 -788381074.16 0.00208946 0.00778129 0.00401547 0.00287905 0.00203916 0.00402218 0.00411986 0.00407493 0.00393003 0.00369145 0.00337004 0.00298020 0.00254157 0.00207921 0.00162063 0.00119188 0.00081570 0.00050724 0.00007174 -0.00009833 -0.00002071 0.00000112 -0.00001190 -0.00000375 -0.00000078 0.00029855 0.00319903 0.00165823 0.23569447 8.40341 
0.270 0.00905912 5 -10857296.20 -386266.56 -953180.74 -790107.92 -1019879.44 -7707861.55 -810196744.23 0.00136743 0.00905912 0.00603447 0.00292334 0.00205579 0.00453950 0.00465474 0.00461870 0.00447743 0.00423550 0.00390171 0.00348828 0.00301298 0.00249982 0.00197767 0.00147731 0.00102741 0.00064931 0.00010525 -0.00011901 -0.00002983 0.00000098 -0.00001131 -0.00000371 -0.00000090 0.00034813 0.00366363 0.00190236 0.28105579 9.45383 
0.300 0.01026464 4 -8990713.47 -48248.64 38996.70 -532578.42 -1456120.21 -6992762.89 -734937490.15 -0.00121393 0.01013591 0.01006683 0.00296410 0.00166408 0.00406607 0.00417538 0.00416577 0.00407685 0.00390908 0.00366405 0.00334449 0.00295718 0.00251604 0.00204296 0.00156707 0.00112034 0.00073084 0.00014170 -0.00012089 -0.00003455 0.00000126 -0.00000892 -0.00000207 0.00000019 0.00033220 0.00414373 0.00211896 0.34374734 10.50426 
0.330 0.01150827 4 -8671924.11 -33912.21 210981.41 -285527.49 -1503127.25 -7060338.57 -725770028.18 -0.00199350 0.01123480 0.01128857 0.00285305 0.00156987 0.00399351 0.00410311 0.00409688 0.00401401 0.00385483 0.00362050 0.00331301 0.00293776 0.00250650 0.00203906 0.00156282 0.00110867 0.00070647 0.00009613 -0.00014691 -0.00003587 0.00000344 -0.00000874 -0.00000220 0.00000015 0.00032549 0.00433683 0.00220591 0.36066650 11.55468 
0.360 0.01254240 4 -8398428.16 -46632.88 74088.95 -241649.36 -1451308.90 -6732925.97 -695714810.77 -0.00282086 0.01201354 0.01229562 0.00265290 0.00143751 0.00406060 0.00417918 0.00417917 0.00410132 0.00394609 0.00371512 0.00341053 0.00303773 0.00260829 0.00214127 0.00166276 0.00120194 0.00078908 0.00014506 -0.00013749 -0.00003859 0.00000225 -0.00000836 -0.00000206 0.00000012 0.00033841 0.00442031 0.00225191 0.37274872 12.60511 
0.390 0.01289175 4 -8592994.89 -69885.93 -65805.20 -251758.92 -1408480.69 -6797064.15 -703070122.74 -0.00301081 0.01244277 0.01263016 0.00259993 0.00143492 0.00431516 0.00445087 0.00446053 0.00438827 0.00423476 0.00400181 0.00369141 0.00330882 0.00286558 0.00238061 0.00187956 0.00139072 0.00094484 0.00021793 -0.00013624 -0.00004544 0.00000053 -0.00000851 -0.00000200 0.00000022 0.00037035 0.00449452 0.00230366 0.38154283 13.65553 
0.420 0.01426113 5 4799403.51 -759953.12 -940396.69 -906256.42 270678.22 7135331.52 557327175.82 0.00226356 -0.01352773 -0.01339660 -0.00347545 -0.00119676 -0.00121697 -0.00120464 -0.00119081 -0.00117767 -0.00116379 -0.00114697 -0.00112447 -0.00109306 -0.00104920 -0.00098926 -0.00090992 -0.00080876 -0.00068602 -0.00035182 -0.00000845 0.00003107 0.00000642 0.00000282 -0.00000176 -0.00000301 -0.00013486 -0.00491912 -0.00237761 -0.37855446 14.70596 
0.450 0.01597114 5 3721263.51 -870206.56 -1473766.75 -1091892.71 142927.74 7014201.79 511312651.72 0.00293702 -0.01517367 -0.01475622 -0.00347063 -0.00104166 -0.00026093 -0.00018289 -0.00013411 -0.00010311 -0.00008846 -0.00008792 -0.00009871 -0.00011756 -0.00014072 -0.00016401 -0.00018282 -0.00019262 -0.00018860 -0.00010929 0.00000817 0.00001053 0.00000059 0.00000322 -0.00000101 -0.00000261 -0.00002030 -0.00519175 -0.00244456 -0.38588470 15.75638 
0.480 0.01857164 5 3499457.95 -671611.84 -1354951.95 -2905186.41 1120322.68 7310885.47 515116775.06 0.00470178 -0.01769226 -0.01744000 -0.00338758 -0.00105710 -0.00064209 -0.00057018 -0.00052478 -0.00048910 -0.00046196 -0.00044155 -0.00042562 -0.00041160 -0.00039668 -0.00037769 -0.00035119 -0.00031417 -0.00026486 -0.00011667 0.00001892 0.00001509 0.00000405 0.00000575 0.00000147 -0.00000121 -0.00005229 -0.00573887 -0.00271802 -0.43881537 16.80681 
0.510 0.02086513 5 2841562.94 -887883.23 -1564483.57 -3172824.66 877163.30 7589591.09 500830902.57 0.00502816 -0.01991184 -0.01874661 -0.00336162 -0.00094177 0.00017913 0.00030722 0.00038075 0.00042915 0.00045366 0.00045624 0.00043923 0.00040521 0.00035710 0.00029868 0.00023497 0.00017147 0.00011487 0.00004478 0.00001125 -0.00000473 0.00000053 0.00000675 0.00000183 -0.00000135 0.00004090 -0.00610452 -0.00283993 -0.44827107 17.85724 
0.540 0.02277582 5 2179105.39 -1047236.97 -1931642.12 -3346505.44 622340.09 7882149.83 487109384.59 0.00506425 -0.02175146 -0.01966266 -0.00333300 -0.00082869 0.00108590 0.00127694 0.00138361 0.00144907 0.00147457 0.00146217 0.00141421 0.00133313 0.00122163 0.00108386 0.00092643 0.00075786 0.00059017 0.00027052 0.00002015 -0.00002768 -0.00000531 0.00000787 0.00000247 -0.00000137 0.00014915 -0.00639086 -0.00291665 -0.44869946 18.90766 
0.570 0.02427911 5 1445239.34 -1225272.08 -2394895.03 -3469536.07 391583.62 8143358.89 472085942.79 0.00494840 -0.02318377 -0.02030761 -0.00331666 -0.00071169 0.00210382 0.00236418 0.00250773 0.00259236 0.00261945 0.00259119 0.00251001 0.00237806 0.00219765 0.00197319 0.00171328 0.00143055 0.00114414 0.00055099 0.00003929 -0.00005390 -0.00001268 0.00000906 0.00000329 -0.00000132 0.00027260 -0.00660401 -0.00295099 -0.44242947 19.95809 
