0.001 0.00010405 4 43317.30 922.89 4191.94 5321.97 4704.33 28176.17 3180982.36 0.00000876 -0.00002245 -0.00010405 -0.00002476 0.00000585 0.00004818 0.00005212 0.00004836 0.00004324 0.00003732 0.00003088 0.00002439 0.00001828 0.00001282 0.00000805 0.00000392 0.00000042 -0.00000249 -0.00000463 0.00000053 0.00000999 -0.00000021 -0.00001046 -0.00000158 0.00000177 0.00000324 -0.00002557 -0.00001026 -0.00198549 0.06211 
0.030 0.00089575 5 1319402.20 76911.15 141069.06 160055.32 133198.87 808167.79 92233448.16 -0.00021795 -0.00082713 -0.00051733 -0.00034902 -0.00022926 -0.00030118 -0.00029445 -0.00027942 -0.00025417 -0.00022134 -0.00018386 -0.00014520 -0.00010847 -0.00007596 -0.00004907 -0.00002836 -0.00001365 -0.00000425 0.00000424 0.00000476 0.00000528 -0.00000256 -0.00000877 -0.00000288 -0.00000048 -0.00001547 -0.00037024 -0.00018178 -0.02618638 1.86324 
0.060 0.00172955 5 2474313.82 110429.22 226084.95 280850.02 249059.25 1607890.38 178624176.93 -0.00046738 -0.00165916 -0.00093764 -0.00066354 -0.00044640 -0.00062509 -0.00062075 -0.00059438 -0.00054593 -0.00047932 -0.00040061 -0.00031766 -0.00023812 -0.00016732 -0.00010829 -0.00006220 -0.00002878 -0.00000662 0.00001330 0.00000990 0.00000206 -0.00000378 -0.00000644 -0.00000327 -0.00000201 -0.00003380 -0.00071302 -0.00035220 -0.04971184 3.72649 
0.090 0.00254874 5 -4802356.92 -394464.53 -772718.62 -620028.63 -465329.63 -2549815.52 -310650242.30 0.00060235 0.00254874 0.00122388 0.00104752 0.00086178 0.00182910 0.00186103 0.00181479 0.00171375 0.00156449 0.00137632 0.00116182 0.00093553 0.00071280 0.00050816 0.00033262 0.00019235 0.00008785 -0.00003044 -0.00004052 0.00000273 0.00000087 -0.00001183 -0.00000353 -0.00000021 0.00011670 0.00111567 0.00058499 0.08617931 5.58973 
0.120 0.00338910 5 -6417546.87 -515275.36 -1036613.83 -841257.70 -625032.84 -3399367.13 -415440501.80 0.00078905 0.00338910 0.00165550 0.00139656 0.00114748 0.00255508 0.00260867 0.00255795 0.00243354 0.00224325 0.00199857 0.00171520 0.00141093 0.00110434 0.00081346 0.00055496 0.00034176 0.00017810 -0.00002117 -0.00006053 -0.00000265 0.00000144 -0.00001204 -0.00000377 -0.00000049 0.00017141 0.00149151 0.00079024 0.11716994 7.45298 
0.150 0.00423591 5 -8002375.68 -622308.70 -1300480.66 -1054681.70 -779328.20 -4245576.42 -519118877.05 0.00097957 0.00423591 0.00208476 0.00173904 0.00143131 0.00333295 0.00341334 0.00336269 0.00321957 0.00299250 0.00269471 0.00234437 0.00196272 0.00157194 0.00119359 0.00084785 0.00055241 0.00031753 0.00000983 -0.00008161 -0.00001062 0.00000158 -0.00001216 -0.00000390 -0.00000066 0.00023470 0.00186670 0.00099974 0.14890532 9.31622 
0.180 0.00510399 5 -9606197.75 -748094.69 -1548612.83 -1274585.12 -938011.68 -5096893.43 -623441580.27 0.00118373 0.00510399 0.00252535 0.00208942 0.00171842 0.00419046 0.00430393 0.00425768 0.00409951 0.00383840 0.00348879 0.00307073 0.00260840 0.00212792 0.00165469 0.00121270 0.00082403 0.00050525 0.00006144 -0.00010418 -0.00002118 0.00000131 -0.00001222 -0.00000395 -0.00000076 0.00030839 0.00225225 0.00121963 0.18234458 11.17946 
0.210 0.00601275 5 -11104842.78 -800221.52 -1786782.93 -1475609.40 -1086586.69 -5955642.25 -726253898.64 0.00141625 0.00601275 0.00298933 0.00244714 0.00200692 0.00504874 0.00519774 0.00516084 0.00499476 0.00470834 0.00431639 0.00383954 0.00330377 0.00273837 0.00217272 0.00163481 0.00115081 0.00074173 0.00013919 -0.00012507 -0.00003422 0.00000037 -0.00001217 -0.00000392 -0.00000081 0.00038740 0.00265198 0.00144898 0.21698772 13.04271 
0.240 0.00702312 5 -12558583.51 -818686.47 -2016189.15 -1729380.40 -1181356.43 -6812971.06 -827551772.17 0.00169145 0.00702312 0.00357360 0.00281628 0.00230035 0.00593464 0.00612090 0.00609656 0.00592753 0.00562227 0.00519533 0.00466721 0.00406455 0.00341879 0.00276272 0.00212813 0.00154545 0.00104020 0.00025294 -0.00014217 -0.00005034 -0.00000155 -0.00001200 -0.00000377 -0.00000083 0.00047422 0.00309566 0.00170309 0.25515121 14.90595 
0.270 0.00818995 5 -12854679.12 -542736.53 -2121597.72 -1644495.14 -1163703.21 -7382146.52 -873726966.99 0.00125565 0.00818995 0.00514531 0.00296688 0.00239567 0.00652707 0.00674892 0.00675672 0.00662145 0.00634742 0.00594388 0.00542508 0.00481227 0.00413406 0.00342384 0.00271683 0.00204800 0.00144786 0.00043989 -0.00014698 -0.00007222 -0.00000578 -0.00001118 -0.00000340 -0.00000095 0.00055635 0.00354626 0.00195795 0.30030664 16.76919 
0.300 0.00985240 5 8815195.34 136690.17 136986.94 261659.91 931268.39 7348589.93 719374016.29 0.00025932 -0.00930006 -0.00898828 -0.00287213 -0.00154385 -0.00395880 -0.00412007 -0.00417417 -0.00416041 -0.00407770 -0.00392491 -0.00370092 -0.00340598 -0.00304382 -0.00262509 -0.00216980 -0.00170537 -0.00126362 -0.00045390 0.00008606 0.00005835 0.00000557 0.00000766 -0.00000055 -0.00000359 -0.00038521 -0.00390402 -0.00203474 -0.32332304 18.63244 
0.330 0.01357638 5 8460123.53 167957.88 250021.12 -148759.89 416349.90 7774554.52 701175533.79 0.00115125 -0.01276943 -0.01206375 -0.00262234 -0.00140371 -0.00396058 -0.00411625 -0.00417365 -0.00417011 -0.00410440 -0.00397499 -0.00378029 -0.00351944 -0.00319346 -0.00280760 -0.00237501 -0.00191691 -0.00146340 -0.00057496 0.00007300 0.00006841 0.00000863 0.00000725 -0.00000118 -0.00000391 -0.00040186 -0.00462729 -0.00238264 -0.37318306 20.49568 
0.360 0.01762220 5 -7635656.06 764561.75 307360.02 51494.44 -1004875.35 -7754196.93 -727909211.57 -0.00339582 0.01762220 0.01583662 0.00393045 0.00142721 0.00351655 0.00364975 0.00370319 0.00371579 0.00368658 0.00361399 0.00349579 0.00332934 0.00311214 0.00284332 0.00252521 0.00216415 0.00177613 0.00087589 0.00001888 -0.00008517 -0.00002186 -0.00000684 0.00000040 0.00000090 0.00039589 0.00586855 0.00296134 0.47220079 22.35893 
0.390 0.02013801 5 -6523017.99 574576.04 864404.51 528410.23 -675765.32 -7814643.45 -667567260.41 -0.00435308 0.02013801 0.01760195 0.00411003 0.00114601 0.00265833 0.00275557 0.00279763 0.00281485 0.00280620 0.00276992 0.00270358 0.00260428 0.00246869 0.00229380 0.00207781 0.00182197 0.00153307 0.00079993 0.00004311 -0.00006855 -0.00001985 -0.00000663 0.00000045 0.00000092 0.00031528 0.00627214 0.00310772 0.49120505 24.22217 
0.420 0.02160847 5 -5847291.65 623109.80 1159063.72 782542.42 -549703.54 -7862304.05 -640087395.10 -0.00465604 0.02160847 0.01840820 0.00392515 0.00099211 0.00214207 0.00220790 0.00223753 0.00225497 0.00225915 0.00224820 0.00221944 0.00216952 0.00209470 0.00199051 0.00185378 0.00168213 0.00147771 0.00087897 0.00012791 -0.00005476 -0.00002411 -0.00000654 0.00000101 0.00000111 0.00027591 0.00642644 0.00315913 0.49274954 26.08541 
