0.001 0.00012980 5 -16311.70 -20032.42 -28991.70 -23981.88 -3672.18 60366.47 2756138.75 -0.00001200 -0.00006227 -0.00011952 -0.00002440 0.00001372 0.00007725 0.00008116 0.00007581 0.00006812 0.00005893 0.00004881 0.00003854 0.00002885 0.00002023 0.00001283 0.00000664 0.00000164 -0.00000228 -0.00000528 0.00000021 0.00001026 0.00000003 -0.00001040 -0.00000147 0.00000188 0.00000480 -0.00003170 -0.00001231 -0.00183083 0.09634 
0.030 0.00222272 5 555777.89 -159012.32 -679469.89 -483316.22 -29270.52 1906846.83 115827390.47 -0.00087743 -0.00215134 -0.00107365 -0.00048131 -0.00011658 0.00035847 0.00037799 0.00037301 0.00035389 0.00032255 0.00028233 0.00023752 0.00019091 0.00014479 0.00010236 0.00006596 0.00003681 0.00001492 -0.00000925 -0.00000906 0.00000265 -0.00000202 -0.00000837 -0.00000311 -0.00000084 0.00002375 -0.00066749 -0.00030029 -0.03106674 2.89030 
0.060 0.00417940 5 841819.38 1071291.73 1513312.37 1443540.71 367403.27 -3553728.70 -155896184.16 0.00191552 0.00417940 0.00169953 0.00065085 0.00005371 -0.00151982 -0.00157099 -0.00154790 -0.00146445 -0.00132819 -0.00115105 -0.00094904 -0.00073972 -0.00054018 -0.00036503 -0.00022280 -0.00011546 -0.00004056 0.00003520 0.00003508 0.00001218 -0.00000368 -0.00001081 -0.00000284 -0.00000008 -0.00009409 0.00110388 0.00046749 0.03538774 5.78060 
0.090 0.00635127 5 1152202.94 1568227.28 2701850.53 1833095.96 322145.03 -5273115.86 -249567952.84 0.00296505 0.00635127 0.00271725 0.00121869 0.00012378 -0.00269002 -0.00280553 -0.00279799 -0.00269724 -0.00251040 -0.00224993 -0.00193265 -0.00158067 -0.00122031 -0.00087761 -0.00057518 -0.00033078 -0.00015100 0.00005115 0.00007708 0.00002159 -0.00000544 -0.00001186 -0.00000301 -0.00000029 -0.00018567 0.00177398 0.00073297 0.05752086 8.67090 
0.120 0.00831237 5 851413.74 1938544.36 3706338.77 1843844.20 95978.80 -6733292.39 -359687175.65 0.00394243 0.00831237 0.00372100 0.00193688 0.00033336 -0.00372685 -0.00392053 -0.00395332 -0.00387157 -0.00368059 -0.00339063 -0.00301564 -0.00257517 -0.00209493 -0.00160535 -0.00113889 -0.00072648 -0.00039216 0.00003494 0.00013788 0.00003726 -0.00000760 -0.00001206 -0.00000289 -0.00000049 -0.00028669 0.00249720 0.00101833 0.08597413 11.56120 
0.150 0.00994496 5 43715.51 2434955.28 4046757.01 1609749.44 -133782.30 -7913963.92 -479096776.50 0.00469924 0.00994496 0.00455693 0.00262511 0.00068161 -0.00430807 -0.00457148 -0.00465306 -0.00460902 -0.00444365 -0.00416574 -0.00378645 -0.00332251 -0.00279726 -0.00223974 -0.00168331 -0.00116173 -0.00070615 -0.00003017 0.00020643 0.00005972 -0.00000914 -0.00001251 -0.00000286 -0.00000061 -0.00036126 0.00317501 0.00129646 0.11811594 14.45149 
0.180 0.01136456 5 -938881.12 2835514.61 3972772.65 1401231.27 -227813.25 -8920586.40 -585343477.71 0.00524994 0.01136456 0.00521560 0.00316147 0.00104531 -0.00450408 -0.00481657 -0.00494075 -0.00493761 -0.00480985 -0.00456442 -0.00420965 -0.00375938 -0.00323460 -0.00266263 -0.00207565 -0.00150685 -0.00098958 -0.00014197 0.00023965 0.00008030 -0.00000819 -0.00001343 -0.00000307 -0.00000062 -0.00040593 0.00374718 0.00154095 0.14779320 17.34179 
0.210 0.01260025 5 -2137358.95 2888369.04 3692594.88 1245371.33 -195814.94 -9767879.26 -672977822.99 0.00564306 0.01260025 0.00570457 0.00352115 0.00137555 -0.00426000 -0.00459469 -0.00475179 -0.00479141 -0.00471494 -0.00452634 -0.00423015 -0.00383498 -0.00335710 -0.00282027 -0.00225393 -0.00168907 -0.00115874 -0.00022320 0.00025889 0.00009386 -0.00000770 -0.00001367 -0.00000312 -0.00000065 -0.00040993 0.00420324 0.00175262 0.17440723 20.23209 
0.240 0.01326847 5 -3319136.10 2798988.17 3103418.70 1112375.25 -64342.88 -10269575.34 -732207631.57 0.00575876 0.01326847 0.00583659 0.00364627 0.00175421 -0.00365250 -0.00399820 -0.00418694 -0.00427570 -0.00426524 -0.00415767 -0.00395611 -0.00366504 -0.00329188 -0.00285119 -0.00236477 -0.00185622 -0.00135462 -0.00037924 0.00022092 0.00009382 -0.00000575 -0.00001362 -0.00000325 -0.00000067 -0.00039316 0.00446662 0.00188499 0.19342056 23.12239 
0.270 0.01377635 5 -3801601.18 2749321.14 2733633.35 1019702.09 -54902.99 -10249354.76 -746152792.52 0.00545093 0.01377635 0.00659670 0.00362403 0.00208581 -0.00327692 -0.00364935 -0.00386909 -0.00399623 -0.00403146 -0.00397676 -0.00383510 -0.00361067 -0.00330912 -0.00293911 -0.00251506 -0.00205272 -0.00157540 -0.00054971 0.00019948 0.00010391 -0.00000497 -0.00001448 -0.00000333 -0.00000045 -0.00039184 0.00473752 0.00201268 0.21755534 26.01269 
0.300 0.01470225 5 -3710476.09 2511453.52 2938824.45 953968.94 183305.31 -10298028.31 -730867236.67 0.00431668 0.01470225 0.00784117 0.00342169 0.00239565 -0.00286158 -0.00326790 -0.00351994 -0.00368485 -0.00376335 -0.00375742 -0.00367005 -0.00350541 -0.00326907 -0.00296807 -0.00261063 -0.00220554 -0.00176751 -0.00072084 0.00017252 0.00010394 -0.00001105 -0.00001451 -0.00000251 -0.00000008 -0.00038644 0.00499220 0.00213494 0.24673229 28.90299 
0.330 0.01474553 5 -4203533.41 2302163.80 2556249.22 1110503.77 239685.52 -10412135.72 -740559262.71 0.00346793 0.01474553 0.00778970 0.00290780 0.00310113 -0.00136891 -0.00176405 -0.00202507 -0.00221592 -0.00233725 -0.00239090 -0.00237968 -0.00230751 -0.00217980 -0.00200347 -0.00178596 -0.00153349 -0.00125121 -0.00049497 0.00018590 0.00004341 -0.00004225 -0.00001162 0.00000084 0.00000038 -0.00024637 0.00500887 0.00221717 0.27233081 31.79329 
0.360 0.01516597 5 -9640132.29 -6908959.26 -6240308.93 -5268541.62 -272488.63 9050166.15 279786912.45 -0.00263018 -0.01453741 -0.01093494 -0.00403688 -0.00037899 0.01420319 0.01523586 0.01572643 0.01590091 0.01576972 0.01535028 0.01466670 0.01374997 0.01263760 0.01137206 0.01000005 0.00857088 0.00713519 0.00387545 0.00034386 -0.00050709 -0.00017727 0.00002210 0.00001789 -0.00000116 0.00165412 -0.00469659 -0.00132295 -0.10738386 34.68359 
0.390 0.01511748 5 -10992596.39 -7491121.19 -6217036.82 -5561723.29 -316804.61 8594089.53 221486285.57 -0.00159706 -0.01447204 -0.01173629 -0.00415888 -0.00048458 0.01540165 0.01653981 0.01709253 0.01731105 0.01720574 0.01679409 0.01610039 0.01515602 0.01399901 0.01267229 0.01122314 0.00970138 0.00815888 0.00457149 0.00047214 -0.00062659 -0.00024047 0.00002760 0.00002451 -0.00000022 0.00183328 -0.00476815 -0.00126132 -0.10696013 37.57388 
0.420 0.01425821 5 -11742117.50 -8276153.69 -5507507.85 -5699222.41 -205438.40 7946204.85 186774607.60 -0.00041331 -0.01362478 -0.01200926 -0.00423587 -0.00073079 0.01569180 0.01686550 0.01743758 0.01767064 0.01757487 0.01716766 0.01647325 0.01552308 0.01435525 0.01301269 0.01154260 0.00999527 0.00842393 0.00474844 0.00049388 -0.00066437 -0.00025731 0.00002910 0.00002659 0.00000042 0.00187871 -0.00469418 -0.00120251 -0.11553941 40.46418 
0.450 0.01257277 5 -11955278.57 -8969889.28 -4783162.97 -5468804.91 68779.97 7197798.62 175072483.86 0.00050688 -0.01197277 -0.01167491 -0.00445785 -0.00106979 0.01551523 0.01670216 0.01728210 0.01752292 0.01743469 0.01703473 0.01634721 0.01540352 0.01424181 0.01290525 0.01144132 0.00990036 0.00833525 0.00467491 0.00043058 -0.00070176 -0.00026426 0.00003057 0.00002753 0.00000063 0.00185728 -0.00453050 -0.00113716 -0.12629757 43.35448 
0.480 0.01472896 3 -11211825.70 -452165.03 -540962.81 -2409310.39 -1654475.17 -6154912.31 -794426333.74 -0.01535477 0.00039642 0.00836821 0.01472896 0.01344910 0.01549905 0.01555559 0.01544463 0.01520616 0.01484024 0.01434709 0.01372650 0.01297787 0.01210058 0.01109694 0.00997711 0.00876333 0.00749579 0.00441862 0.00056516 -0.00066747 -0.00028133 0.00001752 0.00002577 0.00000250 0.00162993 0.00800563 0.00461871 1.07043686 46.24478 
0.510 0.01998246 3 -11668382.19 -754673.00 -872958.05 -2643024.58 -1730231.43 -5667495.13 -780841928.91 -0.02049732 0.00066843 0.01110656 0.01998246 0.01568620 0.01594312 0.01593021 0.01574353 0.01541257 0.01493847 0.01432351 0.01356995 0.01268161 0.01166668 0.01054342 0.00933387 0.00806953 0.00679238 0.00383360 0.00031112 -0.00067761 -0.00025188 0.00001656 0.00002296 0.00000215 0.00157340 0.00994881 0.00549959 1.29745783 49.13508 
0.540 0.02394965 3 -11409001.41 -652185.72 -1009943.78 -2565059.27 -1820538.73 -5361273.92 -760792451.64 -0.02536681 0.00438368 0.01583776 0.02394301 0.01715749 0.01577288 0.01562523 0.01532906 0.01489297 0.01431861 0.01360921 0.01276871 0.01180400 0.01072745 0.00955887 0.00832984 0.00708165 0.00585475 0.00312781 0.00003047 -0.00068170 -0.00021617 0.00001570 0.00001944 0.00000149 0.00144768 0.01207068 0.00642749 1.50290905 52.02538 
0.570 0.02822599 3 -12383833.46 -326425.83 -2224841.09 -2898368.21 -1578740.88 -5355457.44 -797452175.31 -0.02968581 0.00518083 0.01768346 0.02822599 0.02023790 0.01672320 0.01639567 0.01593478 0.01532204 0.01456279 0.01366638 0.01264461 0.01151333 0.01029347 0.00901303 0.00770948 0.00642576 0.00520249 0.00260403 -0.00020179 -0.00070420 -0.00019040 0.00001577 0.00001729 0.00000129 0.00140657 0.01402327 0.00732098 1.71888231 54.91568 
