0.001 0.00011523 4 38211.94 -5800.95 -9793.34 -676.72 5697.18 48785.77 4272569.99 0.00000140 -0.00004523 -0.00011523 -0.00003027 0.00000559 0.00005481 0.00005894 0.00005499 0.00004940 0.00004279 0.00003551 0.00002812 0.00002114 0.00001489 0.00000945 0.00000478 0.00000087 -0.00000233 -0.00000474 0.00000049 0.00001013 -0.00000008 -0.00001042 -0.00000151 0.00000183 0.00000365 -0.00003209 -0.00001310 -0.00227179 0.12843 
0.030 0.00196238 5 1666471.58 393662.91 1730977.13 1097193.09 115933.13 -1671294.68 -24093469.45 0.00068813 0.00196238 0.00083527 0.00024927 -0.00023342 -0.00129727 -0.00132077 -0.00128872 -0.00121196 -0.00109645 -0.00095084 -0.00078680 -0.00061748 -0.00045639 -0.00031415 -0.00019700 -0.00010718 -0.00004342 0.00002419 0.00002938 0.00001300 -0.00000287 -0.00001133 -0.00000239 0.00000094 -0.00007870 0.00039228 0.00014209 0.00395100 3.85298 
0.060 0.00384953 5 -1912775.01 494805.46 695737.39 487058.31 -132566.31 -3457809.86 -260047246.79 0.00143531 0.00384953 0.00173237 0.00102097 0.00049754 0.00003749 0.00003200 0.00003286 0.00004320 0.00006139 0.00008247 0.00010066 0.00010917 0.00010537 0.00009143 0.00007317 0.00005391 0.00003577 0.00000739 -0.00000322 0.00000687 -0.00000161 -0.00001157 -0.00000328 -0.00000019 0.00000863 0.00128248 0.00060578 0.07032367 7.70596 
0.090 0.00584980 5 -2612343.87 775339.21 1074292.33 808698.72 -114451.66 -5156222.47 -376274128.27 0.00227588 0.00584980 0.00263740 0.00151013 0.00071692 -0.00025585 -0.00029164 -0.00030577 -0.00029929 -0.00027325 -0.00022958 -0.00017079 -0.00010119 -0.00003084 0.00002681 0.00006284 0.00007685 0.00007551 0.00004705 0.00000971 0.00000577 -0.00000306 -0.00001161 -0.00000342 -0.00000066 -0.00001161 0.00193332 0.00090013 0.10186354 11.55894 
0.120 0.00764070 5 -3517378.13 749992.00 1259202.40 1184891.24 -34664.22 -6676799.55 -476337850.10 0.00298993 0.00764070 0.00341534 0.00187453 0.00091216 -0.00020843 -0.00025099 -0.00027177 -0.00027053 -0.00024838 -0.00020735 -0.00015012 -0.00008008 -0.00000144 0.00007859 0.00014519 0.00018434 0.00019136 0.00012900 0.00002739 0.00000190 -0.00000538 -0.00001179 -0.00000337 -0.00000085 -0.00000238 0.00249216 0.00116700 0.13120338 15.41192 
0.150 0.00907989 5 -4636972.99 368836.83 1328773.88 1533184.76 9608.59 -7877377.04 -556943902.66 0.00349552 0.00907989 0.00402998 0.00210493 0.00105047 0.00034447 0.00033695 0.00033209 0.00033951 0.00035797 0.00038539 0.00041894 0.00045513 0.00048985 0.00051862 0.00053681 0.00053916 0.00051745 0.00034772 0.00006072 -0.00001655 -0.00001205 -0.00001100 -0.00000275 -0.00000097 0.00006575 0.00291914 0.00140335 0.15988587 19.26489 
0.180 0.01005345 5 -5452551.06 194.03 1363344.77 1798937.73 -71267.59 -8543760.00 -605796446.18 0.00350331 0.01005345 0.00477280 0.00217650 0.00110610 0.00117746 0.00123104 0.00126359 0.00129761 0.00133174 0.00136379 0.00139083 0.00140919 0.00141443 0.00140182 0.00136685 0.00130554 0.00121455 0.00083701 0.00016976 -0.00006016 -0.00003141 -0.00000849 -0.00000083 -0.00000107 0.00019111 0.00320976 0.00160618 0.19157909 23.11787 
0.210 0.01076774 5 4166485.27 -734665.82 8126588.90 4565568.43 75754.76 -7866761.00 -183700004.95 0.00441647 0.01076774 0.00578455 0.00198875 -0.00055008 -0.00684811 -0.00723173 -0.00737163 -0.00735910 -0.00719402 -0.00687850 -0.00641840 -0.00582711 -0.00512820 -0.00435480 -0.00354729 -0.00274859 -0.00199922 -0.00061723 0.00030604 0.00017718 0.00000649 -0.00001361 -0.00000559 -0.00000255 -0.00064656 0.00286955 0.00100171 0.05692137 26.97085 
0.240 0.01146301 5 2468319.33 -1720161.77 7549614.12 4540086.24 474972.53 -8376191.79 -219911826.05 0.00459016 0.01146301 0.00608368 0.00188507 -0.00025999 -0.00556639 -0.00590028 -0.00604233 -0.00606692 -0.00597365 -0.00576258 -0.00543459 -0.00499332 -0.00444928 -0.00382416 -0.00315066 -0.00246647 -0.00180829 -0.00053215 0.00034494 0.00017471 -0.00000116 -0.00001106 -0.00000468 -0.00000301 -0.00054327 0.00310589 0.00116737 0.08152578 30.82383 
0.270 0.01169710 5 736705.11 -1578597.66 5631081.32 4448623.67 964178.73 -8728580.95 -279012739.36 0.00442016 0.01169710 0.00607419 0.00183251 0.00033596 -0.00402637 -0.00432737 -0.00448338 -0.00455031 -0.00452733 -0.00441371 -0.00420880 -0.00391301 -0.00353035 -0.00307322 -0.00256454 -0.00203142 -0.00150148 -0.00040641 0.00036031 0.00014263 -0.00001974 -0.00000791 -0.00000269 -0.00000320 -0.00041590 0.00331020 0.00133081 0.11347085 34.67681 
0.300 0.01120707 5 -1525998.72 -1136772.46 2883120.66 4171836.65 1384818.44 -8829002.00 -356084470.88 0.00397458 0.01120707 0.00541503 0.00142466 0.00149212 -0.00151280 -0.00178785 -0.00197472 -0.00210955 -0.00219106 -0.00221779 -0.00218800 -0.00210051 -0.00195730 -0.00176706 -0.00154120 -0.00128391 -0.00099701 -0.00025769 0.00034194 0.00010240 -0.00004366 -0.00000518 -0.00000006 -0.00000301 -0.00020919 0.00339392 0.00147986 0.15161488 38.52979 
0.330 0.01087049 5 4865012.45 -3211041.52 1225200.78 -1486406.10 -365222.60 8702481.90 679038672.48 -0.00441346 -0.01067583 -0.00531278 -0.00301372 0.00047205 0.00290460 0.00300955 0.00305695 0.00307354 0.00305946 0.00301556 0.00294314 0.00284318 0.00271170 0.00253420 0.00229630 0.00200679 0.00170339 0.00111431 0.00043700 -0.00003321 -0.00008581 0.00001276 0.00000643 -0.00000512 0.00036862 -0.00311057 -0.00126234 -0.10900171 42.38277 
0.360 0.01043613 5 5236780.01 -3453904.33 1846988.62 -820905.79 -382937.14 8047538.65 675098356.19 -0.00450592 -0.01018882 -0.00561727 -0.00329707 0.00153300 0.00344591 0.00347103 0.00346453 0.00343651 0.00338710 0.00331705 0.00322750 0.00311826 0.00297981 0.00278425 0.00250240 0.00214270 0.00175669 0.00103262 0.00036948 -0.00003571 -0.00009176 0.00001271 0.00000680 -0.00000529 0.00039485 -0.00286084 -0.00113134 -0.08638711 46.23575 
0.390 0.01135116 2 -5172222.25 9508718.84 -6523848.83 167551.66 -743344.24 -7581299.68 -883673057.22 -0.00294822 0.00462141 0.00101701 0.00037658 0.01134533 0.01028972 0.00959967 0.00900610 0.00844335 0.00791347 0.00741752 0.00695555 0.00652366 0.00610196 0.00564237 0.00509546 0.00446148 0.00379568 0.00242643 0.00082851 -0.00018030 -0.00021769 0.00000725 0.00001718 -0.00000057 0.00089828 0.00416457 0.00242944 0.46862499 50.08873 
0.420 0.01302406 2 -4197035.75 10392655.47 -7062813.89 662155.76 -693484.98 -7495548.11 -861684784.06 -0.00421162 0.00415798 0.00100136 -0.00012243 0.01300289 0.01110998 0.01022799 0.00949330 0.00880663 0.00817042 0.00758613 0.00705397 0.00656864 0.00610335 0.00559587 0.00498498 0.00426135 0.00348916 0.00197499 0.00056459 -0.00017144 -0.00020165 0.00000531 0.00001537 -0.00000072 0.00088476 0.00438811 0.00252705 0.50561162 53.94171 
0.450 0.01447677 2 -3255740.84 11183725.82 -7618492.16 1208667.62 -746745.45 -7282896.66 -834049913.78 -0.00556446 0.00377206 0.00129350 -0.00067030 0.01444354 0.01189938 0.01084019 0.00997530 0.00917434 0.00844018 0.00777471 0.00717833 0.00664395 0.00613741 0.00558389 0.00490955 0.00409216 0.00321385 0.00155488 0.00029404 -0.00016640 -0.00017847 0.00000323 0.00001288 -0.00000099 0.00087457 0.00458897 0.00261580 0.54128402 57.79468 
0.480 0.01576106 2 -2373439.13 11853959.21 -8106150.64 1705884.14 -737939.07 -7089192.77 -804323394.54 -0.00704213 0.00351129 0.00178828 -0.00102080 0.01571002 0.01265589 0.01143953 0.01045932 0.00955798 0.00873863 0.00800350 0.00735286 0.00677707 0.00623395 0.00563663 0.00489509 0.00398176 0.00300465 0.00119757 0.00003965 -0.00016351 -0.00015117 0.00000164 0.00001000 -0.00000140 0.00087233 0.00481846 0.00272218 0.58078619 61.64766 
0.510 0.01703249 2 -1611916.98 12502898.77 -8447057.08 2228807.06 -720346.15 -7176219.59 -792365637.38 -0.00819901 0.00335784 0.00176117 -0.00117932 0.01696648 0.01326828 0.01190093 0.01081172 0.00981791 0.00892247 0.00812783 0.00743374 0.00682735 0.00625834 0.00562749 0.00482641 0.00383381 0.00277997 0.00085186 -0.00021418 -0.00016482 -0.00012421 -0.00000003 0.00000717 -0.00000177 0.00086038 0.00503034 0.00281516 0.61321595 65.50064 
0.540 0.01786947 2 -840182.00 13000375.06 -8911308.28 2739223.76 -659360.83 -7009111.71 -760077904.48 -0.00956520 0.00362501 0.00249148 -0.00148958 0.01779512 0.01407617 0.01259036 0.01141571 0.01034973 0.00939492 0.00855371 0.00782512 0.00719299 0.00659838 0.00592775 0.00505505 0.00397189 0.00282097 0.00069115 -0.00042386 -0.00018086 -0.00010605 -0.00000028 0.00000539 -0.00000216 0.00088990 0.00523933 0.00292881 0.64874365 69.35362 
0.570 0.01844697 2 215587.56 13502180.67 -9294140.30 3250252.50 -820995.79 -6421709.53 -704882644.58 -0.01081076 0.00282820 0.00257901 -0.00188316 0.01835919 0.01432459 0.01271918 0.01146102 0.01032632 0.00931711 0.00843547 0.00768000 0.00703288 0.00643028 0.00574901 0.00485189 0.00373507 0.00254089 0.00034877 -0.00066407 -0.00019048 -0.00008029 -0.00000076 0.00000283 -0.00000268 0.00085395 0.00512178 0.00285461 0.65494803 73.20660 
0.600 0.01894081 2 1033248.18 13887502.62 -9761021.85 3633295.42 -982525.11 -5744002.90 -651427005.64 -0.01195193 0.00219473 0.00292897 -0.00241906 0.01884859 0.01498545 0.01328105 0.01195177 0.01075704 0.00969812 0.00877694 0.00799170 0.00732262 0.00670020 0.00598979 0.00504336 0.00385900 0.00256865 0.00018443 -0.00089865 -0.00022888 -0.00006467 -0.00000031 0.00000128 -0.00000309 0.00087301 0.00503513 0.00282411 0.66731128 77.05958 
0.630 0.01949450 2 1853933.50 14276837.00 -9986977.87 3893882.32 -1085601.35 -5244206.61 -608188359.82 -0.01265970 0.00103769 0.00232873 -0.00282915 0.01939453 0.01542587 0.01362017 0.01222080 0.01096979 0.00986725 0.00891477 0.00811027 0.00743230 0.00680591 0.00608491 0.00511227 0.00388061 0.00250091 -0.00003794 -0.00115534 -0.00026674 -0.00004545 -0.00000042 -0.00000065 -0.00000349 0.00086888 0.00480489 0.00271399 0.66351054 80.91256 
0.660 0.02028585 2 2576184.65 14625955.54 -10187528.73 4071970.35 -1184035.20 -4750177.30 -568757189.78 -0.01312921 -0.00065360 0.00108561 -0.00336958 0.02018468 0.01608121 0.01418077 0.01271299 0.01140483 0.01025492 0.00926427 0.00843038 0.00772974 0.00708110 0.00632655 0.00530380 0.00399449 0.00249146 -0.00024382 -0.00141641 -0.00032410 -0.00003445 0.00000038 -0.00000173 -0.00000383 0.00088436 0.00447538 0.00256774 0.65439839 84.76554 
0.690 0.02111246 2 3395385.38 15009067.34 -10350105.31 4235574.41 -1308613.68 -4190537.39 -525069171.18 -0.01349826 -0.00278296 -0.00034918 -0.00384845 0.02100031 0.01654260 0.01453493 0.01299187 0.01162292 0.01042408 0.00939571 0.00853467 0.00781475 0.00714719 0.00636144 0.00529281 0.00390415 0.00228578 -0.00058335 -0.00170640 -0.00037323 -0.00001621 0.00000077 -0.00000352 -0.00000426 0.00086961 0.00409973 0.00238382 0.64029251 88.61852 
0.720 0.02190733 2 3917028.58 15364136.13 -10449098.39 4278416.96 -1122801.63 -4153624.48 -508771024.87 -0.01384787 -0.00346921 -0.00112767 -0.00396646 0.02177841 0.01680683 0.01469211 0.01307590 0.01165100 0.01040896 0.00934897 0.00846674 0.00773242 0.00704873 0.00623275 0.00512088 0.00365079 0.00193482 -0.00100025 -0.00200500 -0.00042138 0.00000617 0.00000081 -0.00000567 -0.00000462 0.00083153 0.00406059 0.00234524 0.64258496 92.47149 
0.750 0.02241433 2 4618294.03 15611080.88 -10558320.44 4393790.56 -1220391.95 -3607865.03 -465485174.07 -0.01402464 -0.00557866 -0.00247237 -0.00438052 0.02227017 0.01727190 0.01507819 0.01340755 0.01193938 0.01066266 0.00957605 0.00867403 0.00792332 0.00721846 0.00636484 0.00519879 0.00362859 0.00180157 -0.00126359 -0.00227241 -0.00048230 0.00002042 0.00000170 -0.00000699 -0.00000499 0.00082950 0.00364134 0.00214762 0.62354905 96.32447 
0.780 0.02289239 2 5298522.10 15928270.32 -10426079.13 4053843.59 -1281383.02 -2976129.66 -428641523.51 -0.01415212 -0.00753244 -0.00367873 -0.00486369 0.02275560 0.01752632 0.01523254 0.01349286 0.01197136 0.01065244 0.00953366 0.00860805 0.00783873 0.00711218 0.00622395 0.00501127 0.00336113 0.00146572 -0.00161804 -0.00254509 -0.00054224 0.00003673 0.00000223 -0.00000859 -0.00000535 0.00079395 0.00324779 0.00194425 0.60158215 100.17745 
0.810 0.02316636 2 5959449.76 16064419.42 -10700083.96 4351476.49 -1098214.62 -2658147.57 -380574783.99 -0.01428969 -0.00897856 -0.00468771 -0.00500601 0.02298472 0.01776359 0.01542262 0.01365351 0.01210873 0.01077227 0.00964171 0.00870908 0.00793247 0.00719116 0.00627210 0.00501109 0.00327417 0.00130240 -0.00186129 -0.00280653 -0.00061392 0.00004991 0.00000330 -0.00000989 -0.00000577 0.00077965 0.00293851 0.00179168 0.58558998 104.03043 
0.840 0.02331682 2 6514880.52 16219396.47 -10755144.92 4337730.88 -968352.06 -2318749.85 -344137956.90 -0.01439480 -0.01017568 -0.00550272 -0.00524769 0.02311558 0.01816983 0.01577544 0.01397128 0.01239900 0.01104107 0.00989454 0.00895099 0.00816197 0.00739963 0.00644274 0.00512303 0.00328670 0.00122616 -0.00206711 -0.00308005 -0.00069503 0.00006235 0.00000513 -0.00001095 -0.00000614 0.00078147 0.00264288 0.00165405 0.57018800 107.88341 
0.870 0.02418788 5 9240853.30 2043326.38 1705414.82 -43412.86 -333528.16 5869053.12 536576796.22 -0.01372906 -0.02370843 -0.01291997 0.00590998 0.01436899 0.01038045 0.00933432 0.00859955 0.00801352 0.00755198 0.00720783 0.00697058 0.00677891 0.00649751 0.00592584 0.00494195 0.00342657 0.00167577 -0.00139555 -0.00290801 -0.00087258 -0.00002491 0.00002108 0.00000182 -0.00000473 0.00054450 -0.00024085 0.00017635 0.38553224 111.73639 
0.900 0.02666939 5 -3707693.70 -649306.43 4122222.04 -5577192.62 -3259383.09 1655966.39 -258835443.09 -0.02003503 -0.02576667 -0.01128564 0.01029005 0.01817142 0.03030303 0.03053720 0.03065262 0.03072284 0.03072550 0.03065309 0.03049624 0.03018813 0.02957941 0.02846826 0.02671161 0.02417454 0.02120563 0.01407555 0.00412176 -0.00005695 -0.00047602 0.00001125 0.00004377 0.00000501 0.00402911 0.00177825 0.00297396 1.01035065 115.58937 
0.930 0.02687581 5 -4180947.12 -1099098.76 4127644.15 -5540377.80 -3196382.24 1527267.53 -264093499.33 -0.01979564 -0.02595700 -0.01141595 0.00862975 0.01796836 0.03300389 0.03328298 0.03341993 0.03349914 0.03349913 0.03341214 0.03322865 0.03287959 0.03219868 0.03098672 0.02907697 0.02633149 0.02313318 0.01534085 0.00442203 -0.00007055 -0.00050021 0.00001248 0.00004633 0.00000563 0.00438797 0.00134812 0.00296296 1.00708441 119.44235 
0.960 0.02848349 5 -4263087.89 -1451768.61 4355871.02 -5825421.41 -3212922.96 1871154.07 -244205909.41 -0.02005111 -0.02753542 -0.01230367 0.00839185 0.01798303 0.03475143 0.03506399 0.03521970 0.03531105 0.03531740 0.03523102 0.03503992 0.03466985 0.03394072 0.03265717 0.03063104 0.02773782 0.02439181 0.01617177 0.00461659 -0.00006096 -0.00050840 0.00001313 0.00004721 0.00000582 0.00462461 0.00097395 0.00291327 1.01291273 123.29533 
0.990 0.02985223 5 -4405096.52 -1806555.60 4524463.25 -6075142.48 -3200395.15 2152533.46 -227610709.03 -0.02019726 -0.02888725 -0.01312497 0.00796113 0.01793709 0.03668971 0.03702995 0.03719919 0.03729745 0.03730488 0.03721371 0.03700865 0.03660917 0.03581984 0.03444940 0.03228826 0.02923317 0.02572421 0.01704577 0.00481927 -0.00005433 -0.00052137 0.00001409 0.00004852 0.00000601 0.00487951 0.00058456 0.00286614 1.01620904 127.14831 
1.020 0.03113136 5 -4626267.53 -2077017.61 4614111.37 -6258709.88 -3192958.91 2288307.50 -222746628.37 -0.02038615 -0.03013726 -0.01388081 0.00766766 0.01798853 0.03866456 0.03902870 0.03920852 0.03931156 0.03931823 0.03922071 0.03900019 0.03856585 0.03771296 0.03625185 0.03395509 0.03073816 0.02704355 0.01786405 0.00497928 -0.00003743 -0.00051910 0.00001472 0.00004839 0.00000598 0.00513357 0.00027739 0.00285711 1.02648368 131.00128 
1.050 0.03231645 5 5514338.40 -2128630.61 10108391.51 -4481069.64 -7234752.65 9250399.79 352165896.29 -0.01717986 -0.03133650 -0.01086620 0.00582146 0.01167538 0.01825319 0.01774219 0.01741497 0.01713369 0.01688061 0.01664936 0.01641797 0.01608696 0.01544236 0.01429701 0.01241733 0.00976160 0.00681086 0.00089041 -0.00374100 -0.00165763 -0.00010114 0.00005142 0.00001435 -0.00000401 0.00154099 -0.00165595 0.00004234 0.46425759 134.85426 
1.080 0.03347567 5 5375089.88 -2621788.90 10511862.41 -4994813.49 -7176795.86 9656625.73 375849547.70 -0.01684010 -0.03249330 -0.01184209 0.00528691 0.01098742 0.01982700 0.01938864 0.01910939 0.01887049 0.01865534 0.01845477 0.01823962 0.01790134 0.01721741 0.01599716 0.01399938 0.01116931 0.00797968 0.00153200 -0.00368473 -0.00174440 -0.00013952 0.00005739 0.00001888 -0.00000347 0.00175704 -0.00223691 -0.00011523 0.43961465 138.70724 
1.110 0.03465109 5 5100073.79 -3357159.99 11078835.36 -5638044.66 -6864747.70 9881190.78 399815547.81 -0.01648438 -0.03366138 -0.01306202 0.00513026 0.01029126 0.02151243 0.02119022 0.02098860 0.02081681 0.02066023 0.02050750 0.02032410 0.01999067 0.01927770 0.01798855 0.01587738 0.01284712 0.00937299 0.00235810 -0.00351112 -0.00182229 -0.00019079 0.00006384 0.00002451 -0.00000286 0.00201319 -0.00277629 -0.00023200 0.42273012 142.56022 
1.140 0.03558094 5 4886630.92 -3878207.16 11508957.80 -6151868.73 -6722354.88 10130103.89 416727219.60 -0.01609293 -0.03458736 -0.01406927 0.00455746 0.00971677 0.02320694 0.02295463 0.02279668 0.02266383 0.02254244 0.02242086 0.02225368 0.02191242 0.02116178 0.01980154 0.01758744 0.01436461 0.01056517 0.00302182 -0.00338625 -0.00190980 -0.00024441 0.00006997 0.00003023 -0.00000226 0.00224441 -0.00330762 -0.00035825 0.40173970 146.41320 
1.170 0.03625355 5 4633441.30 -4420667.85 11975046.32 -6721757.00 -6509941.96 10310761.79 430866741.22 -0.01562760 -0.03526085 -0.01501471 0.00406768 0.00912432 0.02462637 0.02444492 0.02432992 0.02423813 0.02415569 0.02406892 0.02392189 0.02358047 0.02280742 0.02140473 0.01910660 0.01571246 0.01161928 0.00365533 -0.00319807 -0.00196150 -0.00029305 0.00007541 0.00003546 -0.00000173 0.00245111 -0.00378555 -0.00047249 0.37999650 150.26618 
1.200 0.03550675 5 4314102.93 -4965319.38 12606184.81 -7546325.79 -6234226.63 10453789.92 437919387.57 -0.01484769 -0.03455966 -0.01507770 0.00397131 0.00783049 0.02506765 0.02495136 0.02486998 0.02481461 0.02476934 0.02472182 0.02460401 0.02427841 0.02351144 0.02210954 0.01977445 0.01628507 0.01198219 0.00386195 -0.00308911 -0.00199205 -0.00031924 0.00007917 0.00003844 -0.00000140 0.00253209 -0.00406878 -0.00056224 0.34828951 154.11916 
